,MP,ORtg,%Ps,Pts,OR,DR,A,TO,Blk,Stl,PF,2Pt %,3Pt %,FT %,2Pt %Att,3Pt %Att,FT %Att,Pnts-Prev,Marg
Andrew Platek,7.257142857142857,43.22857142857143,4.285714285714286,1.9428571428571428,0.42857142857142855,0.6285714285714286,0.4857142857142857,0.2571428571428571,0.05714285714285714,0.08571428571428572,0.5714285714285714,0.3619047619047619,0.1457142857142857,0.1,0.01842123211028708,0.03412532314495153,0.012764378478664193,-0.22857142857142856,8.857142857142858
Brandon Huffman,2.742857142857143,6.514285714285714,1.0857142857142856,1.2857142857142858,0.42857142857142855,0.6857142857142857,0.02857142857142857,0.34285714285714286,0.22857142857142856,0.0,0.5142857142857142,0.21428571428571427,0.0,0.09285714285714286,0.021166658063068777,0.0,0.022139323969152087,-0.22857142857142856,8.857142857142858
Brandon Robinson,8.257142857142858,36.02857142857143,5.685714285714286,1.7428571428571429,0.5714285714285714,0.7714285714285715,0.6285714285714286,0.45714285714285713,0.14285714285714285,0.14285714285714285,1.2,0.1904761904761905,0.17142857142857143,0.15238095238095237,0.021340892147238985,0.027186127961479324,0.021715802110317813,-0.34285714285714286,8.857142857142858
Cameron Johnson,20.17142857142857,83.71428571428571,12.771428571428572,8.685714285714285,1.1714285714285715,2.0285714285714285,1.6,0.6285714285714286,0.14285714285714285,0.42857142857142855,1.2285714285714286,0.34217687074829933,0.21129251700680274,0.3980612244897959,0.08197395489528055,0.1488766667034418,0.09838095925402428,-0.11428571428571428,8.857142857142858
Garrison Brooks,14.571428571428571,82.0,12.314285714285715,4.485714285714286,1.7142857142857142,1.8571428571428572,0.4857142857142857,0.9142857142857143,0.3142857142857143,0.2857142857142857,1.8285714285714285,0.45462585034013603,0.0,0.2780952380952381,0.07744961793758519,0.0,0.08306147743345166,-0.6285714285714286,8.857142857142858
Jalek Felton,6.085714285714285,26.457142857142856,5.114285714285714,1.8,0.05714285714285714,0.5142857142857142,1.0,0.6857142857142857,0.05714285714285714,0.22857142857142856,0.3142857142857143,0.2261904761904762,0.08952380952380952,0.05714285714285714,0.017618300216179706,0.04846434535701195,0.00863711001642036,-0.8,8.857142857142858
Joel Berry,32.02857142857143,111.34285714285714,22.97142857142857,16.62857142857143,0.5714285714285714,2.857142857142857,3.1714285714285713,1.7714285714285714,0.34285714285714286,1.0571428571428572,1.542857142857143,0.3942661306947021,0.32340445269016704,0.7388775510204081,0.16743933061752025,0.31677922935463865,0.1774806638446176,-0.7428571428571429,8.857142857142858
Kenny Williams,31.142857142857142,126.34285714285714,14.942857142857143,11.4,1.0571428571428572,2.6285714285714286,2.4857142857142858,1.0857142857142856,0.5142857142857142,1.0571428571428572,1.8571428571428572,0.6053803339517626,0.3683147804576376,0.4166666666666667,0.09397337577812133,0.21385258666573329,0.0892861942292771,0.9714285714285714,8.857142857142858
Luke Maye,32.6,113.34285714285714,23.885714285714286,17.2,3.0285714285714285,7.057142857142857,2.4,1.8857142857142857,1.0857142857142856,1.0,2.4285714285714284,0.49563076647663107,0.37918367346938775,0.5014285714285714,0.2599611100895445,0.14093556408819582,0.1568015447260057,0.4,8.857142857142858
Seventh Woods,3.7714285714285714,15.542857142857143,1.9142857142857144,0.5714285714285714,0.02857142857142857,0.34285714285714286,0.5714285714285714,0.3142857142857143,0.02857142857142857,0.17142857142857143,0.45714285714285713,0.07619047619047618,0.0,0.05,0.01523717674805372,0.003942816442816442,0.006740878169449598,-0.22857142857142856,8.857142857142858
Sterling Manley,9.971428571428572,55.2,12.771428571428572,5.4,1.4,2.085714285714286,0.3142857142857143,0.9142857142857143,0.6571428571428571,0.05714285714285714,1.2285714285714286,0.5083333333333334,0.0,0.5323809523809525,0.08158154500394094,0.0,0.12100960512797429,-0.4,8.857142857142858
Theo Pinson,29.428571428571427,108.14285714285714,19.37142857142857,10.314285714285715,1.457142857142857,4.914285714285715,4.828571428571428,2.4,0.5428571428571428,1.0857142857142856,2.257142857142857,0.45890022675736963,0.17142857142857143,0.649047619047619,0.14383680639317895,0.0658373402817312,0.20198206264064533,-1.542857142857143,8.857142857142858
