,MP,ORtg,%Ps,Pts,OR,DR,A,TO,Blk,Stl,PF,2Pt %,3Pt %,FT %,2Pt %Att,3Pt %Att,FT %Att,Pnts-Prev,Marg,Maj Cont
Austin Nichols,21.235294117647058,98.61764705882354,15.294117647058824,8.558823529411764,1.1470588235294117,2.8823529411764706,0.4411764705882353,0.9411764705882353,1.2058823529411764,0.3235294117647059,1.3235294117647058,0.5584675536881418,0.0,0.31323529411764706,0.14905187513576765,0.0021008403361344537,0.07503756040233717,1.1764705882352942,6.764705882352941,1.0
Chris Crawford,27.941176470588236,99.44117647058823,14.882352941176471,8.382352941176471,0.35294117647058826,3.411764705882353,2.764705882352941,1.5588235294117647,0.29411764705882354,1.4411764705882353,1.8529411764705883,0.25280112044817926,0.3417600373482726,0.25588235294117645,0.043548505654124804,0.3515432103111151,0.035869025572384035,0.35294117647058826,6.764705882352941,1.0
Damien Wilson,2.9411764705882355,8.764705882352942,1.8529411764705883,0.8235294117647058,0.14705882352941177,0.29411764705882354,0.14705882352941177,0.23529411764705882,0.0,0.14705882352941177,0.35294117647058826,0.08739495798319329,0.014705882352941176,0.05637254901960784,0.00965731483634297,0.012831853389128931,0.012721643681396003,-0.17647058823529413,6.764705882352941,0.0
David Pellom,11.205882352941176,70.6470588235294,7.411764705882353,3.5294117647058822,1.0294117647058822,1.3529411764705883,0.5,0.5294117647058824,0.17647058823529413,0.2647058823529412,1.1176470588235294,0.4450280112044818,0.0,0.1568627450980392,0.055824547535140386,0.0,0.037232245513751615,-0.17647058823529413,6.764705882352941,1.0
Dominic Woodson,4.0,9.676470588235293,2.264705882352941,1.4411764705882353,0.47058823529411764,0.6470588235294118,0.23529411764705882,0.3235294117647059,0.14705882352941177,0.17647058823529413,1.0,0.2117647058823529,0.0,0.07352941176470588,0.035876319782843634,0.0,0.016199589883800408,0.0,6.764705882352941,0.0
Geron Johnson,26.147058823529413,90.41176470588235,20.0,8.411764705882353,1.4411764705882353,3.1470588235294117,3.3823529411764706,2.323529411764706,0.4411764705882353,1.2647058823529411,2.5,0.48428507766743073,0.30371148459383757,0.42422969187675064,0.11894453048996431,0.16044888481553615,0.107318331935205,-1.2352941176470589,6.764705882352941,1.0
Joe Jackson,31.176470588235293,106.02941176470588,21.529411764705884,13.411764705882353,0.9705882352941176,2.4411764705882355,4.264705882352941,1.9705882352941178,0.058823529411764705,1.5,1.9411764705882353,0.4581190051778287,0.2284313725490196,0.6467320261437908,0.17480035643792016,0.14029729497649332,0.24451348023606578,-0.8235294117647058,6.764705882352941,1.0
Kuran Iverson,4.970588235294118,20.205882352941178,4.352941176470588,1.3235294117647058,0.29411764705882354,0.5882352941176471,0.4117647058823529,0.5,0.08823529411764706,0.17647058823529413,0.35294117647058826,0.1903361344537815,0.029411764705882353,0.0625,0.023429760849539412,0.016322110937608235,0.019052961105390773,-0.47058823529411764,6.764705882352941,0.0
Michael Dixon,21.558823529411764,112.47058823529412,21.647058823529413,11.117647058823529,0.47058823529411764,1.6176470588235294,2.2941176470588234,1.4705882352941178,0.11764705882352941,1.2058823529411764,2.764705882352941,0.5235527544351074,0.3609943977591037,0.6092436974789917,0.10121596150213323,0.22930740712516026,0.11998923536187084,-0.29411764705882354,6.764705882352941,1.0
Nick King,10.382352941176471,59.588235294117645,11.294117647058824,4.617647058823529,1.3235294117647058,1.7941176470588236,0.2647058823529412,0.5294117647058824,0.2647058823529412,0.4117647058823529,0.9411764705882353,0.3612745098039215,0.0784313725490196,0.27661064425770304,0.06167642938361535,0.026854280461764645,0.0836234894924658,0.29411764705882354,6.764705882352941,1.0
Shaq Goodwin,27.08823529411765,101.97058823529412,19.91176470588235,11.058823529411764,2.4705882352941178,3.735294117647059,1.6470588235294117,2.1470588235294117,1.6764705882352942,1.2647058823529411,2.823529411764706,0.5238211951447247,0.029411764705882353,0.5203696630167219,0.16715086898084341,0.0014705882352941176,0.1896189074035679,1.588235294117647,6.764705882352941,1.0
