,MP,ORtg,%Ps,Pts,OR,DR,A,TO,Blk,Stl,PF,2Pt %,3Pt %,FT %,2Pt %Att,3Pt %Att,FT %Att,Pnts-Prev,Marg,Maj Cont
Anthony Booker,9.457142857142857,48.6,7.142857142857143,2.657142857142857,0.9428571428571428,1.4,0.2,0.4,0.4857142857142857,0.22857142857142856,1.542857142857143,0.2825396825396825,0.09047619047619047,0.18333333333333335,0.045981297664846356,0.031654641569678364,0.03582503041702511,0.6285714285714286,7.942857142857143,1.0
Bubu Palo,5.514285714285714,45.885714285714286,5.314285714285714,1.2571428571428571,0.08571428571428572,0.5142857142857142,0.6,0.37142857142857144,0.0,0.14285714285714285,0.5142857142857142,0.11809523809523809,0.0,0.18775510204081633,0.019002108557307915,0.003076685219542362,0.04528138528138528,-0.45714285714285713,7.942857142857143,0.0
Chris Babb,29.65714285714286,111.25714285714285,11.857142857142858,8.228571428571428,0.5142857142857142,2.4571428571428573,2.0285714285714285,0.8571428571428571,0.2,1.0285714285714285,1.4857142857142858,0.38190476190476186,0.32764172335600905,0.319047619047619,0.05579372709890496,0.17899850653154384,0.06107059339341084,0.7428571428571429,7.942857142857143,1.0
Georges Niang,23.257142857142856,114.25714285714285,22.514285714285716,11.285714285714286,1.2857142857142858,3.0,1.6571428571428573,1.4,0.22857142857142856,0.5714285714285714,2.8285714285714287,0.5563038548752833,0.3638095238095238,0.5189455782312925,0.16650969581867292,0.10223398257242412,0.14161626131900992,-1.2,7.942857142857143,1.0
Korie Lucious,29.257142857142856,98.14285714285714,21.17142857142857,9.371428571428572,0.4857142857142857,1.2571428571428571,5.371428571428571,3.1142857142857143,0.02857142857142857,0.8285714285714286,1.5714285714285714,0.3917687074829932,0.31473922902494333,0.39544217687074834,0.10225339936798068,0.19625892843139034,0.0814445001326912,-4.514285714285714,7.942857142857143,1.0
Melvin Ejim,25.542857142857144,108.97142857142858,20.771428571428572,10.514285714285714,2.914285714285714,5.857142857142857,1.2285714285714286,1.7428571428571429,0.5428571428571428,0.8857142857142857,3.1142857142857143,0.5210312703169847,0.2204761904761905,0.5307142857142857,0.1666723616762765,0.06658424447366314,0.16853628830246667,-0.6285714285714286,7.942857142857143,1.0
Percy Gibson,10.657142857142857,57.91428571428571,10.971428571428572,3.942857142857143,1.0,1.3142857142857143,0.17142857142857143,0.4,0.5714285714285714,0.22857142857142856,1.1142857142857143,0.3603174603174603,0.0,0.18136054421768708,0.0986886674882985,0.001020408163265306,0.061994786578599054,0.8,7.942857142857143,0.0
Tyrus McGee,22.6,130.4,20.82857142857143,12.485714285714286,0.8571428571428571,2.4,1.2571428571428571,0.8571428571428571,0.3142857142857143,1.1142857142857143,1.6857142857142857,0.4974149659863946,0.4385827664399093,0.444047619047619,0.09534860959479992,0.2183959211467085,0.08804883939027044,1.1428571428571428,7.942857142857143,1.0
Will Clyburn,29.62857142857143,102.65714285714286,24.257142857142856,14.17142857142857,1.9428571428571428,4.742857142857143,2.0,2.5142857142857142,0.37142857142857144,0.8857142857142857,1.4,0.48780663780663774,0.25108843537414965,0.6309400123685839,0.192607275590055,0.14463382474892691,0.2590394580422844,-2.5142857142857142,7.942857142857143,1.0
