,MP,ORtg,%Ps,Pts,OR,DR,A,TO,Blk,Stl,PF,2Pt %,3Pt %,FT %,2Pt %Att,3Pt %Att,FT %Att,Pnts-Prev,Marg,Maj Cont
Agunwa Okolie,22.566666666666666,90.53333333333333,9.966666666666667,3.966666666666667,1.0666666666666667,2.3666666666666667,0.8666666666666667,0.9666666666666667,0.43333333333333335,0.6333333333333333,1.2666666666666666,0.5590476190476191,0.03333333333333333,0.21249999999999997,0.07831625377500447,0.02285658442005191,0.0488903999723853,0.2,6.7,0.0
Andre Chatfield,6.4,30.633333333333333,5.3,1.2,0.2,0.6333333333333333,0.3333333333333333,0.3333333333333333,0.03333333333333333,0.4,0.5,0.13888888888888887,0.05555555555555555,0.11666666666666667,0.01333263686204863,0.03773354664659012,0.021095520421607377,0.2,6.7,0.0
Chris Egi,1.5,2.9,1.1666666666666667,0.36666666666666664,0.03333333333333333,0.16666666666666666,0.13333333333333333,0.1,0.06666666666666667,0.03333333333333333,0.1,0.05,0.0,0.075,0.007820512820512819,0.0,0.020568843394930356,0.0,6.7,0.0
Corbin Miller,24.366666666666667,112.7,14.966666666666667,8.0,0.2,1.3333333333333333,0.6333333333333333,0.5333333333333333,0.03333333333333333,0.4666666666666667,0.8666666666666667,0.3722222222222222,0.364403466903467,0.3055555555555555,0.031110568908624712,0.4113880498698442,0.04371735365689047,-0.06666666666666667,6.7,1.0
Evan Cummins,7.933333333333334,49.5,6.6,1.6666666666666667,0.6,0.9666666666666667,0.3,0.4,0.2,0.36666666666666664,0.8333333333333334,0.24706349206349207,0.0,0.20277777777777778,0.027173122133355432,0.0,0.04121712692765323,0.3333333333333333,6.7,0.0
Jonah Travis,13.866666666666667,73.03333333333333,10.366666666666667,4.6,1.2666666666666666,1.4666666666666666,0.43333333333333335,0.5333333333333333,0.3333333333333333,0.4666666666666667,1.7,0.38146825396825385,0.0,0.4903571428571428,0.07081781194499787,0.0019607843137254906,0.1118337223227541,0.5333333333333333,6.7,1.0
Kenyatta Smith,9.133333333333333,49.233333333333334,10.333333333333334,3.1333333333333333,0.4666666666666667,1.4,0.16666666666666666,0.6666666666666666,0.8333333333333334,0.2,1.3666666666666667,0.3521031746031746,0.0,0.16999999999999998,0.061930083175889834,0.0,0.04810745420940323,0.7333333333333333,6.7,1.0
Matt Brown,1.4666666666666666,1.2333333333333334,0.5333333333333333,0.16666666666666666,0.06666666666666667,0.13333333333333333,0.06666666666666667,0.06666666666666667,0.0,0.03333333333333333,0.16666666666666666,0.016666666666666666,0.016666666666666666,0.0,0.0035398860398860397,0.012969187675070026,0.0011494252873563216,-0.06666666666666667,6.7,0.0
Matt Fraschilla,1.4333333333333333,2.6333333333333333,0.3,0.13333333333333333,0.0,0.16666666666666666,0.06666666666666667,0.16666666666666666,0.0,0.0,0.26666666666666666,0.03333333333333333,0.0,0.027777777777777776,0.0032621082621082627,0.0,0.008974358974358975,-0.3333333333333333,6.7,0.0
Siyani Chambers,33.266666666666666,96.5,20.033333333333335,9.433333333333334,0.3,1.8666666666666667,4.2,2.3,0.03333333333333333,1.4666666666666666,1.8,0.38924603174603173,0.3295238095238096,0.6558333333333333,0.12026022826904341,0.28574390234135827,0.1450522825449244,-1.6,6.7,1.0
Steve Moundou-Missi,28.666666666666668,94.16666666666667,19.966666666666665,9.4,1.8333333333333333,5.3,0.9333333333333333,1.5,1.4333333333333333,0.7666666666666667,2.4,0.45562530062530054,0.11666666666666667,0.46904761904761905,0.2120696019881857,0.026468253968253967,0.11507808542054578,1.4,6.7,1.0
Wesley Saunders,33.06666666666667,107.3,28.233333333333334,15.766666666666667,1.6333333333333333,4.3,4.1,2.533333333333333,0.36666666666666664,1.7666666666666666,2.1333333333333333,0.4544269433123922,0.35428571428571426,0.7115710215710215,0.24371162604575422,0.16754635743177274,0.2822966267573109,-0.8,6.7,1.0
Zena Edosomwan,11.4,49.0,13.433333333333334,3.7,1.1333333333333333,1.8666666666666667,0.23333333333333334,0.9333333333333333,0.6333333333333333,0.2,1.7,0.2742328042328043,0.0,0.29277777777777786,0.09332222644125526,0.0,0.07868546677654624,-0.2,6.7,0.0
