,MP,ORtg,%Ps,Pts,OR,DR,A,TO,Blk,Stl,PF,2Pt %,3Pt %,FT %,2Pt %Att,3Pt %Att,FT %Att,Pnts-Prev,Marg
Corey Kispert,18.58823529411765,99.70588235294117,13.794117647058824,6.4411764705882355,1.088235294117647,2.0,0.7647058823529411,0.5882352941176471,0.17647058823529413,0.23529411764705882,1.0,0.4746498599439775,0.30343137254901953,0.23431372549019608,0.05646716151768637,0.12785280506879673,0.043042231638778954,-0.35294117647058826,17.38235294117647
Jack Beach,1.1470588235294117,0.0,0.0,0.058823529411764705,0.029411764705882353,0.08823529411764706,0.058823529411764705,0.0,0.0,0.08823529411764706,0.08823529411764706,0.0,0.0,0.029411764705882353,0.003769635923109015,0.004311088437386015,0.0069758672699849165,0.17647058823529413,17.38235294117647
Jacob Larsen,8.176470588235293,38.470588235294116,5.764705882352941,2.9411764705882355,0.9117647058823529,1.7647058823529411,0.5,0.7352941176470589,0.4411764705882353,0.11764705882352941,1.088235294117647,0.3215686274509804,0.0,0.23137254901960785,0.04320276836746775,0.0,0.06037805500787246,-0.35294117647058826,17.38235294117647
Jeremy Jones,6.676470588235294,38.470588235294116,3.176470588235294,1.7941176470588236,0.3235294117647059,0.9705882352941176,0.23529411764705882,0.2647058823529412,0.14705882352941177,0.29411764705882354,0.8235294117647058,0.2794117647058823,0.058823529411764705,0.1687675070028011,0.021176310031324613,0.007824697089402971,0.047109955384494584,0.35294117647058826,17.38235294117647
Jesse Wade,3.0294117647058822,10.588235294117647,1.1764705882352942,0.7647058823529411,0.058823529411764705,0.14705882352941177,0.11764705882352941,0.08823529411764706,0.0,0.17647058823529413,0.11764705882352941,0.058823529411764705,0.09313725490196079,0.014705882352941176,0.0034107292649680192,0.02594816908025356,0.00507703081232493,0.17647058823529413,17.38235294117647
Johnathan Williams,29.176470588235293,109.58823529411765,23.676470588235293,13.529411764705882,2.323529411764706,5.9411764705882355,1.6176470588235294,2.088235294117647,1.1764705882352942,0.7941176470588235,2.6470588235294117,0.5869343196514931,0.13480392156862747,0.4583375774552244,0.2311446186064191,0.0396388275474059,0.2422937145032737,-0.23529411764705882,17.38235294117647
Josh Perkins,32.61764705882353,125.23529411764706,20.235294117647058,12.382352941176471,0.5294117647058824,2.6176470588235294,5.352941176470588,2.088235294117647,0.08823529411764706,1.1764705882352942,2.411764705882353,0.49803178847296486,0.38485060690943046,0.4511554621848739,0.09741800892418502,0.24292372654744393,0.12208378369202802,-1.6470588235294117,17.38235294117647
Killian Tillie,26.058823529411764,128.26470588235293,21.11764705882353,13.411764705882353,1.7352941176470589,4.264705882352941,1.6764705882352942,1.5588235294117647,1.0588235294117647,0.7647058823529411,2.411764705882353,0.6270562770562771,0.42352941176470593,0.49915966386554633,0.17049374998509817,0.11661137932305,0.10113741159245226,0.5294117647058824,17.38235294117647
Rui Hachimura,20.176470588235293,117.05882352941177,23.558823529411764,11.264705882352942,1.1470588235294117,3.411764705882353,0.6764705882352942,1.2058823529411764,0.38235294117647056,0.5588235294117647,1.8235294117647058,0.6316802478567185,0.06862745098039215,0.6741596638655462,0.18198481069414574,0.029326150679487926,0.18162349406105988,-0.5294117647058824,17.38235294117647
Silas Melson,30.529411764705884,118.94117647058823,14.852941176470589,9.529411764705882,0.38235294117647056,2.6470588235294117,2.3529411764705883,0.9705882352941176,0.14705882352941177,1.088235294117647,2.4705882352941178,0.46610644257703077,0.36544117647058816,0.4338235294117647,0.0906469968773617,0.18199930876737883,0.06591864391909005,0.5294117647058824,17.38235294117647
Zach Norvell,26.11764705882353,120.55882352941177,21.441176470588236,12.176470588235293,0.9411764705882353,2.7058823529411766,2.3529411764705883,1.5294117647058822,0.08823529411764706,1.1470588235294117,2.1176470588235294,0.6542016806722688,0.38011841100076393,0.5676470588235294,0.10028520980823456,0.22356384745939417,0.12435981211864032,-0.5882352941176471,17.38235294117647
