,MP,ORtg,%Ps,Pts,OR,DR,A,TO,Blk,Stl,PF,2Pt %,3Pt %,FT %,2Pt %Att,3Pt %Att,FT %Att,Pnts-Prev,Marg
Amadi Ikpeze,13.757575757575758,79.0909090909091,13.0,4.515151515151516,1.0909090909090908,1.9090909090909092,0.18181818181818182,0.48484848484848486,0.45454545454545453,0.24242424242424243,2.4545454545454546,0.4494949494949495,0.0,0.2828282828282828,0.09862562460820476,0.0,0.05930521169712357,0.42424242424242425,6.696969696969697
Courtney Stockard,27.03030303030303,95.0909090909091,20.0,11.303030303030303,1.1818181818181819,4.424242424242424,2.0606060606060606,2.121212121212121,0.36363636363636365,1.1515151515151516,2.9696969696969697,0.47813398722489625,0.17489177489177488,0.5623977873977872,0.17231490383797354,0.0690903996572813,0.15594067576802767,-1.2121212121212122,6.696969696969697
Idris Taqqee,27.060606060606062,102.72727272727273,12.121212121212121,5.242424242424242,1.7878787878787878,2.909090909090909,1.5151515151515151,0.696969696969697,0.696969696969697,1.0909090909090908,2.606060606060606,0.3804374918011282,0.0808080808080808,0.3212121212121213,0.112256621866315,0.028109797767588488,0.07003241298937962,2.1818181818181817,6.696969696969697
Izaiah Brockington,11.575757575757576,47.484848484848484,8.666666666666666,4.303030303030303,0.21212121212121213,1.0,0.8484848484848485,0.42424242424242425,0.15151515151515152,0.42424242424242425,0.8181818181818182,0.34632034632034625,0.20782828282828283,0.18686868686868688,0.050002393681700126,0.08795015446149208,0.04571758368181398,0.30303030303030304,6.696969696969697
Jaylen Adams,29.363636363636363,93.12121212121212,20.21212121212121,15.636363636363637,0.36363636363636365,2.4545454545454546,4.2727272727272725,2.484848484848485,0.21212121212121213,1.2121212121212122,2.272727272727273,0.3591390091390091,0.3082759832759832,0.6699134199134199,0.12681885126532272,0.25409040777773867,0.2512381644729145,-2.121212121212121,6.696969696969697
Josh Ayeni,10.636363636363637,51.72727272727273,11.575757575757576,3.8484848484848486,0.9090909090909091,1.121212121212121,0.21212121212121213,0.6363636363636364,0.09090909090909091,0.15151515151515152,2.242424242424242,0.2857919857919858,0.015151515151515152,0.1857864357864358,0.08899541051133068,0.005008276747407183,0.03659902345296181,-0.7878787878787878,6.696969696969697
LaDarien Griffin,28.181818181818183,100.93939393939394,15.303030303030303,8.181818181818182,2.3333333333333335,3.787878787878788,1.0909090909090908,1.1515151515151516,1.2121212121212122,0.5757575757575758,2.4545454545454546,0.46052188552188555,0.0,0.4684343434343434,0.16468215527316246,0.007886557886557887,0.1373284793541294,1.2727272727272727,6.696969696969697
Matt Mobley,36.45454545454545,106.96969696969697,21.666666666666668,17.939393939393938,0.5151515151515151,4.303030303030303,2.393939393939394,2.212121212121212,0.12121212121212122,1.121212121212121,2.4242424242424243,0.4797334820062094,0.3566665237119783,0.6517917267917268,0.12309159502657624,0.4230487158789634,0.18425363157921484,-1.9393939393939394,6.696969696969697
Nelson Kaputo,9.787878787878787,50.333333333333336,7.878787878787879,3.090909090909091,0.09090909090909091,0.5151515151515151,1.0303030303030303,0.45454545454545453,0.0,0.5151515151515151,0.7878787878787878,0.297979797979798,0.116017316017316,0.19696969696969696,0.01974738660348546,0.07963022946588581,0.021602656215256224,0.12121212121212122,6.696969696969697
Tshiefu Ngalakulondi,2.1515151515151514,9.333333333333334,1.4848484848484849,1.2121212121212122,0.18181818181818182,0.42424242424242425,0.18181818181818182,0.15151515151515152,0.18181818181818182,0.18181818181818182,0.2727272727272727,0.1404040404040404,0.03535353535353535,0.030303030303030304,0.013162027022898714,0.014882430054054768,0.00767913048614803,0.42424242424242425,6.696969696969697
