,MP,ORtg,%Ps,Pts,OR,DR,A,TO,Blk,Stl,PF,2Pt %,3Pt %,FT %,2Pt %Att,3Pt %Att,FT %Att,Pnts-Prev,Marg,Maj Cont
Buddy Hield,31.09090909090909,110.87878787878788,22.545454545454547,16.242424242424242,1.6666666666666667,2.6363636363636362,1.8484848484848484,1.7878787878787878,0.15151515151515152,1.393939393939394,2.1515151515151514,0.5094713367440641,0.3697325401870856,0.5331890331890332,0.15590066327751215,0.3032743844204662,0.10284886108829225,-0.48484848484848486,6.090909090909091,1.0
Cameron Clark,26.545454545454547,106.78787878787878,23.818181818181817,14.878787878787879,1.303030303030303,4.0606060606060606,1.0909090909090908,1.303030303030303,0.3939393939393939,1.0,2.5454545454545454,0.45268875665723396,0.31406926406926405,0.6602693602693602,0.24503923373566555,0.10450739096781891,0.14308179981667005,0.18181818181818182,6.090909090909091,1.0
CJ Cole,0.8181818181818182,0.0,0.0,0.12121212121212122,0.030303030303030304,0.30303030303030304,0.0,0.030303030303030304,0.0,0.030303030303030304,0.12121212121212122,0.015151515151515152,0.0,0.030303030303030304,0.003081003081003081,0.0010449320794148377,0.00700553926360378,0.0,6.090909090909091,0.0
D.J. Bennett,8.666666666666666,46.121212121212125,6.424242424242424,2.606060606060606,0.6666666666666666,1.2727272727272727,0.06060606060606061,0.5151515151515151,0.7575757575757576,0.18181818181818182,1.5757575757575757,0.45916305916305916,0.0,0.29545454545454547,0.043410265476416576,0.0,0.042480501665608524,0.8484848484848485,6.090909090909091,0.0
Frank Booker,13.303030303030303,83.36363636363636,12.606060606060606,4.878787878787879,0.3939393939393939,1.0606060606060606,0.5151515151515151,0.5454545454545454,0.15151515151515152,0.3939393939393939,1.4848484848484849,0.13333333333333333,0.31269841269841264,0.29292929292929293,0.014531081743929598,0.15168321008557098,0.0397978383272501,0.0,6.090909090909091,1.0
Isaiah Cousins,28.272727272727273,106.15151515151516,18.0,10.515151515151516,1.393939393939394,2.606060606060606,2.0606060606060606,1.5757575757575757,0.3333333333333333,1.121212121212121,2.757575757575758,0.4604016354016354,0.3,0.6426385062748698,0.14401342861916172,0.11727496335226596,0.124711763188569,-0.24242424242424243,6.090909090909091,1.0
Je'lon Hornbeak,15.545454545454545,78.54545454545455,14.818181818181818,4.515151515151516,0.21212121212121213,1.303030303030303,2.1515151515151514,1.1515151515151516,0.06060606060606061,0.6666666666666666,1.5151515151515151,0.39040404040404036,0.1484848484848485,0.41565656565656567,0.04819530008243706,0.07600495263900123,0.07995987251205469,-0.8484848484848485,6.090909090909091,0.0
Jordan Woodard,27.060606060606062,103.39393939393939,20.939393939393938,9.93939393939394,0.3333333333333333,1.696969696969697,4.515151515151516,2.0606060606060606,0.12121212121212122,1.0303030303030303,1.9393939393939394,0.3413914368459823,0.31565656565656564,0.7036181831636378,0.12099416016148316,0.09699710012740523,0.20943729807298084,-1.8181818181818181,6.090909090909091,1.0
Ryan Spangler,28.181818181818183,123.51515151515152,14.969696969696969,9.484848484848484,3.1515151515151514,5.9393939393939394,1.2727272727272727,1.0909090909090908,0.9090909090909091,0.5454545454545454,2.727272727272727,0.6037474310201584,0.07575757575757576,0.5314552450916086,0.14015538242152484,0.016692256710082023,0.15216045237639406,0.7272727272727273,6.090909090909091,1.0
Tyler Neal,14.606060606060606,89.6969696969697,15.969696969696969,6.0606060606060606,0.9393939393939394,2.212121212121212,0.5454545454545454,0.7878787878787878,0.30303030303030304,0.24242424242424243,1.4848484848484849,0.42886002886002883,0.3205627705627706,0.358356290174472,0.054376451097836065,0.1022177793149442,0.06821304338554642,-0.48484848484848486,6.090909090909091,1.0
