,MP,ORtg,%Ps,Pts,OR,DR,A,TO,Blk,Stl,PF,2Pt %,3Pt %,FT %,2Pt %Att,3Pt %Att,FT %Att,Pnts-Prev,Marg,Maj Cont
Aaron Epps,2.606060606060606,1.9696969696969697,0.42424242424242425,0.5454545454545454,0.2727272727272727,0.3333333333333333,0.12121212121212122,0.18181818181818182,0.15151515151515152,0.12121212121212122,0.2727272727272727,0.0808080808080808,0.045454545454545456,0.0,0.01035152523697988,0.012178007601348562,0.0,0.18181818181818182,5.787878787878788,0.0
Brian Bridgewater,5.818181818181818,20.303030303030305,2.909090909090909,1.9090909090909092,0.3939393939393939,0.5454545454545454,0.18181818181818182,0.3333333333333333,0.09090909090909091,0.21212121212121213,1.0909090909090908,0.23055555555555557,0.0,0.09595959595959595,0.037637554673571424,0.0,0.018992221061186577,-0.06060606060606061,5.787878787878788,0.0
Darcy Malone,6.484848484848484,27.12121212121212,2.0,0.6666666666666666,0.3939393939393939,0.6666666666666666,0.3333333333333333,0.3333333333333333,0.36363636363636365,0.12121212121212122,1.3333333333333333,0.22727272727272727,0.0,0.09090909090909091,0.012121580482405109,0.007643109944900227,0.020195303506100264,0.30303030303030304,5.787878787878788,0.0
Elbert Robinson,2.0606060606060606,4.606060606060606,0.7272727272727273,0.18181818181818182,0.18181818181818182,0.3333333333333333,0.15151515151515152,0.2727272727272727,0.09090909090909091,0.15151515151515152,0.3939393939393939,0.07575757575757576,0.0,0.0,0.0051614066412491505,0.0,0.002089864158829676,-0.06060606060606061,5.787878787878788,0.0
Jalyn Patterson,22.181818181818183,93.78787878787878,11.363636363636363,6.121212121212121,0.3939393939393939,1.878787878787879,2.0303030303030303,0.7575757575757576,0.12121212121212122,1.121212121212121,0.7878787878787878,0.356060606060606,0.24683742183742188,0.16883116883116883,0.04761604120888261,0.19362564165108714,0.02459903316986737,0.9696969696969697,5.787878787878788,1.0
Jarell Martin,33.90909090909091,102.0909090909091,23.727272727272727,16.424242424242426,2.909090909090909,6.0,1.6666666666666667,2.757575757575758,0.696969696969697,1.121212121212121,2.727272727272727,0.533692152074505,0.21645021645021645,0.6493413572959027,0.2394570756020856,0.09438851384400389,0.30650864253431387,-1.878787878787879,5.787878787878788,1.0
John Odo,3.4545454545454546,17.939393939393938,1.0909090909090908,0.6060606060606061,0.24242424242424243,0.30303030303030304,0.06060606060606061,0.12121212121212122,0.18181818181818182,0.0,0.42424242424242425,0.09848484848484848,0.0,0.06060606060606061,0.008838589830106266,0.0,0.011906948270584633,0.12121212121212122,5.787878787878788,0.0
Jordan Mickey,31.606060606060606,87.3030303030303,22.484848484848484,14.121212121212121,2.909090909090909,6.0,1.1515151515151516,2.9696969696969697,3.212121212121212,0.8484848484848485,2.393939393939394,0.4661436797644412,0.030303030303030304,0.5447626447626447,0.25485809853745905,0.018384463892630862,0.2166594293232171,2.1818181818181817,5.787878787878788,1.0
Josh Gray,22.939393939393938,68.96969696969697,17.515151515151516,6.575757575757576,0.3939393939393939,1.5757575757575757,3.5757575757575757,2.4242424242424243,0.030303030303030304,0.9090909090909091,1.8484848484848484,0.3608553063098518,0.17373737373737377,0.2685032139577594,0.11041024762375087,0.09162649223302297,0.08891943897352678,-2.9696969696969697,5.787878787878788,1.0
Keith Hornsby,34.42424242424242,105.24242424242425,17.21212121212121,13.151515151515152,0.6060606060606061,3.4545454545454546,2.090909090909091,1.4242424242424243,0.48484848484848486,1.121212121212121,1.5757575757575757,0.42922733831824744,0.35667388167388175,0.49141414141414147,0.12962808219612798,0.33082522482306476,0.11376421635520556,0.36363636363636365,5.787878787878788,1.0
Tim Quarterman,32.303030303030305,100.42424242424242,19.21212121212121,10.969696969696969,1.303030303030303,3.6666666666666665,3.8181818181818183,2.3636363636363638,0.5757575757575758,1.3636363636363635,2.4545454545454546,0.45703463203463207,0.2690476190476191,0.5750129500129499,0.1136167676643518,0.22102551570691129,0.16606187234413786,-0.8484848484848485,5.787878787878788,1.0
