,MP,ORtg,%Ps,Pts,OR,DR,A,TO,Blk,Stl,PF,2Pt %,3Pt %,FT %,2Pt %Att,3Pt %Att,FT %Att,Pnts-Prev,Marg,Maj Cont
Alan Flannigan,1.7878787878787878,4.848484848484849,0.42424242424242425,0.36363636363636365,0.030303030303030304,0.30303030303030304,0.09090909090909091,0.09090909090909091,0.030303030303030304,0.0,0.2727272727272727,0.05555555555555555,0.030303030303030304,0.045454545454545456,0.006810210239237352,0.009647803427384225,0.01129305477131564,-0.12121212121212122,1.7575757575757576,0.0
Ben Freeland,1.9696969696969697,0.0,0.0,0.48484848484848486,0.15151515151515152,0.21212121212121213,0.06060606060606061,0.12121212121212122,0.0,0.030303030303030304,0.48484848484848486,0.16666666666666666,0.0,0.0202020202020202,0.014767662352332586,0.0,0.012869002342686552,-0.18181818181818182,1.7575757575757576,0.0
Bryce Scott,28.181818181818183,106.93939393939394,15.515151515151516,8.242424242424242,0.6363636363636364,2.6363636363636362,2.3333333333333335,1.0606060606060606,0.0,0.9696969696969697,1.6666666666666667,0.4272727272727272,0.3599927849927851,0.42171717171717166,0.07529747585408844,0.19445496635579582,0.09563674650631172,-0.18181818181818182,1.7575757575757576,1.0
Dan Trist,26.181818181818183,109.93939393939394,31.09090909090909,16.727272727272727,2.1515151515151514,4.303030303030303,1.2727272727272727,2.242424242424242,0.696969696969697,0.36363636363636365,2.0606060606060606,0.5587635552207745,0.0,0.6880591630591633,0.3313685259983691,0.0,0.291359856309929,-2.3636363636363638,1.7575757575757576,1.0
Eric Stafford,1.8181818181818181,2.0,0.6363636363636364,0.30303030303030304,0.15151515151515152,0.09090909090909091,0.12121212121212122,0.24242424242424243,0.09090909090909091,0.06060606060606061,0.24242424242424243,0.06060606060606061,0.03787878787878788,0.0,0.004215301488028761,0.007591790925124259,0.0,-0.18181818181818182,1.7575757575757576,0.0
Joey Ptasinski,28.363636363636363,120.27272727272727,12.696969696969697,9.090909090909092,0.2727272727272727,2.3333333333333335,1.6363636363636365,0.7878787878787878,0.12121212121212122,1.1818181818181819,1.696969696969697,0.451010101010101,0.4255531505531505,0.30303030303030304,0.04964120890328337,0.25348143430382214,0.04029225056893041,1.0303030303030303,1.7575757575757576,0.0
Matt Klinewski,8.787878787878787,42.93939393939394,9.575757575757576,3.090909090909091,0.7878787878787878,0.9090909090909091,0.15151515151515152,0.5151515151515151,0.3333333333333333,0.24242424242424243,1.4242424242424243,0.4045454545454546,0.0,0.2626262626262626,0.07285346289630931,0.0012121212121212121,0.05926708137650513,0.12121212121212122,1.7575757575757576,0.0
Michael Hoffman,8.090909090909092,51.878787878787875,4.575757575757576,1.4242424242424243,0.30303030303030304,1.0303030303030303,0.24242424242424243,0.21212121212121213,0.21212121212121213,0.09090909090909091,0.8181818181818182,0.22727272727272727,0.10606060606060606,0.09090909090909091,0.02124496291962859,0.02978462435189145,0.01259175607001694,0.18181818181818182,1.7575757575757576,1.0
Monty Boykins,11.484848484848484,62.484848484848484,16.393939393939394,4.2727272727272725,0.21212121212121213,1.1515151515151516,0.7575757575757576,1.0303030303030303,0.06060606060606061,0.30303030303030304,0.9090909090909091,0.2742424242424243,0.33333333333333337,0.2056998556998557,0.05461906800262864,0.09466419383804238,0.0618162996423866,-1.3333333333333333,1.7575757575757576,1.0
Nathaniel Musters,3.1515151515151514,7.818181818181818,0.24242424242424243,0.15151515151515152,0.15151515151515152,0.3333333333333333,0.030303030303030304,0.09090909090909091,0.09090909090909091,0.09090909090909091,0.45454545454545453,0.06060606060606061,0.0,0.015151515151515152,0.003045814409450773,0.0,0.007272727272727274,0.18181818181818182,1.7575757575757576,0.0
Nick Lindner,29.09090909090909,111.93939393939394,20.181818181818183,11.636363636363637,0.3939393939393939,1.5454545454545454,4.878787878787879,1.696969696969697,0.06060606060606061,0.6060606060606061,1.7575757575757576,0.4746632996632997,0.27059884559884556,0.6118763391490664,0.1612541716050003,0.11316741254773012,0.2099003935450784,-2.0606060606060606,1.7575757575757576,1.0
Seth Hinrichs,30.060606060606062,112.57575757575758,22.393939393939394,12.727272727272727,1.6363636363636365,4.0,2.4242424242424243,2.0,0.6666666666666666,0.8484848484848485,1.7878787878787878,0.5050461323188596,0.3926046176046176,0.4771645021645022,0.15237194484233302,0.19322946463404064,0.14060816580579424,-0.9696969696969697,1.7575757575757576,1.0
Zach Rufer,14.212121212121213,119.12121212121212,8.454545454545455,3.0303030303030303,0.42424242424242425,1.3636363636363635,1.0303030303030303,0.2727272727272727,0.12121212121212122,0.6060606060606061,1.606060606060606,0.35858585858585856,0.3474747474747475,0.1313131313131313,0.02220716018627948,0.07246315810101747,0.026789635485287656,0.9090909090909091,1.7575757575757576,0.0
