,MP,ORtg,%Ps,Pts,OR,DR,A,TO,Blk,Stl,PF,2Pt %,3Pt %,FT %,2Pt %Att,3Pt %Att,FT %Att,Pnts-Prev,Marg
Brady Manek,23.870967741935484,113.93548387096774,16.677419354838708,10.35483870967742,1.1612903225806452,3.935483870967742,0.4838709677419355,0.7419354838709677,0.6774193548387096,0.3548387096774194,0.967741935483871,0.5837173579109064,0.3218923549568712,0.17956989247311828,0.08977884426212987,0.18071970089957684,0.044770003008260666,0.5806451612903226,3.5161290322580645
Christian James,29.193548387096776,109.93548387096774,16.64516129032258,11.709677419354838,1.064516129032258,3.129032258064516,1.4838709677419355,1.4516129032258065,0.03225806451612903,1.096774193548387,2.5806451612903225,0.5353046594982078,0.35284178187404003,0.5725806451612904,0.10688480704824999,0.19242500886282235,0.08925417185326324,-0.6451612903225806,3.5161290322580645
Hannes Polla,1.5806451612903225,0.0,0.0,0.5483870967741935,0.2903225806451613,0.25806451612903225,0.03225806451612903,0.16129032258064516,0.03225806451612903,0.0,0.2903225806451613,0.1268817204301075,0.0,0.016129032258064516,0.01460820235442155,0.0,0.0037950664136622387,-0.25806451612903225,3.5161290322580645
Jamuni McNeace,17.516129032258064,90.74193548387096,15.419354838709678,6.548387096774194,1.2903225806451613,3.967741935483871,0.3548387096774194,1.5161290322580645,1.4193548387096775,0.5806451612903226,2.4193548387096775,0.531640134059489,0.0,0.32419354838709674,0.11456323651957322,0.0,0.06635042147742011,0.967741935483871,3.5161290322580645
Jordan Shepherd,11.03225806451613,60.83870967741935,6.774193548387097,2.193548387096774,0.03225806451612903,0.6451612903225806,1.1935483870967742,0.7741935483870968,0.12903225806451613,0.41935483870967744,1.1290322580645162,0.23118279569892472,0.1075268817204301,0.267741935483871,0.0302801590737029,0.020573758693517755,0.044877457211423055,-0.45161290322580644,3.5161290322580645
Kameron McGusty,18.35483870967742,89.58064516129032,17.129032258064516,7.967741935483871,0.3870967741935484,1.5806451612903225,0.2903225806451613,0.8064516129032258,0.03225806451612903,0.3548387096774194,1.064516129032258,0.39346459991621285,0.28778801843317975,0.5408602150537634,0.09078954994065357,0.12152693723639411,0.08128865412934518,-0.8387096774193549,3.5161290322580645
Khadeem Lattin,20.322580645161292,114.80645161290323,13.67741935483871,6.774193548387097,1.903225806451613,4.064516129032258,0.5161290322580645,0.7096774193548387,1.903225806451613,1.1612903225806452,2.7096774193548385,0.5127333240236467,0.0,0.47311827956989244,0.11609664490493178,0.0011123470522803112,0.090429379166624,4.709677419354839,3.5161290322580645
Kristian Doolittle,11.193548387096774,43.903225806451616,5.548387096774194,1.8064516129032258,0.6129032258064516,2.032258064516129,0.45161290322580644,0.45161290322580644,0.0967741935483871,0.25806451612903225,0.9354838709677419,0.15844854070660522,0.06451612903225806,0.08602150537634408,0.04419842826064275,0.004405827765115862,0.04394817074133963,-0.1935483870967742,3.5161290322580645
Matt Freeman,7.903225806451613,44.41935483870968,4.451612903225806,2.129032258064516,0.16129032258064516,0.9354838709677419,0.3548387096774194,0.25806451612903225,0.06451612903225806,0.12903225806451613,0.967741935483871,0.12135176651305683,0.15898617511520738,0.0967741935483871,0.016002258163180672,0.04934859980157309,0.012705510807977601,-0.12903225806451613,3.5161290322580645
Rashard Odomes,20.06451612903226,101.87096774193549,16.161290322580644,7.032258064516129,1.5483870967741935,1.7419354838709677,1.032258064516129,0.8387096774193549,0.06451612903225806,0.3225806451612903,1.7096774193548387,0.5672840600259954,0.16666666666666666,0.34711981566820277,0.12828832389853315,0.020420407686095723,0.12177408260002183,-0.9032258064516129,3.5161290322580645
Trae Young,35.29032258064516,112.74193548387096,38.903225806451616,27.35483870967742,0.41935483870967744,3.4516129032258065,8.741935483870968,5.193548387096774,0.25806451612903225,1.7096774193548387,1.7419354838709677,0.508443249826951,0.354487269003398,0.8536679317664037,0.23965168488690555,0.39906788155376327,0.39787453127101435,-6.451612903225806,3.5161290322580645
Ty Lazenby,4.225806451612903,9.161290322580646,1.5806451612903225,0.4838709677419355,0.12903225806451613,0.3870967741935484,0.12903225806451613,0.25806451612903225,0.0,0.16129032258064516,0.6129032258064516,0.0967741935483871,0.026881720430107524,0.016129032258064516,0.008857860687075165,0.010399530448860621,0.0029325513196480943,-0.1935483870967742,3.5161290322580645
