,MP,ORtg,%Ps,Pts,OR,DR,A,TO,Blk,Stl,PF,2Pt %,3Pt %,FT %,2Pt %Att,3Pt %Att,FT %Att,Pnts-Prev,Marg
Admon Gilder,26.625,95.25,15.4375,10.3125,0.53125,3.03125,2.15625,1.4375,0.125,1.125,1.78125,0.4068452380952381,0.32730654761904765,0.5361607142857143,0.10508807584127909,0.16806314364637323,0.12684184416974728,-0.375,5.1875
Chris Collins,3.6875,15.75,1.03125,0.8125,0.09375,0.40625,0.0625,0.09375,0.03125,0.15625,0.40625,0.06770833333333333,0.08854166666666667,0.0234375,0.0071097679172740106,0.02852793348460666,0.0037878787878787884,0.1875,5.1875
DJ Hogg,28.0625,100.09375,16.21875,10.25,1.0,3.6875,2.34375,1.46875,0.78125,0.75,1.90625,0.3837549603174602,0.34129464285714284,0.4591145833333333,0.08592368744190162,0.2386454539976632,0.10588088069180014,0.125,5.1875
Duane Wilson,16.5,63.46875,15.78125,6.15625,0.0625,1.34375,2.78125,1.625,0.1875,0.78125,1.21875,0.2813570977633478,0.21056547619047616,0.34114583333333337,0.07967865449224294,0.10534605491594151,0.08683112432197448,-1.3125,5.1875
Isiah Jasey,1.5,2.1875,0.40625,0.1875,0.0625,0.15625,0.0,0.09375,0.125,0.03125,0.125,0.0625,0.0,0.0,0.0040127544239386345,0.0,0.0,0.125,5.1875
Jay Jay Chandler,10.59375,53.0625,10.6875,3.4375,0.46875,0.53125,0.6875,0.71875,0.03125,0.21875,1.21875,0.3017113095238095,0.07552083333333334,0.3556547619047619,0.050394921889163787,0.058122567208034624,0.046186620405539204,-0.9375,5.1875
JJ Caldwell,8.0,33.90625,4.96875,1.46875,0.25,0.71875,1.28125,0.65625,0.0625,0.375,0.625,0.1357638888888889,0.046875,0.19270833333333331,0.02680178512510907,0.010279409461152881,0.031305583003952565,-0.4375,5.1875
Robert Williams,21.71875,92.78125,16.71875,8.6875,2.0625,5.5625,1.1875,1.4375,2.15625,0.6875,1.84375,0.5542649191086692,0.0,0.30691964285714285,0.14627815804502767,0.01901247817967767,0.1271744132499497,2.8125,5.1875
Savion Flagg,13.4375,68.59375,10.0,3.625,1.15625,1.90625,0.625,0.65625,0.0625,0.25,1.0625,0.3610863095238095,0.15572916666666667,0.1362847222222222,0.04750038120592207,0.06669218692655142,0.04395354701910409,-0.6875,5.1875
TJ Starks,18.40625,70.03125,22.09375,8.65625,0.25,1.59375,1.8125,2.15625,0.0625,0.375,1.59375,0.3440820464257964,0.25952380952380955,0.3005208333333333,0.13288098965991404,0.13655606802337522,0.09794536055159649,-3.4375,5.1875
Tonny Trocha-Morelos,22.34375,100.4375,17.46875,6.90625,1.59375,2.96875,1.15625,1.03125,0.96875,0.46875,2.28125,0.4217137896825397,0.2645833333333333,0.41510416666666666,0.08940092082102166,0.12707577417758803,0.10121632763820056,0.8125,5.1875
Tyler Davis,28.84375,114.5625,23.5,14.5,3.46875,5.3125,1.34375,2.0,1.3125,0.34375,2.625,0.6091653138528139,0.16666666666666669,0.6209477256811816,0.22492990313720532,0.04167892997903556,0.2288764201602566,-0.6875,5.1875
