,MP,ORtg,%Ps,Pts,OR,DR,A,TO,Blk,Stl,PF,2Pt %,3Pt %,FT %,2Pt %Att,3Pt %Att,FT %Att,Pnts-Prev,Marg,Maj Cont
Admon Gilder,18.054054054054053,103.97297297297297,15.27027027027027,6.27027027027027,0.40540540540540543,1.6756756756756757,1.2972972972972974,0.6486486486486487,0.13513513513513514,0.8378378378378378,1.4054054054054055,0.45900900900900904,0.303989703989704,0.39414414414414417,0.07040273450995294,0.11236035590019977,0.06911439378695591,0.6486486486486487,9.54054054054054,1.0
Alex Caruso,26.135135135135137,105.54054054054055,16.27027027027027,7.162162162162162,0.9459459459459459,2.2162162162162162,4.675675675675675,2.027027027027027,0.35135135135135137,1.864864864864865,2.27027027027027,0.4874839124839125,0.2545045045045045,0.49369369369369365,0.09216866801754305,0.08389085220287265,0.07814885287594753,0.3783783783783784,9.54054054054054,1.0
Anthony Collins,23.62162162162162,101.86486486486487,10.91891891891892,4.1891891891891895,0.1891891891891892,1.162162162162162,3.945945945945946,1.2972972972972974,0.10810810810810811,0.8918918918918919,1.7567567567567568,0.24369369369369367,0.27477477477477474,0.36486486486486486,0.05291209246955745,0.06889393266765728,0.04321008780632454,-0.5945945945945946,9.54054054054054,1.0
Danuel House,27.324324324324323,95.83783783783784,22.405405405405407,13.756756756756756,0.972972972972973,3.2972972972972974,1.972972972972973,1.5135135135135136,0.2972972972972973,0.4864864864864865,1.1891891891891893,0.43936663936663944,0.2679421929421929,0.5583840333840333,0.1403824490584137,0.2849879013578705,0.18122559808939417,-1.4594594594594594,9.54054054054054,1.0
DJ Hogg,16.783783783783782,93.10810810810811,14.486486486486486,5.783783783783784,0.6216216216216216,1.864864864864865,0.8648648648648649,0.5675675675675675,0.10810810810810811,0.5135135135135135,1.1081081081081081,0.3774774774774775,0.31166881166881166,0.1981981981981982,0.04977362317253122,0.1534836639059953,0.0360100558777414,0.10810810810810811,9.54054054054054,1.0
Elijah Thomas,2.054054054054054,10.621621621621621,2.4594594594594597,0.8108108108108109,0.13513513513513514,0.40540540540540543,0.16216216216216217,0.24324324324324326,0.21621621621621623,0.0,0.6216216216216216,0.08783783783783784,0.0,0.018918918918918916,0.014972689391294041,0.0,0.023078839207871467,-0.05405405405405406,9.54054054054054,0.0
Jalen Jones,22.16216216216216,82.54054054054055,22.72972972972973,12.594594594594595,1.5675675675675675,4.27027027027027,0.5135135135135135,1.162162162162162,0.24324324324324326,0.5405405405405406,2.27027027027027,0.37396293646293655,0.23603603603603607,0.5344536094536094,0.20896812689576602,0.11356500541686974,0.19012188327660978,-0.7567567567567568,9.54054054054054,1.0
Kobie Eubanks,0.8108108108108109,0.7027027027027027,0.3783783783783784,0.24324324324324326,0.05405405405405406,0.21621621621621623,0.05405405405405406,0.02702702702702703,0.0,0.08108108108108109,0.05405405405405406,0.0,0.04054054054054054,0.0,0.0006006006006006007,0.008186758186758186,0.0,0.10810810810810811,9.54054054054054,0.0
Tavario Miller,9.945945945945946,49.270270270270274,8.486486486486486,1.8918918918918919,1.1081081081081081,2.27027027027027,0.32432432432432434,0.7837837837837838,0.32432432432432434,0.24324324324324326,1.6216216216216217,0.3153153153153153,0.0,0.20045045045045046,0.038261256098120255,0.0,0.0582856336834441,-0.43243243243243246,9.54054054054054,0.0
Tonny Trocha-Morelos,15.837837837837839,99.08108108108108,18.16216216216216,6.54054054054054,1.5405405405405406,2.3783783783783785,0.8918918918918919,0.7297297297297297,0.6216216216216216,0.32432432432432434,1.6756756756756757,0.45180180180180185,0.27927927927927926,0.22972972972972974,0.09628526402355622,0.0935504492806956,0.05077845893667898,0.43243243243243246,9.54054054054054,1.0
Tyler Davis,20.675675675675677,102.1891891891892,19.783783783783782,9.891891891891891,2.6486486486486487,2.7837837837837838,0.6486486486486487,1.4864864864864864,1.027027027027027,0.5405405405405406,2.4054054054054053,0.568103818103818,0.0,0.5222222222222224,0.15419141468158332,0.0,0.188945115377951,0.16216216216216217,9.54054054054054,1.0
