,MP,ORtg,%Ps,Pts,OR,DR,A,TO,Blk,Stl,PF,2Pt %,3Pt %,FT %,2Pt %Att,3Pt %Att,FT %Att,Pnts-Prev,Marg,Maj Cont
CJ Williams,8.235294117647058,38.14705882352941,8.058823529411764,2.1176470588235294,0.5882352941176471,1.6176470588235294,0.8823529411764706,0.7941176470588235,0.0,0.23529411764705882,1.2352941176470589,0.2852941176470588,0.0,0.22254901960784312,0.043474422874768236,0.0014705882352941176,0.05127860173275398,-1.1176470588235294,16.529411764705884,0.0
Clide Geffrard,22.558823529411764,110.79411764705883,22.764705882352942,12.588235294117647,1.8823529411764706,3.6470588235294117,1.3529411764705883,1.6176470588235294,0.5294117647058824,0.7941176470588235,2.1176470588235294,0.6015756302521008,0.31799719887955175,0.6485389610389611,0.1319916833276383,0.16122436781233399,0.16899270284948031,-0.5882352941176471,16.529411764705884,1.0
Dallas Cameron,16.794117647058822,87.88235294117646,10.382352941176471,3.411764705882353,0.35294117647058826,0.5588235294117647,1.6176470588235294,0.5,0.14705882352941177,0.3235294117647059,1.3529411764705883,0.3088235294117647,0.17107843137254902,0.23914565826330533,0.042053190867485664,0.06912220261062219,0.054205734161447264,-0.058823529411764705,16.529411764705884,0.0
Demetrious Floyd,22.88235294117647,110.82352941176471,19.705882352941178,13.029411764705882,0.2647058823529412,1.1764705882352942,1.3823529411764706,0.8529411764705882,0.08823529411764706,1.0588235294117647,1.2352941176470589,0.4543067226890757,0.3834564128681776,0.24411764705882355,0.0981497740337489,0.29579017309681127,0.038475032592679655,0.5882352941176471,16.529411764705884,1.0
JaQuan Smith,1.3235294117647058,2.764705882352941,0.47058823529411764,0.5588235294117647,0.17647058823529413,0.29411764705882354,0.029411764705882353,0.08823529411764706,0.08823529411764706,0.058823529411764705,0.20588235294117646,0.125,0.0,0.058823529411764705,0.014054258071323832,0.0,0.010109279897342182,0.11764705882352941,16.529411764705884,0.0
Jared Johnson,10.764705882352942,56.911764705882355,12.882352941176471,5.823529411764706,0.23529411764705882,0.6470588235294118,1.1176470588235294,0.8235294117647058,0.029411764705882353,0.35294117647058826,1.5,0.3259803921568627,0.32013305322128854,0.18529411764705883,0.03946157613125038,0.16382391159762066,0.031971421888225694,-0.8823529411764706,16.529411764705884,1.0
Jovan Grujic,4.352941176470588,9.823529411764707,1.8529411764705883,0.9411764705882353,0.35294117647058826,0.5588235294117647,0.17647058823529413,0.2647058823529412,0.14705882352941177,0.058823529411764705,0.5882352941176471,0.19362745098039214,0.0,0.058823529411764705,0.023644549656955394,0.0033290135977762747,0.006776039633325162,-0.11764705882352941,16.529411764705884,0.0
Lasani Johnson,2.323529411764706,5.205882352941177,0.35294117647058826,0.8823529411764706,0.058823529411764705,0.14705882352941177,0.08823529411764706,0.14705882352941177,0.029411764705882353,0.058823529411764705,0.2647058823529412,0.1323529411764706,0.0980392156862745,0.0,0.010184266611327139,0.01777662262383137,0.001730103806228374,-0.11764705882352941,16.529411764705884,0.0
Nathan Bain,5.264705882352941,20.11764705882353,3.676470588235294,1.7352941176470589,0.5,0.9411764705882353,0.3235294117647059,0.2647058823529412,0.20588235294117646,0.23529411764705882,0.5294117647058824,0.2794117647058824,0.029411764705882353,0.1299019607843137,0.02752618032266973,0.004462711055003144,0.033223707522890646,0.35294117647058826,16.529411764705884,0.0
Thomas Walkup,27.58823529411765,123.3529411764706,25.029411764705884,16.470588235294116,2.176470588235294,4.264705882352941,4.235294117647059,1.6470588235294117,0.4117647058823529,1.9705882352941178,2.5588235294117645,0.5937552643434998,0.15441176470588236,0.6693977591036415,0.24161180667960439,0.04564386898709222,0.25884929707983795,1.4705882352941178,16.529411764705884,1.0
TJ Holyfield,18.941176470588236,94.82352941176471,19.176470588235293,6.970588235294118,1.5,2.5,1.0,1.7941176470588236,1.3529411764705883,0.7352941176470589,3.1470588235294117,0.5164565826330534,0.24754901960784317,0.4568627450980392,0.10579023625710571,0.054797539113186335,0.09599891860040144,0.5882352941176471,16.529411764705884,1.0
Trey Pinkney,24.11764705882353,123.41176470588235,7.764705882352941,2.5588235294117645,0.23529411764705882,1.3823529411764706,3.411764705882353,0.8235294117647058,0.029411764705882353,1.4411764705882353,2.235294117647059,0.3509803921568628,0.11764705882352941,0.3593137254901961,0.02836139001227112,0.0302801919940835,0.06723926523072783,1.2941176470588236,16.529411764705884,0.0
Ty Charles,23.08823529411765,92.02941176470588,19.823529411764707,8.882352941176471,1.6176470588235294,2.9411764705882355,2.1470588235294117,1.7352941176470589,0.29411764705882354,1.2058823529411764,2.4411764705882355,0.4256620830150242,0.20539215686274512,0.5144257703081232,0.13487313574208648,0.09345527986458035,0.12232636559289484,-0.47058823529411764,16.529411764705884,1.0
