,MP,ORtg,%Ps,Pts,OR,DR,A,TO,Blk,Stl,PF,2Pt %,3Pt %,FT %,2Pt %Att,3Pt %Att,FT %Att,Pnts-Prev,Marg,Maj Cont
Chase Tapley,28.11764705882353,106.79411764705883,20.352941176470587,12.352941176470589,0.2647058823529412,2.6470588235294117,2.5294117647058822,1.1470588235294117,0.5,1.2647058823529411,1.5294117647058822,0.4360060690943044,0.31495098039215685,0.46617647058823525,0.13586750962391056,0.29057708448213987,0.0910797063771892,1.2352941176470589,8.058823529411764,1.0
Deshawn Stephens,20.264705882352942,106.76470588235294,14.5,5.5588235294117645,1.9705882352941178,2.6470588235294117,0.20588235294117646,0.7647058823529411,0.4117647058823529,0.6176470588235294,2.088235294117647,0.498243994567524,0.0,0.36127450980392156,0.10792109087627588,0.0,0.09153874526923833,0.5294117647058824,8.058823529411764,1.0
Dwayne Polee,7.205882352941177,40.8235294117647,5.9411764705882355,2.1176470588235294,0.38235294117647056,1.0588235294117647,0.11764705882352941,0.47058823529411764,0.11764705882352941,0.17647058823529413,0.6764705882352942,0.20588235294117646,0.07647058823529412,0.20588235294117646,0.027783444580066652,0.03430037139789461,0.03362215383269599,-0.35294117647058826,8.058823529411764,0.0
J.J. O'Brien,25.558823529411764,98.38235294117646,16.764705882352942,6.9411764705882355,2.323529411764706,1.9705882352941178,1.411764705882353,1.3235294117647058,0.35294117647058826,0.9117647058823529,1.7352941176470589,0.48481559290382803,0.029411764705882353,0.19131652661064424,0.15601324305168016,0.008759599533593341,0.06415986901802623,-0.11764705882352941,8.058823529411764,1.0
Jamaal Franklin,29.941176470588236,96.17647058823529,28.352941176470587,15.264705882352942,1.588235294117647,7.029411764705882,2.9411764705882355,3.088235294117647,0.7647058823529411,1.3823529411764706,2.3823529411764706,0.4512318563789152,0.2647058823529412,0.6765342500636617,0.1896338628227668,0.2212405484009345,0.31661917034907466,-1.8823529411764706,8.058823529411764,1.0
James Rahon,20.205882352941178,86.38235294117646,13.705882352941176,5.823529411764706,0.3235294117647059,1.2058823529411764,0.5588235294117647,0.35294117647058826,0.058823529411764705,0.5,1.4705882352941178,0.37633053221288515,0.24575163398692812,0.11764705882352941,0.07911805489641244,0.1837914963030352,0.0176580004170607,0.4117647058823529,8.058823529411764,1.0
Skylar Spencer,13.5,96.55882352941177,9.117647058823529,2.7941176470588234,1.088235294117647,1.7352941176470589,0.17647058823529413,0.4411764705882353,1.4411764705882353,0.29411764705882354,1.4705882352941178,0.5014705882352941,0.0,0.07072829131652661,0.04942791438966664,0.0,0.037843201988780134,2.588235294117647,8.058823529411764,1.0
Winston Shepard,17.647058823529413,75.61764705882354,20.08823529411765,5.117647058823529,0.7647058823529411,2.323529411764706,1.7058823529411764,1.7941176470588236,0.35294117647058826,0.38235294117647056,1.088235294117647,0.4045518207282913,0.08088235294117647,0.3747623291740939,0.0883617651409968,0.0442024236583966,0.1433055891891851,-2.1176470588235294,8.058823529411764,1.0
Xavier Thames,23.235294117647058,85.29411764705883,17.058823529411764,8.029411764705882,0.4117647058823529,1.7058823529411764,1.8235294117647058,1.411764705882353,0.23529411764705882,0.8235294117647058,1.2058823529411764,0.24521475256769373,0.2950980392156863,0.5764705882352942,0.1070495852064594,0.15830494681224117,0.14535003414698497,-0.7058823529411765,8.058823529411764,1.0
