,MP,ORtg,%Ps,Pts,OR,DR,A,TO,Blk,Stl,PF,2Pt %,3Pt %,FT %,2Pt %Att,3Pt %Att,FT %Att,Pnts-Prev,Marg,Maj Cont
Andrew Chrabascz,28.060606060606062,113.06060606060606,15.666666666666666,9.515151515151516,1.4545454545454546,2.515151515151515,1.8484848484848484,0.9090909090909091,0.42424242424242425,0.9393939393939394,2.393939393939394,0.5063196904105995,0.2727272727272727,0.5953823953823955,0.1280923383680429,0.10563582654397925,0.1006723544878579,0.9090909090909091,8.848484848484848,1.0
Austin Etherington,9.757575757575758,55.18181818181818,6.03030303030303,3.212121212121212,0.3333333333333333,1.1818181818181819,0.3939393939393939,0.48484848484848486,0.09090909090909091,0.42424242424242425,1.5757575757575757,0.25757575757575757,0.254040404040404,0.18434343434343436,0.011273774180158184,0.07825534655654741,0.030033503179436198,0.06060606060606061,8.848484848484848,1.0
Jackson Davis,4.303030303030303,13.757575757575758,2.787878787878788,1.878787878787879,0.2727272727272727,0.9696969696969697,0.06060606060606061,0.30303030303030304,0.12121212121212122,0.21212121212121213,0.9090909090909091,0.2513314967860422,0.0,0.10858585858585859,0.0300542150847151,0.001443001443001443,0.02050283398245781,0.06060606060606061,8.848484848484848,0.0
Jordan Gathers,12.363636363636363,69.96969696969697,10.727272727272727,4.03030303030303,0.24242424242424243,0.9696969696969697,0.696969696969697,0.6060606060606061,0.030303030303030304,0.42424242424242425,1.5757575757575757,0.25757575757575757,0.2803030303030303,0.15151515151515152,0.03080910809505352,0.1168522644531182,0.022964069783768443,-0.30303030303030304,8.848484848484848,0.0
Kelan Martin,26.424242424242426,100.27272727272727,25.181818181818183,15.151515151515152,1.5454545454545454,4.878787878787879,1.0303030303030303,1.606060606060606,0.5151515151515151,0.6666666666666666,2.515151515151515,0.47008336781064053,0.31926406926406925,0.648967698967699,0.2039290609067478,0.1912925471310404,0.17465776168358385,-0.8484848484848485,8.848484848484848,1.0
Kellen Dunham,30.303030303030305,113.24242424242425,19.818181818181817,15.272727272727273,0.45454545454545453,1.9696969696969697,1.393939393939394,1.4545454545454546,0.09090909090909091,0.5757575757575758,1.6666666666666667,0.46030980803708066,0.44850738487102115,0.7623606191788012,0.12092983155217106,0.3094926538021575,0.17374999147791617,-1.5757575757575757,8.848484848484848,1.0
Nate Fowler,3.787878787878788,22.060606060606062,1.4848484848484849,0.696969696969697,0.3333333333333333,0.45454545454545453,0.12121212121212122,0.21212121212121213,0.030303030303030304,0.06060606060606061,0.8787878787878788,0.11414141414141414,0.06060606060606061,0.015151515151515152,0.010504373439019436,0.005653337890179995,0.003799753016053957,-0.24242424242424243,8.848484848484848,0.0
Roosevelt Jones,31.454545454545453,103.15151515151516,23.060606060606062,13.151515151515152,1.9090909090909092,4.303030303030303,4.424242424242424,2.212121212121212,0.3939393939393939,1.393939393939394,2.3333333333333335,0.4483841915660097,0.030303030303030304,0.5979803025257571,0.24389911989903804,0.001893939393939394,0.2222729180740142,-0.8484848484848485,8.848484848484848,1.0
Steven Bennett,1.5151515151515151,6.03030303030303,0.42424242424242425,0.2727272727272727,0.030303030303030304,0.18181818181818182,0.09090909090909091,0.09090909090909091,0.0,0.0,0.09090909090909091,0.0,0.045454545454545456,0.0,0.0,0.015357968276628565,0.0,-0.18181818181818182,8.848484848484848,0.0
Trey Pettus,1.2424242424242424,0.0,0.0,0.24242424242424243,0.030303030303030304,0.15151515151515152,0.18181818181818182,0.0,0.0,0.030303030303030304,0.06060606060606061,0.0,0.045454545454545456,0.015151515151515152,0.002638631210059782,0.005708429857036668,0.0036730945821854917,0.06060606060606061,8.848484848484848,0.0
Tyler Lewis,16.363636363636363,79.93939393939394,12.303030303030303,5.0606060606060606,0.21212121212121213,1.0,2.484848484848485,0.6666666666666666,0.0,0.6363636363636364,1.3333333333333333,0.3016594516594517,0.24494949494949492,0.39112554112554115,0.04751720973262979,0.10578842202610848,0.06281024226557143,-0.06060606060606061,8.848484848484848,0.0
Tyler Wideman,23.03030303030303,107.45454545454545,14.848484848484848,7.212121212121212,2.0606060606060606,3.303030303030303,0.7575757575757576,0.9393939393939394,1.4545454545454546,1.0,3.272727272727273,0.5446127946127945,0.0,0.4574314574314574,0.10974627692630388,0.0020202020202020206,0.12425741686109401,3.0303030303030303,8.848484848484848,1.0
