,MP,ORtg,%Ps,Pts,OR,DR,A,TO,Blk,Stl,PF,2Pt %,3Pt %,FT %,2Pt %Att,3Pt %Att,FT %Att,Pnts-Prev,Marg,Maj Cont
Aaron Holiday,24.22222222222222,102.77777777777777,21.333333333333332,11.555555555555555,0.3333333333333333,2.4166666666666665,3.8333333333333335,2.2777777777777777,0.1388888888888889,1.0,2.0555555555555554,0.46924603174603174,0.38492063492063494,0.6101521164021164,0.11427016754942224,0.13840405814387963,0.1665785321234406,-2.2777777777777777,13.777777777777779,1.0
Bryce Alford,30.305555555555557,114.19444444444444,16.27777777777778,14.527777777777779,0.25,2.0833333333333335,2.361111111111111,0.9444444444444444,0.1388888888888889,0.5,1.2777777777777777,0.38865740740740745,0.389337822671156,0.6180224867724866,0.07566673510368943,0.2816710903255039,0.188434685723492,-0.6111111111111112,13.777777777777779,1.0
Gyorgy Goloman,10.194444444444445,61.0,8.833333333333334,3.2222222222222223,0.6944444444444444,1.5,0.5833333333333334,0.6111111111111112,0.7222222222222222,0.5555555555555556,1.7777777777777777,0.4629629629629629,0.013888888888888888,0.2037037037037037,0.05140772186572161,0.011180461061661697,0.04629481504243137,1.3333333333333333,13.777777777777779,0.0
Ike Anigbogu,9.86111111111111,65.55555555555556,11.38888888888889,3.638888888888889,1.1111111111111112,2.0833333333333335,0.16666666666666666,0.6111111111111112,0.9444444444444444,0.1111111111111111,1.9444444444444444,0.44484126984126987,0.0,0.21944444444444444,0.06931170817867564,0.0,0.06410078347578348,0.8888888888888888,13.777777777777779,0.0
Ikenna Okwarabizie,0.8333333333333334,0.0,0.0,0.05555555555555555,0.027777777777777776,0.16666666666666666,0.0,0.08333333333333333,0.0,0.027777777777777776,0.1111111111111111,0.0,0.0,0.020833333333333332,0.0010911941689973727,0.0,0.010030864197530864,-0.1111111111111111,13.777777777777779,0.0
Isaac Hamilton,27.583333333333332,94.97222222222223,20.13888888888889,12.944444444444445,0.7777777777777778,2.361111111111111,2.5833333333333335,1.8888888888888888,0.1111111111111111,0.6666666666666666,1.6388888888888888,0.4922067901234568,0.2853505291005291,0.46660052910052907,0.14228504900572722,0.21781078230347403,0.08270756895518527,-2.2222222222222223,13.777777777777779,1.0
Lonzo Ball,32.0,119.66666666666667,18.72222222222222,13.36111111111111,0.8888888888888888,4.722222222222222,7.055555555555555,2.3055555555555554,0.7222222222222222,1.7777777777777777,1.75,0.6735780423280423,0.3658179012345679,0.4739969135802469,0.09462755976301157,0.20680575278514496,0.1547848482244935,0.3888888888888889,13.777777777777779,1.0
Thomas Welsh,19.97222222222222,103.63888888888889,13.444444444444445,8.583333333333334,1.75,5.333333333333333,0.75,0.3888888888888889,1.1388888888888888,0.2777777777777778,2.0,0.4756393298059965,0.027777777777777776,0.3125,0.16122344081612003,0.0014619883040935672,0.05949962720557686,2.0555555555555554,13.777777777777779,1.0
TJ Leaf,26.72222222222222,111.13888888888889,18.22222222222222,14.38888888888889,2.0277777777777777,5.388888888888889,2.3055555555555554,1.3333333333333333,1.0277777777777777,0.6111111111111112,2.2777777777777777,0.5575939923366394,0.3143518518518518,0.5339285714285714,0.20678309021530153,0.059332533742908845,0.14423494171873272,0.6111111111111112,13.777777777777779,1.0
