,MP,ORtg,%Ps,Pts,OR,DR,A,TO,Blk,Stl,PF,2Pt %,3Pt %,FT %,2Pt %Att,3Pt %Att,FT %Att,Pnts-Prev,Marg,Maj Cont
Alvin Ellis,6.9714285714285715,28.2,5.285714285714286,2.4285714285714284,0.3142857142857143,1.0571428571428572,1.0,0.4,0.11428571428571428,0.3142857142857143,0.7714285714285715,0.17714285714285716,0.24714285714285716,0.19047619047619047,0.022001223038272066,0.051343236045360854,0.06306925567429769,0.05714285714285714,15.914285714285715,0.0
Bryn Forbes,27.2,125.11428571428571,17.885714285714286,14.028571428571428,0.34285714285714286,1.7428571428571429,1.457142857142857,0.8285714285714286,0.02857142857142857,0.37142857142857144,1.3714285714285714,0.41751700680272114,0.4406065759637188,0.5440476190476191,0.08182185517282388,0.3089785821417812,0.11894992887733358,-0.8571428571428571,15.914285714285715,1.0
Colby Wollenman,5.171428571428572,19.542857142857144,3.4857142857142858,1.0,0.5142857142857142,0.8285714285714286,0.5714285714285714,0.45714285714285713,0.11428571428571428,0.02857142857142857,0.8,0.2,0.0,0.10714285714285714,0.018377234202095718,0.0,0.019949280411465285,-0.6285714285714286,15.914285714285715,0.0
Denzel Valentine,28.142857142857142,108.05714285714286,24.97142857142857,16.62857142857143,0.6571428571428571,5.828571428571428,6.542857142857143,2.2285714285714286,0.2,0.8571428571428571,1.3714285714285714,0.4272603586889301,0.3903607503607504,0.5582539682539682,0.1580867059520547,0.295900529684054,0.1581838766626166,-2.342857142857143,15.914285714285715,1.0
Deyonta Davis,18.142857142857142,121.4,17.37142857142857,7.171428571428572,2.0,3.3714285714285714,0.7428571428571429,0.8571428571428571,1.8,0.2571428571428571,2.2285714285714286,0.5933457019171305,0.0,0.2904761904761905,0.14369995253717516,0.0,0.06038023142702945,2.4,15.914285714285715,1.0
Eron Harris,20.228571428571428,102.91428571428571,21.571428571428573,9.057142857142857,0.7142857142857143,1.8,2.0,1.3714285714285714,0.08571428571428572,0.2571428571428571,2.1142857142857143,0.3697174254317111,0.43414965986394555,0.49129251700680276,0.10777684266044034,0.13276133004981056,0.11774666091820539,-2.057142857142857,15.914285714285715,1.0
Gavin Schilling,8.228571428571428,56.371428571428574,9.428571428571429,2.4857142857142858,0.6857142857142857,1.3714285714285714,0.42857142857142855,0.6,0.22857142857142856,0.22857142857142856,1.1142857142857143,0.28214285714285714,0.0,0.20714285714285716,0.046906160800636,0.0,0.056316382030667765,-0.2857142857142857,15.914285714285715,1.0
Javon Bess,9.8,45.74285714285714,7.485714285714286,2.6857142857142855,0.6571428571428571,1.4285714285714286,0.6,0.37142857142857144,0.2,0.2571428571428571,1.0857142857142856,0.2811564625850341,0.014285714285714285,0.22346938775510203,0.04790883984346178,0.014253034749929162,0.08385476678709762,0.17142857142857143,15.914285714285715,0.0
Kenny Goins,7.485714285714286,37.714285714285715,3.0285714285714285,1.4857142857142858,0.6857142857142857,1.457142857142857,0.5428571428571428,0.42857142857142855,0.3142857142857143,0.11428571428571428,0.9142857142857143,0.25476190476190474,0.0,0.1261904761904762,0.021160501735162762,0.0,0.03168782921897961,0.0,15.914285714285715,0.0
Kyle Ahrens,2.4857142857142858,0.0,0.2,0.8857142857142857,0.22857142857142856,0.22857142857142856,0.2,0.2571428571428571,0.05714285714285714,0.05714285714285714,0.2857142857142857,0.1,0.1,0.07142857142857142,0.00867227535823358,0.017939878861537847,0.0185594237695078,-0.2857142857142857,15.914285714285715,0.0
Lourawls Nairn,14.742857142857142,62.65714285714286,8.285714285714286,2.257142857142857,0.08571428571428572,0.8,2.6,0.7142857142857143,0.02857142857142857,0.22857142857142856,1.1714285714285715,0.22206349206349205,0.02142857142857143,0.11700680272108843,0.051407045356407104,0.02058571242422174,0.028960563246277538,-0.9142857142857143,15.914285714285715,0.0
Marvin Clark,8.228571428571428,50.08571428571429,8.628571428571428,3.2285714285714286,0.6285714285714286,1.5142857142857142,0.2857142857142857,0.5428571428571428,0.3142857142857143,0.22857142857142856,1.3714285714285714,0.35904761904761906,0.17619047619047618,0.17047619047619048,0.04387049267921036,0.03499194916238227,0.04249993114654769,0.0,15.914285714285715,0.0
Matt Costello,22.02857142857143,118.22857142857143,21.457142857142856,10.057142857142857,2.857142857142857,5.114285714285714,1.2571428571428571,1.0857142857142856,1.1714285714285715,0.6285714285714286,2.057142857142857,0.5406003520289236,0.02857142857142857,0.5426984126984128,0.18494455133080973,0.009730848861283642,0.1509113885465515,1.4285714285714286,15.914285714285715,1.0
Matt McQuaid,15.4,91.71428571428571,11.8,3.4285714285714284,0.2857142857142857,0.5142857142857142,1.6285714285714286,0.7428571428571429,0.2857142857142857,0.37142857142857144,1.6571428571428573,0.27714285714285714,0.3140476190476191,0.08571428571428572,0.03479489076178835,0.08494346944821017,0.020359052711993886,-0.17142857142857143,15.914285714285715,1.0
