,MP,ORtg,%Ps,Pts,OR,DR,A,TO,Blk,Stl,PF,2Pt %,3Pt %,FT %,2Pt %Att,3Pt %Att,FT %Att,Pnts-Prev,Marg,Maj Cont
Darryl Reynolds,19.47222222222222,97.80555555555556,8.722222222222221,3.8055555555555554,1.5833333333333333,2.7777777777777777,0.4444444444444444,0.9444444444444444,0.8055555555555556,0.4166666666666667,1.3333333333333333,0.47870370370370363,0.0,0.30925925925925923,0.07263433073485268,0.0,0.06287375095054461,0.5555555555555556,14.055555555555555,0.0
Donte DiVincenzo,23.61111111111111,98.63888888888889,16.916666666666668,7.833333333333333,0.8888888888888888,2.388888888888889,1.5833333333333333,1.3333333333333333,0.2777777777777778,0.8055555555555556,1.4444444444444444,0.5107142857142857,0.23888888888888887,0.46064814814814814,0.09164906910950661,0.1246214641243692,0.11006084354377829,-0.5,14.055555555555555,1.0
Dylan Painter,3.5,12.916666666666666,1.0833333333333333,0.5555555555555556,0.19444444444444445,0.6388888888888888,0.0,0.1388888888888889,0.0,0.027777777777777776,0.3611111111111111,0.1111111111111111,0.0,0.08333333333333333,0.010404665898617509,0.002686651583710407,0.016282836415686657,-0.2222222222222222,14.055555555555555,0.0
Eric Paschall,20.36111111111111,97.66666666666667,16.36111111111111,6.694444444444445,1.2777777777777777,2.361111111111111,0.5555555555555556,1.1388888888888888,0.4722222222222222,0.5,2.388888888888889,0.5293209876543209,0.17129629629629628,0.4000000000000001,0.10801118102062494,0.07695405130147563,0.07441255366688354,-0.3333333333333333,14.055555555555555,1.0
Jalen Brunson,29.38888888888889,121.80555555555556,22.47222222222222,13.972222222222221,0.4166666666666667,1.9722222222222223,4.0,2.0,0.0,0.8333333333333334,1.5555555555555556,0.5626272647105979,0.29682539682539677,0.7767416225749559,0.19567436810932617,0.11927079513818449,0.20806380648346165,-2.3333333333333335,14.055555555555555,1.0
Josh Hart,31.36111111111111,118.08333333333333,25.86111111111111,17.86111111111111,1.3888888888888888,4.777777777777778,2.9444444444444446,1.7777777777777777,0.25,1.4722222222222223,2.0833333333333335,0.5600819704986372,0.3960427689594356,0.6463253567420234,0.24784060976184794,0.20942114988226837,0.22481140019353166,-0.1111111111111111,14.055555555555555,1.0
Kris Jenkins,29.416666666666668,105.5,20.27777777777778,12.694444444444445,0.3055555555555556,3.638888888888889,1.9166666666666667,1.3888888888888888,0.2777777777777778,1.0833333333333333,1.8333333333333333,0.36564153439153435,0.34216524216524224,0.663627730294397,0.10500043913031515,0.2750474807773062,0.1618807990634429,-0.05555555555555555,14.055555555555555,1.0
Mikal Bridges,28.13888888888889,115.47222222222223,14.194444444444445,9.38888888888889,1.0833333333333333,3.1944444444444446,1.8888888888888888,1.2222222222222223,0.8333333333333334,1.6388888888888888,2.138888888888889,0.6491071428571429,0.31792328042328044,0.574074074074074,0.10450470945428213,0.12641669327337587,0.07848269655135766,2.5,14.055555555555555,1.0
Phil Booth,2.0,7.111111111111111,1.6388888888888888,0.4722222222222222,0.027777777777777776,0.1111111111111111,0.16666666666666666,0.16666666666666666,0.0,0.027777777777777776,0.08333333333333333,0.016203703703703703,0.04027777777777777,0.05555555555555555,0.008725071225071225,0.010026158363754272,0.007575757575757577,-0.2777777777777778,14.055555555555555,0.0
