,MP,ORtg,%Ps,Pts,OR,DR,A,TO,Blk,Stl,PF,2Pt %,3Pt %,FT %,2Pt %Att,3Pt %Att,FT %Att,Pnts-Prev,Marg,Maj Cont
Briante Weber,19.88888888888889,97.25,15.222222222222221,5.055555555555555,0.75,2.0,2.6666666666666665,1.1388888888888888,0.25,2.611111111111111,2.1944444444444446,0.3882936507936508,0.08055555555555555,0.4564814814814815,0.07525195327938576,0.048999921633837526,0.08488895412118785,3.4444444444444446,11.833333333333334,1.0
D.J. Haley,6.472222222222222,28.944444444444443,3.861111111111111,1.5,0.5277777777777778,1.0277777777777777,0.0,0.3888888888888889,0.5,0.16666666666666666,1.1666666666666667,0.3935185185185185,0.0,0.06018518518518518,0.03005292487425347,0.0,0.027941704953199205,0.5555555555555556,11.833333333333334,0.0
Darius Theus,24.694444444444443,102.55555555555556,16.166666666666668,6.472222222222222,0.3611111111111111,1.1111111111111112,4.472222222222222,1.7222222222222223,0.2777777777777778,2.3055555555555554,2.388888888888889,0.4975749559082892,0.23472222222222225,0.4956018518518519,0.09488331506057378,0.05825754931194355,0.12408212419986848,1.7222222222222223,11.833333333333334,1.0
Jarred Guest,9.5,54.19444444444444,9.055555555555555,2.0277777777777777,1.1666666666666667,1.0555555555555556,0.2222222222222222,0.5833333333333334,0.25,0.4722222222222222,2.111111111111111,0.3571428571428572,0.0,0.08487654320987653,0.04662498095966931,0.002966464363523187,0.023316267018374297,0.2777777777777778,11.833333333333334,0.0
Justin Tuoyo,4.694444444444445,19.38888888888889,3.111111111111111,0.75,0.3611111111111111,0.5555555555555556,0.19444444444444445,0.25,0.3055555555555556,0.1388888888888889,0.9166666666666666,0.05555555555555555,0.05555555555555555,0.13425925925925927,0.01172290751425609,0.017102838660230716,0.026851439228890207,0.3888888888888889,11.833333333333334,0.0
Juvonte Reddic,26.583333333333332,113.33333333333333,23.444444444444443,13.61111111111111,3.3333333333333335,4.5,0.5833333333333334,1.5277777777777777,0.8333333333333334,1.3055555555555556,2.1944444444444446,0.5200784169534169,0.013888888888888888,0.5840548340548342,0.23816871559695876,0.006159449891067538,0.19662173308798914,1.2222222222222223,11.833333333333334,1.0
Melvin Johnson,15.61111111111111,87.69444444444444,18.77777777777778,6.388888888888889,0.6666666666666666,0.6944444444444444,0.9444444444444444,0.8888888888888888,0.0,0.7222222222222222,1.2222222222222223,0.4291335978835978,0.20833333333333331,0.30092592592592593,0.09925467136158073,0.09853911108294512,0.04747255607762854,-0.3333333333333333,11.833333333333334,1.0
Rob Brandenberg,22.25,99.0,21.38888888888889,9.555555555555555,1.0277777777777777,1.4722222222222223,1.3055555555555556,1.2222222222222223,0.2222222222222222,1.1944444444444444,1.5833333333333333,0.4182319223985892,0.31491402116402123,0.4498677248677249,0.12059024371221759,0.1641519230020703,0.12276700745830313,0.3888888888888889,11.833333333333334,1.0
Teddy Okereafor,6.861111111111111,37.80555555555556,4.638888888888889,1.1111111111111112,0.19444444444444445,0.6388888888888888,1.3055555555555556,0.6944444444444444,0.0,0.5,0.3611111111111111,0.16666666666666663,0.10648148148148148,0.1111111111111111,0.011916039482598142,0.022682993690026937,0.017446904946904946,-0.3888888888888889,11.833333333333334,1.0
Treveon Graham,26.166666666666668,116.25,26.11111111111111,14.63888888888889,2.6944444444444446,3.0,1.5555555555555556,1.5,0.1388888888888889,0.8333333333333334,2.2222222222222223,0.4705846622513289,0.3361992945326278,0.5880260942760942,0.18345470074545275,0.17658621365514288,0.241570164465194,-1.0555555555555556,11.833333333333334,1.0
Troy Daniels,24.75,114.88888888888889,17.5,11.416666666666666,0.5555555555555556,2.3055555555555554,0.5833333333333334,0.8888888888888888,0.05555555555555555,0.8333333333333334,2.0833333333333335,0.3361111111111111,0.3666685552102219,0.15509259259259262,0.03252399185749815,0.3489979791536567,0.03148558888690468,0.0,11.833333333333334,1.0
