,MP,ORtg,%Ps,Pts,OR,DR,A,TO,Blk,Stl,PF,2Pt %,3Pt %,FT %,2Pt %Att,3Pt %Att,FT %Att,Pnts-Prev,Marg,Maj Cont
Daniel Green,3.9714285714285715,11.2,1.6285714285714286,0.6857142857142857,0.34285714285714286,0.6,0.05714285714285714,0.2,0.2,0.08571428571428572,0.8,0.12142857142857143,0.0,0.1,0.01628381010525458,0.002489177489177489,0.020121545121545126,0.17142857142857143,10.657142857142857,0.0
Deondre Burns,2.657142857142857,9.914285714285715,1.2857142857142858,0.8285714285714286,0.0,0.2857142857142857,0.08571428571428572,0.14285714285714285,0.02857142857142857,0.17142857142857143,0.2,0.10952380952380951,0.009523809523809523,0.14285714285714285,0.009949702863519552,0.013707664884135473,0.014025974025974027,0.11428571428571428,10.657142857142857,0.0
Jalen Jackson,13.885714285714286,73.22857142857143,24.914285714285715,7.885714285714286,0.7428571428571429,1.1428571428571428,0.6285714285714286,1.2857142857142858,0.2571428571428571,0.4857142857142857,1.4285714285714286,0.45838383838383834,0.08571428571428572,0.5057142857142858,0.16483306502215675,0.025770072389690483,0.11935980177971021,-1.0857142857142856,10.657142857142857,0.0
Jermaine Ruttley,17.82857142857143,92.57142857142857,11.0,3.2285714285714286,0.4857142857142857,2.4285714285714284,1.542857142857143,0.6857142857142857,0.02857142857142857,0.5428571428571428,1.7714285714285714,0.3622448979591837,0.09761904761904762,0.32857142857142857,0.056596847939170136,0.048481995675484515,0.05825319780288725,-0.22857142857142856,10.657142857142857,0.0
Josh Hagins,28.542857142857144,111.28571428571429,23.02857142857143,12.114285714285714,0.7142857142857143,3.1142857142857143,4.428571428571429,1.6571428571428573,0.17142857142857143,1.3142857142857143,2.0285714285714285,0.48239022881880017,0.36047619047619056,0.5595238095238095,0.15639699360806844,0.20502950697987515,0.14543663920257582,-0.34285714285714286,10.657142857142857,1.0
Kemy Osse,15.085714285714285,80.85714285714286,13.942857142857143,4.8,0.34285714285714286,1.5142857142857142,0.7714285714285715,0.4,0.2,0.9142857142857143,1.0571428571428572,0.2066666666666667,0.3089795918367348,0.11904761904761905,0.04075369122978044,0.156267115323439,0.02349457305979045,1.4285714285714286,10.657142857142857,1.0
Lis Shoshi,21.228571428571428,104.31428571428572,16.514285714285716,6.457142857142857,1.542857142857143,3.4857142857142858,0.7714285714285715,0.8,1.0857142857142856,0.2,2.6,0.4993537414965986,0.16666666666666666,0.4523809523809524,0.12738757327939224,0.046262020949548587,0.08105840510874836,0.9714285714285714,10.657142857142857,1.0
Marcus Johnson,28.34285714285714,110.8,18.485714285714284,11.971428571428572,0.5428571428571428,2.257142857142857,1.542857142857143,1.3142857142857143,0.0,0.6857142857142857,1.0285714285714285,0.44693877551020406,0.3870408163265307,0.6439682539682541,0.1027200317893155,0.23336446080177217,0.16865983241269283,-1.2571428571428571,10.657142857142857,1.0
Mareik Isom,17.457142857142856,96.45714285714286,11.82857142857143,5.6571428571428575,0.6571428571428571,1.8285714285714285,0.37142857142857144,0.4,0.45714285714285713,0.3142857142857143,2.4571428571428573,0.2823809523809524,0.352687074829932,0.2714285714285714,0.04137221016159786,0.14240512594526783,0.060710950630859094,0.7428571428571429,10.657142857142857,1.0
Maurius Hill,12.542857142857143,64.4,11.114285714285714,3.085714285714286,0.8857142857142857,1.9428571428571428,0.34285714285714286,0.9428571428571428,0.14285714285714285,0.4,0.9142857142857143,0.34358276643990937,0.15714285714285714,0.2714285714285714,0.06436261544188973,0.021816298511104577,0.04041392182696531,-0.8,10.657142857142857,1.0
Roger Woods,20.685714285714287,97.77142857142857,21.65714285714286,9.257142857142858,1.1142857142857143,2.7714285714285714,1.5142857142857142,1.3428571428571427,0.22857142857142856,0.8857142857142857,1.9428571428571428,0.5296145124716554,0.2,0.516877725449154,0.14352684444792851,0.040929629896227976,0.2030658240636992,-0.45714285714285713,10.657142857142857,1.0
Stetson Billings,6.257142857142857,19.057142857142857,2.8857142857142857,0.5142857142857142,0.3142857142857143,0.5714285714285714,0.2857142857142857,0.22857142857142856,0.14285714285714285,0.14285714285714285,0.9714285714285714,0.1,0.02857142857142857,0.04285714285714286,0.018673756969069085,0.006334074011419549,0.008256477821695214,0.11428571428571428,10.657142857142857,0.0
