,MP,ORtg,%Ps,Pts,OR,DR,A,TO,Blk,Stl,PF,2Pt %,3Pt %,FT %,2Pt %Att,3Pt %Att,FT %Att,Pnts-Prev,Marg
Alex Barcello,5.9411764705882355,28.294117647058822,3.3529411764705883,1.4705882352941178,0.08823529411764706,0.5588235294117647,0.5882352941176471,0.23529411764705882,0.0,0.08823529411764706,0.7647058823529411,0.14215686274509806,0.06372549019607843,0.03921568627450981,0.014178301817387943,0.03991368829171598,0.007148692810457516,-0.29411764705882354,9.705882352941176
Allonzo Trier,32.14705882352941,119.47058823529412,21.470588235294116,17.294117647058822,0.3235294117647059,2.588235294117647,3.088235294117647,2.0,0.3235294117647059,0.6176470588235294,1.6176470588235294,0.617487659399424,0.4083216619981325,0.6912549868432221,0.1328202933782413,0.28041460568004006,0.24508462805708597,-2.1176470588235294,9.705882352941176
Brandon Randolph,10.352941176470589,54.94117647058823,10.0,3.323529411764706,0.11764705882352941,0.6176470588235294,0.7352941176470589,0.6176470588235294,0.11764705882352941,0.35294117647058826,1.088235294117647,0.2860294117647059,0.17450980392156865,0.17401960784313725,0.04694936230807586,0.0727956040836208,0.04017650259657932,-0.29411764705882354,9.705882352941176
Deandre Ayton,33.35294117647059,127.29411764705883,25.91176470588235,20.294117647058822,3.323529411764706,8.205882352941176,1.6470588235294117,2.0,1.911764705882353,0.5588235294117647,2.3823529411764706,0.6470649212328781,0.24019607843137258,0.6704684012642489,0.3072744493511071,0.0543570616319205,0.24781977638192945,0.9411764705882353,9.705882352941176
Dusan Ristic,27.147058823529413,121.1470588235294,20.147058823529413,12.058823529411764,2.0588235294117645,4.970588235294118,0.9117647058823529,1.3235294117647058,0.5,0.38235294117647056,2.323529411764706,0.5833280281809694,0.0784313725490196,0.6348039215686274,0.2241885549244996,0.025984088959867507,0.10813813857673175,-0.8823529411764706,9.705882352941176
Dylan Smith,14.5,80.08823529411765,12.764705882352942,4.323529411764706,0.35294117647058826,1.2058823529411764,1.0294117647058822,0.9117647058823529,0.20588235294117646,0.14705882352941177,1.4411764705882353,0.2911764705882353,0.25588235294117645,0.24509803921568624,0.027814485507813517,0.15237243442966444,0.034895542224333206,-1.1176470588235294,9.705882352941176
Emmanuel Akot,9.176470588235293,45.205882352941174,6.0,1.6470588235294117,0.3235294117647059,0.6764705882352942,0.7352941176470589,0.5588235294117647,0.08823529411764706,0.17647058823529413,0.7647058823529411,0.2450980392156863,0.21176470588235294,0.08823529411764706,0.021885777784706288,0.03778681750977325,0.01918511091305209,-0.5882352941176471,9.705882352941176
Ira Lee,8.088235294117647,40.38235294117647,6.352941176470588,1.7647058823529411,0.5588235294117647,1.2352941176470589,0.29411764705882354,0.38235294117647056,0.35294117647058826,0.14705882352941177,1.4705882352941178,0.2303921568627451,0.029411764705882353,0.19607843137254902,0.038267890891150555,0.002807486631016043,0.0327510212000544,0.23529411764705882,9.705882352941176
Keanu Pinder,9.441176470588236,51.76470588235294,5.176470588235294,2.0294117647058822,0.38235294117647056,1.5294117647058822,0.058823529411764705,0.38235294117647056,0.47058823529411764,0.23529411764705882,1.7941176470588236,0.446078431372549,0.0,0.25882352941176473,0.027994491213176858,0.0,0.051300309021342645,0.6470588235294118,9.705882352941176
Parker Jackson-Cartwright,31.941176470588236,115.26470588235294,14.941176470588236,7.852941176470588,0.23529411764705882,2.1176470588235294,4.588235294117647,1.8529411764705883,0.11764705882352941,1.4411764705882353,2.235294117647059,0.4735294117647059,0.45,0.39215686274509803,0.060893366376728715,0.1874401533077093,0.08082427998426907,-0.5882352941176471,9.705882352941176
Rawle Alkins,20.235294117647058,67.26470588235294,15.5,8.647058823529411,1.2058823529411764,1.8823529411764706,1.5588235294117647,1.6764705882352942,0.47058823529411764,0.8235294117647058,1.411764705882353,0.30577731092436966,0.21526610644257702,0.4390151515151515,0.0977330264471122,0.14612805947467214,0.1326759982341646,-0.7647058823529411,9.705882352941176
