,MP,ORtg,%Ps,Pts,OR,DR,A,TO,Blk,Stl,PF,2Pt %,3Pt %,FT %,2Pt %Att,3Pt %Att,FT %Att,Pnts-Prev,Marg,Maj Cont
AJ Hammons,23.470588235294116,102.26470588235294,26.41176470588235,11.411764705882353,2.264705882352941,4.088235294117647,0.8529411764705882,2.088235294117647,2.7941176470588234,0.5,2.4705882352941178,0.5540096341566931,0.0,0.5781724811136576,0.22379622675796607,0.011540391557692596,0.1911379551201236,2.411764705882353,5.323529411764706,1.0
Basil Smotherman,12.558823529411764,68.6470588235294,7.882352941176471,2.6470588235294117,0.5588235294117647,1.1764705882352942,0.9117647058823529,0.47058823529411764,0.17647058823529413,0.47058823529411764,1.2941176470588236,0.35000000000000003,0.07352941176470588,0.08823529411764706,0.047664381781787585,0.03306561298888665,0.018731145255359426,0.35294117647058826,5.323529411764706,1.0
Bryson Scott,7.882352941176471,42.8235294117647,12.323529411764707,2.764705882352941,0.20588235294117646,0.9705882352941176,0.8529411764705882,0.7941176470588235,0.08823529411764706,0.5294117647058824,0.9411764705882353,0.21862745098039216,0.029411764705882353,0.23480392156862745,0.05421513498254314,0.015404664539612638,0.06337401153119619,-0.35294117647058826,5.323529411764706,0.0
Dakota Mathias,18.852941176470587,93.23529411764706,13.323529411764707,4.647058823529412,0.058823529411764705,1.9705882352941178,1.3235294117647058,0.7058823529411765,0.08823529411764706,0.5,1.6764705882352942,0.2450980392156863,0.27654061624649856,0.23039215686274508,0.031424933605916194,0.18990425476873654,0.04485468892162604,-0.23529411764705882,5.323529411764706,1.0
Isaac Haas,14.117647058823529,75.61764705882354,22.147058823529413,7.352941176470588,1.5,2.411764705882353,0.2647058823529412,1.5294117647058822,0.7352941176470589,0.08823529411764706,2.0588235294117645,0.48274976657329605,0.0,0.41234827264239027,0.129766344513332,0.0,0.18950574417932603,-1.411764705882353,5.323529411764706,1.0
Jacquil Taylor,1.2352941176470589,5.029411764705882,1.5,0.38235294117647056,0.08823529411764706,0.2647058823529412,0.058823529411764705,0.17647058823529413,0.11764705882352941,0.029411764705882353,0.029411764705882353,0.04411764705882353,0.029411764705882353,0.029411764705882353,0.006866502118674294,0.00535312939405011,0.004279489573607221,-0.058823529411764705,5.323529411764706,0.0
Jon Octeus,27.61764705882353,111.82352941176471,17.558823529411764,9.058823529411764,1.4705882352941178,3.235294117647059,2.588235294117647,1.4705882352941178,0.20588235294117646,1.0,2.735294117647059,0.5254901960784315,0.18529411764705883,0.5433239962651727,0.12587937111829095,0.07549331291545822,0.16493506042613548,-0.5294117647058824,5.323529411764706,1.0
Kendall Stephens,21.764705882352942,91.23529411764706,19.852941176470587,8.558823529411764,0.35294117647058826,1.8823529411764706,1.6176470588235294,1.2058823529411764,0.3235294117647059,0.4117647058823529,1.5588235294117647,0.19082633053221287,0.34081996434937606,0.35,0.06073791322546005,0.3251490677138971,0.061714324327501284,-0.9411764705882353,5.323529411764706,1.0
PJ Thompson,11.676470588235293,52.970588235294116,6.088235294117647,2.1176470588235294,0.23529411764705882,0.5,0.9705882352941176,0.5588235294117647,0.029411764705882353,0.6176470588235294,1.088235294117647,0.18823529411764706,0.1785014005602241,0.11274509803921569,0.014333674503118746,0.07794827614730539,0.014863142633320474,0.17647058823529413,5.323529411764706,1.0
Rapheal Davis,30.147058823529413,102.44117647058823,19.38235294117647,10.617647058823529,1.1176470588235294,3.0,2.588235294117647,1.8529411764705883,0.23529411764705882,0.7647058823529411,2.235294117647059,0.46210317460317457,0.16064425770308122,0.4806128512010866,0.16512973159777475,0.09031526731533857,0.15880922254213675,-1.7058823529411764,5.323529411764706,1.0
Vincent Edwards,25.147058823529413,108.3529411764706,17.0,8.117647058823529,1.8235294117647058,2.6176470588235294,2.4411764705882355,1.3823529411764706,0.38235294117647056,0.35294117647058826,2.088235294117647,0.537054367201426,0.267156862745098,0.4109477124183007,0.11077402108925384,0.14641425795313978,0.05838345078378513,-1.2941176470588236,5.323529411764706,1.0
