,MP,ORtg,%Ps,Pts,OR,DR,A,TO,Blk,Stl,PF,2Pt %,3Pt %,FT %,2Pt %Att,3Pt %Att,FT %Att,Pnts-Prev,Marg,Maj Cont
Chris Otule,15.4,101.71428571428571,13.2,4.371428571428571,1.3428571428571427,1.5714285714285714,0.17142857142857143,0.7428571428571429,0.8285714285714286,0.2,1.4857142857142858,0.5117346938775511,0.0,0.21666666666666665,0.07580966753236562,0.0,0.060249166333199954,0.5714285714285714,5.542857142857143,1.0
Davante Gardner,18.771428571428572,108.22857142857143,23.82857142857143,10.2,1.7714285714285714,2.5428571428571427,0.8,1.4,0.5428571428571428,0.6571428571428571,1.7714285714285714,0.5464904143475573,0.0,0.621679748822606,0.14075499802800912,0.008571428571428572,0.1950007366279794,-0.4,5.542857142857143,1.0
Derrick Wilson,11.6,59.02857142857143,7.0,1.1428571428571428,0.3142857142857143,0.6,1.5142857142857142,0.5142857142857142,0.02857142857142857,0.6571428571428571,0.9714285714285714,0.17428571428571427,0.02857142857142857,0.12142857142857143,0.03308534977882579,0.014387964976200271,0.023191819477790362,0.34285714285714286,5.542857142857143,0.0
Jake Thomas,5.628571428571429,30.857142857142858,3.857142857142857,1.2,0.05714285714285714,0.5714285714285714,0.37142857142857144,0.14285714285714285,0.05714285714285714,0.17142857142857143,0.34285714285714286,0.05714285714285714,0.09714285714285714,0.09523809523809523,0.004208704938054444,0.07378280903822701,0.010622448979591836,0.17142857142857143,5.542857142857143,0.0
Jamil Wilson,21.914285714285715,100.4,18.685714285714287,8.342857142857143,1.3428571428571427,2.857142857142857,1.457142857142857,1.2571428571428571,0.6857142857142857,0.4857142857142857,2.1142857142857143,0.4326530612244898,0.2935714285714286,0.4,0.1087888651206697,0.16604946287188657,0.09796322637082124,-0.17142857142857143,5.542857142857143,1.0
Juan Anderson,12.0,61.94285714285714,11.82857142857143,2.657142857142857,0.7142857142857143,1.9428571428571428,0.7714285714285715,0.7714285714285715,0.34285714285714286,0.5714285714285714,1.6,0.2214285714285714,0.2,0.20952380952380953,0.036017977170078146,0.08535269399134947,0.03477408843825028,0.2857142857142857,5.542857142857143,0.0
Junior Cadougan,24.942857142857143,87.94285714285714,19.742857142857144,7.742857142857143,0.34285714285714286,2.2,3.657142857142857,2.2285714285714286,0.08571428571428572,1.0,1.4857142857142858,0.4235569985569986,0.17380952380952377,0.3403401360544218,0.13501695146429335,0.11000361778866866,0.0848451317485344,-2.2857142857142856,5.542857142857143,1.0
Steve Taylor,8.285714285714286,54.05714285714286,8.657142857142857,3.0,1.0,0.9714285714285714,0.17142857142857143,0.37142857142857144,0.02857142857142857,0.37142857142857144,0.5142857142857142,0.3823809523809524,0.07142857142857142,0.19523809523809524,0.049914930402228434,0.028522469593898165,0.03537754054706316,0.05714285714285714,5.542857142857143,0.0
Todd Mayo,8.428571428571429,55.4,12.028571428571428,3.5142857142857142,0.11428571428571428,0.4857142857142857,0.42857142857142855,0.6,0.05714285714285714,0.2857142857142857,0.6285714285714286,0.21666666666666665,0.16482993197278908,0.27166666666666667,0.030632644382877577,0.10167937384744107,0.04728399415329224,-0.5142857142857142,5.542857142857143,0.0
Trent Lockett,23.02857142857143,91.42857142857143,17.37142857142857,6.257142857142857,1.3714285714285714,2.8,1.6571428571428573,1.7714285714285714,0.34285714285714286,0.6571428571428571,2.257142857142857,0.4107142857142857,0.2619047619047619,0.5250793650793651,0.09601858946880643,0.0749038162437101,0.13931783889930102,-1.542857142857143,5.542857142857143,1.0
Vander Blue,28.02857142857143,92.37142857142857,21.142857142857142,12.257142857142858,0.45714285714285713,2.342857142857143,1.6,1.8571428571428572,0.0,0.8,1.542857142857143,0.4596969696969696,0.22816326530612244,0.5084353741496599,0.175465607428077,0.22246064879147587,0.1570882941384619,-2.1142857142857143,5.542857142857143,1.0
