,MP,ORtg,%Ps,Pts,OR,DR,A,TO,Blk,Stl,PF,2Pt %,3Pt %,FT %,2Pt %Att,3Pt %Att,FT %Att,Pnts-Prev,Marg,Maj Cont
Bruce Massey,22.41176470588235,101.58823529411765,19.647058823529413,6.411764705882353,1.2647058823529411,1.8529411764705883,3.2058823529411766,1.7058823529411764,0.35294117647058826,1.4705882352941178,2.0294117647058822,0.4255485527544351,0.11764705882352941,0.5611694677871147,0.10990364390384394,0.0560487345219179,0.1304077730742916,0.23529411764705882,13.058823529411764,1.0
James Gallman,12.264705882352942,73.88235294117646,11.941176470588236,3.8529411764705883,0.11764705882352941,0.9117647058823529,0.8235294117647058,0.6176470588235294,0.0,0.2647058823529412,0.9411764705882353,0.2372549019607843,0.22615546218487398,0.17058823529411765,0.03145724938026878,0.12597243730894256,0.024973220793654233,-0.7058823529411765,13.058823529411764,0.0
Jason Jones,8.382352941176471,56.529411764705884,7.5,3.088235294117647,0.6470588235294118,1.088235294117647,0.38235294117647056,0.47058823529411764,0.029411764705882353,0.20588235294117646,1.2941176470588236,0.30490196078431375,0.029411764705882353,0.2955882352941176,0.04865697150609945,0.006687675070028012,0.047032911854665634,-0.47058823529411764,13.058823529411764,0.0
JT Sulton,19.205882352941178,96.61764705882354,18.294117647058822,6.088235294117647,1.3529411764705883,2.5,0.4117647058823529,1.1764705882352942,0.6176470588235294,0.5588235294117647,2.4705882352941178,0.43262032085561497,0.0,0.4269607843137255,0.114145362701286,0.005392156862745099,0.11455428502124582,0.0,13.058823529411764,1.0
Kerry Hammonds,20.823529411764707,100.05882352941177,15.235294117647058,5.970588235294118,0.4411764705882353,2.6470588235294117,1.5588235294117647,1.1470588235294117,0.2647058823529412,0.5588235294117647,1.4411764705882353,0.3901960784313725,0.3051120448179271,0.3509803921568628,0.049406348631813965,0.18192193811570975,0.07058738382204996,-0.6470588235294118,13.058823529411764,1.0
Marcos Knight,25.441176470588236,106.94117647058823,27.323529411764707,12.147058823529411,1.4411764705882353,4.147058823529412,2.3529411764705883,1.9411764705882353,0.38235294117647056,1.1176470588235294,2.235294117647059,0.46092028886146547,0.2745098039215686,0.5804971988795519,0.20648378347772164,0.12940314971456843,0.19541071702436205,-0.8823529411764706,13.058823529411764,1.0
Neiko Hunter,17.735294117647058,95.17647058823529,20.970588235294116,7.411764705882353,1.3235294117647058,1.5294117647058822,0.4117647058823529,1.3823529411764706,0.35294117647058826,0.47058823529411764,2.235294117647059,0.49971988795518196,0.2450980392156863,0.39147568118156356,0.11538231005967767,0.07480257871693857,0.08518432941744755,-1.1176470588235294,13.058823529411764,1.0
Raymond Cintron,20.323529411764707,111.82352941176471,16.676470588235293,8.205882352941176,0.23529411764705882,1.6764705882352942,1.3823529411764706,1.0294117647058822,0.11764705882352941,0.47058823529411764,1.5294117647058822,0.2872549019607843,0.3808006535947713,0.24656862745098038,0.032261538790352394,0.34182302415001375,0.04562201836809501,-0.8823529411764706,13.058823529411764,1.0
Shawn Jones,20.323529411764707,95.82352941176471,21.61764705882353,8.382352941176471,2.0294117647058822,3.2058823529411766,0.4117647058823529,1.3823529411764706,1.2058823529411764,0.3235294117647059,2.6176470588235294,0.49941765750589284,0.0,0.48548085901027077,0.16715678260822822,0.0,0.13516894216330247,0.29411764705882354,13.058823529411764,1.0
Torin Walker,5.647058823529412,28.264705882352942,5.176470588235294,1.9411764705882353,0.5882352941176471,0.5294117647058824,0.029411764705882353,0.4117647058823529,0.11764705882352941,0.058823529411764705,0.7647058823529411,0.2950980392156863,0.0,0.2549019607843137,0.037295300824676525,0.0,0.029988638302438624,-0.47058823529411764,13.058823529411764,0.0
Trantell Knight,16.058823529411764,106.44117647058823,18.88235294117647,4.735294117647059,0.6470588235294118,1.911764705882353,2.4411764705882355,1.3235294117647058,0.08823529411764706,1.2352941176470589,1.5588235294117647,0.5766106442577031,0.14705882352941177,0.301890756302521,0.05843894341014908,0.048536540833253636,0.09165801545256465,0.0,13.058823529411764,1.0
