,MP,ORtg,%Ps,Pts,OR,DR,A,TO,Blk,Stl,PF,2Pt %,3Pt %,FT %,2Pt %Att,3Pt %Att,FT %Att,Pnts-Prev,Marg,Maj Cont
Aaron Harrison,22.487179487179485,97.3076923076923,18.564102564102566,9.846153846153847,0.358974358974359,1.7435897435897436,1.2820512820512822,0.7692307692307693,0.15384615384615385,1.0769230769230769,1.358974358974359,0.4147741147741148,0.26071115494192415,0.5054945054945056,0.10371259021048371,0.29382074896780785,0.09249741757773455,0.9230769230769231,18.256410256410255,1.0
Alex Poythress,4.153846153846154,21.58974358974359,3.230769230769231,1.1282051282051282,0.3076923076923077,0.46153846153846156,0.05128205128205128,0.20512820512820512,0.3076923076923077,0.10256410256410256,0.4358974358974359,0.08205128205128205,0.0,0.08974358974358974,0.020763944177591864,0.010093610093610091,0.01730736154110767,0.41025641025641024,18.256410256410255,0.0
Andrew Harrison,22.076923076923077,94.02564102564102,19.615384615384617,8.0,0.3076923076923077,1.564102564102564,3.230769230769231,1.5128205128205128,0.1282051282051282,0.8461538461538461,1.5897435897435896,0.30024420024420023,0.28717948717948716,0.5632561882561883,0.09644275796474565,0.13955238242568557,0.13484757749805457,-1.0769230769230769,18.256410256410255,1.0
Dakari Johnson,14.743589743589743,92.74358974358974,19.076923076923077,5.794871794871795,1.6153846153846154,2.641025641025641,0.717948717948718,0.9230769230769231,0.7692307692307693,0.3333333333333333,1.4615384615384615,0.41017501017501024,0.0,0.4623626373626374,0.09224448519505576,0.0,0.13806695896138246,0.358974358974359,18.256410256410255,1.0
Derek Willis,1.8461538461538463,7.923076923076923,1.1025641025641026,0.6410256410256411,0.1282051282051282,0.20512820512820512,0.1282051282051282,0.1794871794871795,0.07692307692307693,0.05128205128205128,0.10256410256410256,0.05128205128205128,0.08974358974358974,0.07692307692307693,0.002274236226490868,0.01859701803140717,0.00670734494263906,-0.10256410256410256,18.256410256410255,0.0
Devin Booker,18.41025641025641,102.76923076923077,17.28205128205128,8.846153846153847,0.41025641025641024,1.2307692307692308,1.0256410256410255,0.8717948717948718,0.02564102564102564,0.38461538461538464,1.205128205128205,0.44004884004884004,0.3541107041107041,0.4376068376068376,0.08248761334470234,0.21363643269751867,0.06713588124899073,-0.9230769230769231,18.256410256410255,1.0
Dominique Hawkins,4.051282051282051,16.153846153846153,2.0,0.7435897435897436,0.07692307692307693,0.3333333333333333,0.358974358974359,0.1282051282051282,0.02564102564102564,0.15384615384615385,0.358974358974359,0.055555555555555566,0.10256410256410256,0.05128205128205128,0.008336580198928377,0.033379309227725515,0.01014808171670917,0.10256410256410256,18.256410256410255,0.0
Karl-Anthony Towns,18.076923076923077,108.23076923076923,20.384615384615383,8.461538461538462,2.076923076923077,3.7435897435897436,1.0,1.1538461538461537,2.051282051282051,0.38461538461538464,2.5384615384615383,0.483532991225299,0.05128205128205128,0.6095848595848596,0.13026882895183184,0.012200665933697607,0.12240690786036407,2.5641025641025643,18.256410256410255,1.0
Marcus Lee,9.897435897435898,68.64102564102564,7.897435897435898,2.358974358974359,1.1282051282051282,1.3333333333333333,0.28205128205128205,0.41025641025641024,0.6923076923076923,0.07692307692307693,1.435897435897436,0.4141025641025641,0.0,0.07692307692307693,0.04342781915715103,0.0,0.03145223278841242,0.717948717948718,18.256410256410255,0.0
Trey Lyles,17.743589743589745,89.05128205128206,15.717948717948717,6.666666666666667,1.3846153846153846,2.6666666666666665,0.8461538461538461,0.8717948717948718,0.28205128205128205,0.38461538461538464,1.3333333333333333,0.4520146520146521,0.04487179487179487,0.46367521367521375,0.10783199641646771,0.03998673314284174,0.08623859125754531,-0.41025641025641024,18.256410256410255,1.0
Tyler Ulis,19.307692307692307,97.74358974358974,12.64102564102564,4.564102564102564,0.358974358974359,1.1025641025641026,3.076923076923077,0.8717948717948718,0.05128205128205128,0.7435897435897436,1.205128205128205,0.291025641025641,0.30470085470085473,0.3102564102564102,0.047531350129069075,0.11052797127457761,0.045614517454884033,-0.15384615384615385,18.256410256410255,1.0
Willie Cauley-Stein,22.256410256410255,103.76923076923077,16.23076923076923,8.128205128205128,1.9743589743589745,3.641025641025641,0.8205128205128205,1.1282051282051282,1.435897435897436,1.1282051282051282,1.7179487179487178,0.5454267954267955,0.0,0.39700854700854704,0.13647266982235357,0.0,0.11937199894704775,2.871794871794872,18.256410256410255,1.0
