,MP,ORtg,%Ps,Pts,OR,DR,A,TO,Blk,Stl,PF,2Pt %,3Pt %,FT %,2Pt %Att,3Pt %Att,FT %Att,Pnts-Prev,Marg,Maj Cont
Daniel Ochefu,20.264705882352942,93.55882352941177,14.470588235294118,5.4411764705882355,1.8235294117647058,3.7941176470588234,1.3235294117647058,1.7941176470588236,1.4411764705882353,0.6764705882352942,2.7058823529411766,0.5740779645191408,0.0,0.42927170868347336,0.11242658541682182,0.0013368983957219253,0.08724061949843023,0.6470588235294118,11.235294117647058,1.0
Darrun Hilliard,27.323529411764707,108.32352941176471,22.323529411764707,13.441176470588236,0.8529411764705882,2.6470588235294117,2.588235294117647,1.9705882352941178,0.5,1.2352941176470589,1.7941176470588236,0.5155154486036839,0.3659663865546219,0.5590569561157795,0.1372802925109766,0.18621731593497928,0.16143685661468374,-0.47058823529411764,11.235294117647058,1.0
Darryl Reynolds,1.911764705882353,6.911764705882353,0.35294117647058826,0.20588235294117646,0.14705882352941177,0.4411764705882353,0.029411764705882353,0.20588235294117646,0.08823529411764706,0.0,0.38235294117647056,0.058823529411764705,0.0,0.029411764705882353,0.0018545349174152418,0.0,0.014952502740226525,-0.23529411764705882,11.235294117647058,0.0
Dylan Ennis,13.558823529411764,71.82352941176471,12.235294117647058,4.411764705882353,0.17647058823529413,1.2941176470588236,1.411764705882353,0.5588235294117647,0.17647058823529413,0.23529411764705882,1.2647058823529411,0.2647058823529412,0.19558823529411765,0.3242296918767507,0.047635952109816665,0.0879396370944888,0.049875692772994126,-0.29411764705882354,11.235294117647058,0.0
James Bell,27.823529411764707,102.05882352941177,20.91176470588235,13.676470588235293,1.5,4.205882352941177,1.5588235294117647,1.6176470588235294,0.5882352941176471,1.2058823529411764,2.911764705882353,0.3985410830999066,0.34405292419998307,0.5485262286732875,0.1316392134697272,0.24952100873824784,0.1178799582520932,0.35294117647058826,11.235294117647058,1.0
JayVaughn Pinkston,25.705882352941178,110.41176470588235,23.705882352941178,13.382352941176471,2.088235294117647,3.676470588235294,1.3529411764705883,1.6470588235294117,0.47058823529411764,0.8823529411764706,2.264705882352941,0.5018655364243599,0.11029411764705882,0.6649382480264833,0.24406992762484034,0.03632590024742727,0.21754236957654016,-0.5882352941176471,11.235294117647058,1.0
Josh Hart,19.823529411764707,114.0,15.617647058823529,7.470588235294118,1.7058823529411764,2.4411764705882355,0.8823529411764706,0.5294117647058824,0.23529411764705882,0.5,2.323529411764706,0.5215686274509803,0.24411764705882355,0.45035911800617673,0.08013928282515183,0.09577140965095976,0.10958090371487195,0.4117647058823529,11.235294117647058,1.0
Kris Jenkins,10.882352941176471,71.61764705882354,10.676470588235293,3.7058823529411766,0.47058823529411764,1.1764705882352942,0.5588235294117647,0.3235294117647059,0.20588235294117646,0.17647058823529413,1.3235294117647058,0.2156862745098039,0.23186274509803922,0.23235294117647057,0.03337358175347185,0.08740193514878104,0.030657045426866397,0.11764705882352941,11.235294117647058,1.0
Ryan Arcidiacono,29.176470588235293,107.23529411764706,16.235294117647058,9.323529411764707,0.2647058823529412,1.9411764705882353,3.2058823529411766,1.2941176470588236,0.029411764705882353,0.9411764705882353,1.9705882352941178,0.4343137254901961,0.3540966386554622,0.4343891402714933,0.0870338489129184,0.19463396781170653,0.09811615233208328,-0.6470588235294118,11.235294117647058,1.0
Tony Chennault,13.911764705882353,79.67647058823529,11.323529411764707,2.6176470588235294,0.23529411764705882,1.088235294117647,1.7647058823529411,0.8823529411764706,0.058823529411764705,0.6176470588235294,1.5294117647058822,0.31323529411764706,0.0,0.38480392156862747,0.06572325104709542,0.0020283975659229204,0.05389436965944572,-0.4117647058823529,11.235294117647058,1.0
