,MP,ORtg,%Ps,Pts,OR,DR,A,TO,Blk,Stl,PF,2Pt %,3Pt %,FT %,2Pt %Att,3Pt %Att,FT %Att,Pnts-Prev,Marg,Maj Cont
Angel Delgado,32.09090909090909,103.75757575757575,25.818181818181817,14.878787878787879,4.787878787878788,7.878787878787879,2.1515151515151514,2.8484848484848486,0.30303030303030304,0.6060606060606061,2.3636363636363638,0.5295091845119991,0.0,0.4687719687719688,0.2650806549738133,0.0,0.26672474776617333,-3.878787878787879,3.0303030303030303,1.0
Dalton Soffer,0.9090909090909091,5.03030303030303,0.3939393939393939,0.18181818181818182,0.0,0.06060606060606061,0.0,0.030303030303030304,0.0,0.030303030303030304,0.06060606060606061,0.0,0.015151515151515152,0.0,0.0,0.015902081677482745,0.0,0.0,3.0303030303030303,0.0
Desi Rodriguez,30.848484848484848,102.60606060606061,24.363636363636363,15.424242424242424,1.2424242424242424,3.727272727272727,1.696969696969697,2.0303030303030303,0.36363636363636365,0.8181818181818182,2.4242424242424243,0.483280313962132,0.2883958633958634,0.6034151034151035,0.2089141777709615,0.2220440265848711,0.18221293465750865,-1.696969696969697,3.0303030303030303,1.0
Eron Gordon,2.212121212121212,7.0606060606060606,1.8484848484848484,0.696969696969697,0.15151515151515152,0.30303030303030304,0.18181818181818182,0.15151515151515152,0.0,0.09090909090909091,0.3939393939393939,0.09343434343434343,0.015151515151515152,0.030303030303030304,0.012594685902317625,0.0151070731469035,0.0024242424242424242,-0.12121212121212122,3.0303030303030303,0.0
Ismael Sanogo,18.454545454545453,61.63636363636363,8.06060606060606,2.5454545454545454,1.393939393939394,3.242424242424242,0.6363636363636364,0.9696969696969697,0.5454545454545454,0.7575757575757576,1.9090909090909092,0.3097402597402597,0.030303030303030304,0.24494949494949497,0.05204123081360942,0.004671717171717172,0.048355364641335205,0.6666666666666666,3.0303030303030303,0.0
Jevon Thomas,2.8181818181818183,5.696969696969697,3.090909090909091,0.21212121212121213,0.030303030303030304,0.2727272727272727,0.24242424242424243,0.3939393939393939,0.0,0.3333333333333333,0.5151515151515151,0.030303030303030304,0.015151515151515152,0.007575757575757576,0.006533405276938167,0.004882154882154882,0.010674486803519062,-0.12121212121212122,3.0303030303030303,0.0
Khadeen Carrington,32.21212121212121,105.06060606060606,25.060606060606062,16.393939393939394,0.5454545454545454,2.4242424242424243,2.878787878787879,2.1515151515151514,0.30303030303030304,1.121212121212121,1.8484848484848484,0.4214627964627965,0.386940836940837,0.6281095167458804,0.2003735717630521,0.2762409050871772,0.21666491429055654,-1.4545454545454546,3.0303030303030303,1.0
Madison Jones,28.393939393939394,91.39393939393939,13.969696969696969,5.515151515151516,0.42424242424242425,1.9393939393939394,3.121212121212121,1.878787878787879,0.12121212121212122,1.696969696969697,2.696969696969697,0.4143939393939394,0.23232323232323232,0.3757575757575758,0.08740881790873362,0.0759150593113959,0.07310939935361724,-0.12121212121212122,3.0303030303030303,1.0
Michael Nzei,17.424242424242426,100.75757575757575,10.878787878787879,4.151515151515151,1.696969696969697,1.878787878787879,0.18181818181818182,0.8484848484848485,0.5151515151515151,0.36363636363636365,2.3636363636363638,0.5255892255892257,0.0,0.30909090909090914,0.0562530674592916,0.0,0.07946010190478218,0.06060606060606061,3.0303030303030303,1.0
Myles Carter,1.0,1.4242424242424243,0.7272727272727273,0.12121212121212122,0.06060606060606061,0.15151515151515152,0.0,0.09090909090909091,0.0,0.030303030303030304,0.15151515151515152,0.0404040404040404,0.0,0.0,0.005408752007433764,0.0,0.0012121212121212121,-0.12121212121212122,3.0303030303030303,0.0
Myles Powell,23.060606060606062,104.18181818181819,20.181818181818183,10.393939393939394,0.5757575757575758,1.606060606060606,0.8181818181818182,0.9696969696969697,0.18181818181818182,0.8484848484848485,1.9696969696969697,0.5313852813852815,0.30876623376623374,0.5075757575757576,0.0680745338376473,0.3337009513241918,0.08021181960917997,0.12121212121212122,3.0303030303030303,1.0
Rashed Anthony,3.8181818181818183,12.787878787878787,0.5151515151515151,0.21212121212121213,0.2727272727272727,0.24242424242424243,0.0,0.12121212121212122,0.030303030303030304,0.030303030303030304,1.0303030303030303,0.06060606060606061,0.0,0.06060606060606061,0.004594269563368964,0.0,0.00329004329004329,-0.12121212121212122,3.0303030303030303,0.0
Veer Singh,2.5454545454545454,3.515151515151515,1.3333333333333333,0.36363636363636365,0.06060606060606061,0.36363636363636365,0.030303030303030304,0.15151515151515152,0.030303030303030304,0.0,0.30303030303030304,0.015151515151515152,0.030303030303030304,0.0505050505050505,0.00241980241980242,0.021233000511075382,0.005356793743890517,-0.24242424242424243,3.0303030303030303,0.0
