,MP,ORtg,%Ps,Pts,OR,DR,A,TO,Blk,Stl,PF,2Pt %,3Pt %,FT %,2Pt %Att,3Pt %Att,FT %Att,Pnts-Prev,Marg,Maj Cont
Ambrose Mosley,23.6,121.48571428571428,13.4,7.828571428571428,0.9428571428571428,1.7714285714285714,1.2,0.6285714285714286,0.08571428571428572,0.6857142857142857,2.2,0.3666666666666667,0.3918841475984333,0.20714285714285716,0.03151169389064377,0.18490454582923332,0.031366190393592654,0.2857142857142857,9.942857142857143,0.0
Chris Flemmings,33.65714285714286,110.74285714285715,20.257142857142856,15.314285714285715,1.0285714285714285,4.314285714285714,2.057142857142857,2.085714285714286,0.7142857142857143,1.3428571428571427,1.8571428571428572,0.5702669552669553,0.36247165532879816,0.5960544217687075,0.1544116599893957,0.20974738001007068,0.2001053524451666,-0.05714285714285714,9.942857142857143,1.0
Chuck Ogbodo,5.057142857142857,14.857142857142858,1.3142857142857143,1.0,0.6857142857142857,0.6,0.08571428571428572,0.22857142857142856,0.5142857142857142,0.08571428571428572,1.1428571428571428,0.24285714285714285,0.0,0.05714285714285714,0.02014724410913989,0.0,0.01942789691127287,0.7428571428571429,9.942857142857143,0.0
CJ Bryce,33.2,112.74285714285715,23.685714285714287,17.142857142857142,1.6857142857142857,3.6285714285714286,2.942857142857143,1.8857142857142857,0.2,0.9428571428571428,2.2285714285714286,0.5462094254951398,0.3392176870748299,0.5922974644403217,0.263012132842026,0.1366758554577395,0.20601669427417116,-1.4857142857142858,9.942857142857143,1.0
Denzel Ingram,32.42857142857143,115.8,21.37142857142857,14.085714285714285,0.5428571428571428,1.5714285714285714,5.314285714285714,1.6857142857142857,0.08571428571428572,1.3142857142857143,1.8285714285714285,0.4448299319727891,0.34217702931988636,0.40139455782312927,0.10010388746369159,0.3095081370270965,0.10362419022443033,-0.5714285714285714,9.942857142857143,1.0
Devontae Cacok,24.97142857142857,130.17142857142858,15.857142857142858,11.971428571428572,3.4,5.9714285714285715,0.4,1.0,1.2285714285714286,1.0571428571428572,3.3714285714285714,0.7523514860489651,0.0,0.43236961451247163,0.17534537957493943,0.0,0.13919066128529042,2.5714285714285716,9.942857142857143,1.0
JaQuel Richmond,9.942857142857143,41.857142857142854,8.457142857142857,3.5142857142857142,0.2,0.7142857142857143,0.8857142857142857,0.6285714285714286,0.0,0.2571428571428571,1.3428571428571427,0.2441269841269841,0.09761904761904762,0.24285714285714285,0.05920599634608923,0.033685377667644935,0.04980846884208229,-0.7428571428571429,9.942857142857143,0.0
Jaylen Fornes,6.857142857142857,27.085714285714285,4.885714285714286,2.6285714285714286,0.34285714285714286,0.5142857142857142,0.5142857142857142,0.4,0.02857142857142857,0.2571428571428571,0.9142857142857143,0.20476190476190476,0.1714285714285714,0.1873015873015873,0.02175116511985941,0.04285320772469425,0.041357885411907026,-0.22857142857142856,9.942857142857143,0.0
Jordon Talley,14.457142857142857,82.68571428571428,18.6,6.457142857142857,0.3142857142857143,1.1142857142857143,2.1142857142857143,0.9142857142857143,0.05714285714285714,0.4857142857142857,2.2,0.3024943310657597,0.1904761904761905,0.3609183673469388,0.10004239310612295,0.04670996340370218,0.11374904276284831,-0.7428571428571429,9.942857142857143,1.0
Marcus Bryan,8.885714285714286,45.17142857142857,4.914285714285715,2.2,1.0,1.5714285714285714,0.2,0.4,0.4,0.17142857142857143,1.8857142857142857,0.3852380952380953,0.0,0.20952380952380953,0.043506729537550554,0.0,0.05933921168693338,0.34285714285714286,9.942857142857143,0.0
Matt Elmore,1.2,0.0,0.0,0.34285714285714286,0.02857142857142857,0.17142857142857143,0.0,0.02857142857142857,0.02857142857142857,0.02857142857142857,0.2571428571428571,0.02857142857142857,0.014285714285714285,0.04285714285714286,0.002390289449112979,0.007344104308390022,0.007442977190876349,0.05714285714285714,9.942857142857143,0.0
