,MP,ORtg,%Ps,Pts,OR,DR,A,TO,Blk,Stl,PF,2Pt %,3Pt %,FT %,2Pt %Att,3Pt %Att,FT %Att,Pnts-Prev,Marg,Maj Cont
Brannen Greene,13.5,77.91666666666667,12.694444444444445,5.277777777777778,0.25,1.7777777777777777,0.6666666666666666,0.8055555555555556,0.1111111111111111,0.25,1.1111111111111112,0.2708333333333333,0.28194444444444444,0.35185185185185186,0.025583549017381524,0.17071162674232845,0.0628104189725112,-0.8888888888888888,6.166666666666667,1.0
Cliff Alexander,13.666666666666666,79.5,15.11111111111111,5.527777777777778,1.5277777777777777,2.5833333333333335,0.3333333333333333,0.7777777777777778,1.0277777777777777,0.1388888888888889,1.5833333333333333,0.40007215007215,0.0,0.3232142857142857,0.09396659540599749,0.0,0.08803779965986401,0.7777777777777778,6.166666666666667,0.0
Devonte' Graham,12.86111111111111,67.02777777777777,11.166666666666666,3.861111111111111,0.19444444444444445,0.9166666666666666,1.5,0.8055555555555556,0.0,0.5555555555555556,1.1666666666666667,0.23202160493827162,0.1685185185185185,0.29930555555555555,0.047797925279276045,0.053372386868651506,0.07025554822020418,-0.5,6.166666666666667,1.0
Frank Mason,31.86111111111111,106.41666666666667,19.22222222222222,11.63888888888889,0.5555555555555556,2.9444444444444446,3.8055555555555554,1.8611111111111112,0.1111111111111111,1.3333333333333333,1.6666666666666667,0.41883417508417514,0.3439814814814815,0.6179212762546095,0.16113573646648238,0.16545334581816049,0.15215487524715032,-0.8333333333333334,6.166666666666667,1.0
Hunter Mickelson,3.638888888888889,15.13888888888889,2.611111111111111,1.1944444444444444,0.4166666666666667,0.5277777777777778,0.027777777777777776,0.25,0.5,0.19444444444444445,0.6944444444444444,0.15707671957671956,0.0,0.0787037037037037,0.021995077112695438,0.0,0.015479602223788271,0.8888888888888888,6.166666666666667,0.0
Jamari Traylor,18.61111111111111,71.08333333333333,14.333333333333334,4.305555555555555,1.4166666666666667,1.9166666666666667,0.8333333333333334,1.3888888888888888,1.0,0.75,2.111111111111111,0.36397707231040566,0.0,0.289021164021164,0.09151773908638285,0.0,0.06594150791634883,0.7222222222222222,6.166666666666667,1.0
Kelly Oubre,19.75,83.5,17.02777777777778,8.777777777777779,1.0,3.75,0.75,1.0833333333333333,0.3611111111111111,1.0833333333333333,1.8055555555555556,0.3889921035754369,0.26322751322751325,0.48265513320337877,0.09670482298628368,0.1583756234826645,0.127854426700603,0.7222222222222222,6.166666666666667,1.0
Landen Lucas,12.13888888888889,63.69444444444444,7.611111111111111,2.861111111111111,1.1944444444444444,2.138888888888889,0.2777777777777778,0.8333333333333334,0.4722222222222222,0.2222222222222222,1.8055555555555556,0.34093915343915343,0.0,0.25277777777777777,0.05183337477958936,0.0,0.04797146622193501,-0.2777777777777778,6.166666666666667,1.0
Perry Ellis,25.583333333333332,94.30555555555556,22.25,12.305555555555555,2.0277777777777777,4.194444444444445,1.1388888888888888,1.5,0.6111111111111112,0.7222222222222222,2.0555555555555554,0.41186120977787644,0.25,0.6202380952380953,0.218137846613177,0.078519363018174,0.1842607678773035,-0.3333333333333333,6.166666666666667,1.0
Sviatoslav Mykhailiuk,7.972222222222222,35.94444444444444,6.194444444444445,2.0,0.2222222222222222,0.6388888888888888,0.4444444444444444,0.4166666666666667,0.027777777777777776,0.2222222222222222,0.4444444444444444,0.1421296296296296,0.11157407407407408,0.06944444444444445,0.02268081253061873,0.09611860184741797,0.0054277112079399665,-0.3333333333333333,6.166666666666667,0.0
Wayne Selden,28.25,91.16666666666667,19.11111111111111,9.25,0.9166666666666666,1.8055555555555556,2.611111111111111,1.9444444444444444,0.5277777777777778,0.5833333333333334,1.9444444444444444,0.3530753968253968,0.2894179894179894,0.4358024691358025,0.11309096516655992,0.22189349666704739,0.12425032019679619,-1.6666666666666667,6.166666666666667,1.0
