,MP,ORtg,%Ps,Pts,OR,DR,A,TO,Blk,Stl,PF,2Pt %,3Pt %,FT %,2Pt %Att,3Pt %Att,FT %Att,Pnts-Prev,Marg,Maj Cont
Beau Levesque,21.485714285714284,124.82857142857142,21.514285714285716,9.971428571428572,1.4,2.742857142857143,1.3142857142857143,1.0857142857142856,0.2,0.5714285714285714,2.6285714285714286,0.4645351473922903,0.44156462585034006,0.5333333333333333,0.11245130413140522,0.13200471332968333,0.13202799668565107,-0.6285714285714286,11.314285714285715,1.0
Brad Waldow,21.228571428571428,113.05714285714286,20.6,9.571428571428571,2.742857142857143,3.0,0.2857142857142857,0.9714285714285714,0.8571428571428571,0.22857142857142856,2.3714285714285714,0.5629574253944001,0.0,0.47434755720469995,0.19019897185169898,0.0,0.17346641950249914,0.22857142857142856,11.314285714285715,1.0
James Walker,17.285714285714285,80.82857142857142,12.228571428571428,5.514285714285714,0.7714285714285715,2.0285714285714285,0.7714285714285715,0.9142857142857143,0.11428571428571428,0.8285714285714286,1.2571428571428571,0.3261904761904762,0.3215646258503401,0.2404761904761905,0.05269131242656691,0.11631953147184362,0.05791074479857819,0.05714285714285714,11.314285714285715,0.0
Jordan Giusti,14.371428571428572,73.85714285714286,9.17142857142857,2.6857142857142855,0.5142857142857142,0.9714285714285714,1.1428571428571428,0.5428571428571428,0.22857142857142856,0.6857142857142857,1.8285714285714285,0.2647619047619048,0.15333333333333332,0.1976190476190476,0.04102589627129064,0.047615332799834424,0.03606514913657771,0.7428571428571429,11.314285714285715,0.0
Jorden Page,18.0,89.17142857142858,15.285714285714286,6.0285714285714285,0.14285714285714285,1.2,1.6571428571428573,1.2857142857142858,0.08571428571428572,0.6857142857142857,0.8571428571428571,0.3857142857142858,0.2791836734693877,0.1880952380952381,0.05851880667587284,0.15138840040352122,0.03219540123741804,-1.0285714285714285,11.314285714285715,0.0
Kyle Rowley,4.571428571428571,21.257142857142856,3.8,1.6857142857142857,0.5428571428571428,0.9428571428571428,0.02857142857142857,0.37142857142857144,0.17142857142857143,0.02857142857142857,1.0571428571428572,0.29999999999999993,0.0,0.07142857142857142,0.03315904913527854,0.0,0.0217948380933401,-0.34285714285714286,11.314285714285715,0.0
Matt Hodgson,9.028571428571428,49.628571428571426,7.228571428571429,2.6,0.4857142857142857,1.3428571428571427,0.17142857142857143,0.6285714285714286,0.7428571428571429,0.05714285714285714,1.4857142857142858,0.35258503401360536,0.07142857142857142,0.2238095238095238,0.04850724881825498,0.016974253443190576,0.022993779329913786,0.34285714285714286,11.314285714285715,0.0
Matthew Dellavedova,34.142857142857146,114.65714285714286,23.97142857142857,14.885714285714286,0.6285714285714286,2.4857142857142858,6.057142857142857,2.6,0.11428571428571428,1.0857142857142856,1.5714285714285714,0.4102545866831582,0.3175592661306948,0.800952380952381,0.15216696450422545,0.29921802755349897,0.1945015097015462,-2.8,11.314285714285715,1.0
Mitchell Young,18.914285714285715,103.94285714285714,19.885714285714286,7.171428571428572,1.2857142857142858,3.942857142857143,0.8285714285714286,1.1714285714285715,0.2571428571428571,0.6285714285714286,1.9142857142857144,0.49048237476808904,0.11428571428571428,0.42829931972789115,0.14040588129308604,0.022733432711573895,0.10566277757682581,-0.5714285714285714,11.314285714285715,1.0
Stephen Holt,26.62857142857143,100.57142857142857,16.314285714285713,9.82857142857143,1.3142857142857143,3.142857142857143,1.3142857142857143,1.1142857142857143,0.02857142857142857,1.0285714285714285,1.2571428571428571,0.3641496598639456,0.2708730158730159,0.5592517006802722,0.11373170774946327,0.15660345114399687,0.16623852679479278,-0.11428571428571428,11.314285714285715,1.0
