,MP,ORtg,%Ps,Pts,OR,DR,A,TO,Blk,Stl,PF,2Pt %,3Pt %,FT %,2Pt %Att,3Pt %Att,FT %Att,Pnts-Prev,Marg
CJ Seaforth,4.2727272727272725,23.21212121212121,3.0,1.3333333333333333,0.06060606060606061,0.3333333333333333,0.36363636363636365,0.3939393939393939,0.0,0.06060606060606061,0.6363636363636364,0.10606060606060606,0.1787878787878788,0.03535353535353535,0.007344188690865948,0.03034625862195032,0.005957406886199456,-0.6666666666666666,3.696969696969697
Deyshonee Much,27.181818181818183,93.93939393939394,17.181818181818183,10.151515151515152,0.696969696969697,2.9696969696969697,2.212121212121212,1.393939393939394,0.21212121212121213,1.1818181818181819,1.5454545454545454,0.348989898989899,0.3669071669071669,0.3585858585858586,0.09851911376122828,0.19964528855345953,0.06920339507413811,0.0,3.696969696969697
EJ Crawford,26.060606060606062,105.42424242424242,20.333333333333332,12.484848484848484,0.5151515151515151,2.8484848484848486,1.0909090909090908,0.9696969696969697,0.2727272727272727,0.5757575757575758,1.7575757575757576,0.5107383357383356,0.32532467532467535,0.6547258297258297,0.13932976498663435,0.1758483395583532,0.17777042729320758,-0.24242424242424243,3.696969696969697
Gavin Kensmil,3.121212121212121,6.666666666666667,1.3636363636363635,0.696969696969697,0.24242424242424243,0.42424242424242425,0.06060606060606061,0.2727272727272727,0.09090909090909091,0.09090909090909091,0.8787878787878788,0.08838383838383838,0.0,0.032828282828282825,0.01859874148795705,0.0,0.023205071502285124,-0.18181818181818182,3.696969696969697
Jan Svandrlik,9.909090909090908,60.0,7.454545454545454,3.727272727272727,0.6363636363636364,1.0606060606060606,0.2727272727272727,0.12121212121212122,0.18181818181818182,0.2727272727272727,1.2727272727272727,0.16666666666666666,0.27626918536009437,0.18686868686868685,0.012544718945159645,0.07923961740627578,0.02968774392571184,0.6666666666666666,3.696969696969697
Rickey McGill,33.666666666666664,106.0909090909091,23.666666666666668,13.545454545454545,0.696969696969697,3.393939393939394,5.575757575757576,2.757575757575758,0.12121212121212122,1.5757575757575757,2.090909090909091,0.4984116052297871,0.3094997594997595,0.5813408813408814,0.1918456257037817,0.15600186187319526,0.17063147197130216,-2.121212121212121,3.696969696969697
Roland Griffin,22.939393939393938,100.72727272727273,22.424242424242426,10.545454545454545,1.1515151515151516,3.878787878787879,1.393939393939394,1.4848484848484849,0.6666666666666666,0.42424242424242425,2.727272727272727,0.5114787717728895,0.045454545454545456,0.4446587082950719,0.2058222980021735,0.010140182488667337,0.18390622269733414,-0.7878787878787878,3.696969696969697
Schadrac Casimir,26.272727272727273,100.0,15.151515151515152,10.090909090909092,0.42424242424242425,1.4545454545454546,1.7878787878787878,1.0909090909090908,0.0,0.7575757575757576,1.9393939393939394,0.2953102453102453,0.37865560365560363,0.575,0.0669237500502998,0.1747933418087036,0.14477608162101674,-0.6666666666666666,3.696969696969697
TK Edogi,24.03030303030303,99.33333333333333,17.636363636363637,8.575757575757576,2.515151515151515,4.545454545454546,0.3939393939393939,1.5151515151515151,1.1515151515151516,0.5151515151515151,2.4242424242424243,0.5443674591401865,0.030303030303030304,0.4257575757575758,0.17193449527342536,0.00781439811283442,0.09429794495298438,0.30303030303030304,3.696969696969697
Tyrell Williams,0.9393939393939394,0.0,0.0,0.30303030303030304,0.12121212121212122,0.2727272727272727,0.0,0.09090909090909091,0.09090909090909091,0.0,0.12121212121212122,0.09696969696969697,0.0,0.030303030303030304,0.00896890633732739,0.0,0.007359307359307359,0.0,3.696969696969697
Zach Lewis,25.333333333333332,84.6969696969697,16.151515151515152,8.333333333333334,0.12121212121212122,2.515151515151515,2.757575757575758,1.2727272727272727,0.2727272727272727,1.3333333333333333,1.878787878787879,0.29107744107744105,0.27545148454239365,0.41262626262626256,0.07816839676114691,0.16617071157656063,0.09320492671651315,0.6666666666666666,3.696969696969697
