,MP,ORtg,%Ps,Pts,OR,DR,A,TO,Blk,Stl,PF,2Pt %,3Pt %,FT %,2Pt %Att,3Pt %Att,FT %Att,Pnts-Prev,Marg,Maj Cont
Corey Henderson,5.457142857142857,18.8,4.0285714285714285,1.4857142857142858,0.08571428571428572,0.22857142857142856,0.17142857142857143,0.2,0.02857142857142857,0.14285714285714285,0.4857142857142857,0.10666666666666667,0.12571428571428572,0.04285714285714286,0.018479828531548833,0.06313527500011933,0.015424836601307189,-0.05714285714285714,12.714285714285714,0.0
Darius Carter,19.62857142857143,97.25714285714285,24.82857142857143,10.2,1.7142857142857142,3.142857142857143,0.4857142857142857,0.9428571428571428,0.5714285714285714,0.4,2.0285714285714285,0.46204374990089264,0.08571428571428572,0.48336734693877537,0.21707386480614368,0.006416083341549181,0.1668289370108975,0.05714285714285714,12.714285714285714,1.0
Evan Wessel,18.8,86.48571428571428,8.942857142857143,3.4857142857142858,1.1428571428571428,1.6571428571428573,0.6285714285714286,0.37142857142857144,0.11428571428571428,0.7142857142857143,1.1428571428571428,0.21904761904761902,0.2366666666666666,0.0738095238095238,0.025970456882097835,0.12096072252971854,0.024923832780975638,0.9142857142857143,12.714285714285714,0.0
Fred VanVleet,28.34285714285714,112.08571428571429,22.457142857142856,11.6,1.0285714285714285,3.0285714285714285,4.857142857142857,1.5142857142857142,0.08571428571428572,1.6571428571428573,1.2857142857142858,0.4401886209029066,0.3466666666666667,0.6204821369107084,0.16000265512768527,0.15048523838084055,0.20328144660172243,0.45714285714285713,12.714285714285714,1.0
Rashard Kelly,12.914285714285715,65.8,12.028571428571428,2.742857142857143,1.2285714285714286,1.542857142857143,0.4,1.0,0.2571428571428571,0.3142857142857143,1.1142857142857143,0.35999999999999993,0.1,0.2542857142857143,0.05172599485365656,0.01296034203154946,0.05346738203604203,-0.8571428571428571,12.714285714285714,0.0
Rauno Nurger,6.057142857142857,18.17142857142857,3.5428571428571427,1.5714285714285714,0.22857142857142856,0.5714285714285714,0.11428571428571428,0.22857142857142856,0.2571428571428571,0.08571428571428572,0.8285714285714286,0.2219047619047619,0.05238095238095238,0.10612244897959185,0.016022255263354684,0.025267611645320622,0.022203641768859157,0.22857142857142856,12.714285714285714,0.0
Ria'n Holland,6.542857142857143,33.34285714285714,4.371428571428571,1.4285714285714286,0.22857142857142856,0.34285714285714286,0.2857142857142857,0.2,0.02857142857142857,0.17142857142857143,0.7714285714285715,0.12857142857142856,0.1457142857142857,0.05714285714285714,0.01365586793138991,0.04681509977194842,0.005659075224292615,0.0,12.714285714285714,0.0
Ron Baker,29.65714285714286,112.74285714285715,20.428571428571427,13.714285714285714,0.8,3.2857142857142856,2.3142857142857145,1.0285714285714285,0.7142857142857143,1.1428571428571428,1.6,0.4563718820861678,0.39283137497423215,0.5524716553287983,0.1370666341501608,0.28528986521131205,0.14967824870227134,1.6571428571428573,12.714285714285714,1.0
Shaquille Morris,11.342857142857143,69.62857142857143,15.371428571428572,4.171428571428572,0.7142857142857143,1.6571428571428573,0.3142857142857143,0.7428571428571429,0.7142857142857143,0.22857142857142856,2.3142857142857145,0.39931972789115644,0.0,0.28469387755102044,0.08618712683622765,0.0012422360248447205,0.06925829659775713,0.4,12.714285714285714,0.0
Tekele Cotton,28.057142857142857,94.42857142857143,16.942857142857143,8.514285714285714,0.6857142857142857,2.8857142857142857,2.6,1.1714285714285715,0.2857142857142857,1.1714285714285715,1.4,0.4275510204081632,0.21857142857142856,0.34367346938775517,0.13178296122623598,0.16910659380204404,0.1000932757115968,0.5714285714285714,12.714285714285714,1.0
Tevin Glass,3.057142857142857,7.285714285714286,2.6857142857142855,1.1142857142857143,0.3142857142857143,0.2857142857142857,0.11428571428571428,0.14285714285714285,0.08571428571428572,0.02857142857142857,0.42857142857142855,0.10476190476190476,0.07142857142857142,0.13809523809523808,0.01973898918110357,0.00852337884047593,0.01731132623989767,-0.05714285714285714,12.714285714285714,0.0
Tom Wamukota,4.914285714285715,21.514285714285716,1.9714285714285715,0.9714285714285714,0.5428571428571428,0.7428571428571429,0.02857142857142857,0.17142857142857143,0.14285714285714285,0.05714285714285714,0.8857142857142857,0.19523809523809524,0.0,0.11523809523809524,0.01795979067047358,0.0,0.028161490944742174,0.05714285714285714,12.714285714285714,0.0
Zach Brown,6.742857142857143,56.457142857142856,5.171428571428572,2.0,0.42857142857142855,0.3142857142857143,0.14285714285714285,0.3142857142857143,0.2,0.2,0.6285714285714286,0.21142857142857144,0.17619047619047618,0.1595238095238095,0.01861928882563586,0.024083267705991396,0.057993924065352635,0.17142857142857143,12.714285714285714,1.0
