,MP,ORtg,%Ps,Pts,OR,DR,A,TO,Blk,Stl,PF,2Pt %,3Pt %,FT %,2Pt %Att,3Pt %Att,FT %Att,Pnts-Prev,Marg,Maj Cont
David Nyarsuk,4.352941176470588,19.235294117647058,1.6176470588235294,0.9117647058823529,0.4117647058823529,0.4411764705882353,0.058823529411764705,0.23529411764705882,0.35294117647058826,0.058823529411764705,0.7058823529411765,0.1764705882352941,0.0,0.10784313725490195,0.015413070569674794,0.0,0.009948096885813149,0.35294117647058826,10.088235294117647,0.0
Ge'Lawn Guyn,18.529411764705884,78.3529411764706,14.705882352941176,4.4411764705882355,0.4411764705882353,1.5294117647058822,0.9411764705882353,1.0294117647058822,0.17647058823529413,0.6470588235294118,1.8529411764705883,0.27696078431372545,0.2525210084033614,0.10294117647058823,0.05256202557231123,0.15025722019343996,0.03136951966752637,-0.4117647058823529,10.088235294117647,1.0
Jeremiah Davis,0.8823529411764706,0.0,0.0,0.17647058823529413,0.058823529411764705,0.058823529411764705,0.058823529411764705,0.029411764705882353,0.0,0.029411764705882353,0.11764705882352941,0.058823529411764705,0.0,0.029411764705882353,0.001872645609968125,0.0014005602240896359,0.0021008403361344537,0.0,10.088235294117647,0.0
Jermaine Lawrence,11.294117647058824,47.38235294117647,11.147058823529411,2.1176470588235294,0.9117647058823529,1.2352941176470589,0.38235294117647056,0.7647058823529411,0.47058823529411764,0.20588235294117646,1.6470588235294117,0.1906862745098039,0.0,0.20980392156862743,0.058878229512380705,0.0,0.04935801651201012,-0.17647058823529413,10.088235294117647,0.0
Jermaine Sanders,20.91176470588235,115.5,12.764705882352942,5.735294117647059,1.2352941176470589,1.7941176470588236,1.0,0.47058823529411764,0.2647058823529412,0.47058823529411764,1.1470588235294117,0.4490196078431372,0.30000000000000004,0.29061624649859946,0.052255461585846284,0.15915670651872377,0.05760102516785708,0.5294117647058824,10.088235294117647,0.0
Justin Jackson,26.676470588235293,98.79411764705883,23.11764705882353,10.735294117647058,3.0588235294117645,3.8823529411764706,1.7352941176470589,1.8823529411764706,2.764705882352941,1.588235294117647,2.9705882352941178,0.5009830855419091,0.0,0.411344537815126,0.21805833119242488,0.0,0.16469476951433493,4.9411764705882355,10.088235294117647,1.0
Kevin Johnson,9.558823529411764,56.55882352941177,8.794117647058824,3.5294117647058822,0.4117647058823529,0.5,0.5882352941176471,0.5,0.11764705882352941,0.38235294117647056,1.2352941176470589,0.3480392156862745,0.2426470588235294,0.303921568627451,0.03940225889140928,0.07955313902544747,0.037593614040645935,0.0,10.088235294117647,1.0
Sean Kilpatrick,32.6764705882353,119.41176470588235,28.058823529411764,20.08823529411765,1.0588235294117647,3.2058823529411766,2.5,1.911764705882353,0.029411764705882353,1.3529411764705883,1.2647058823529411,0.4840450399273929,0.33361222111222116,0.7594972837619897,0.18335184757328685,0.45042164465048157,0.2793707153204956,-1.0588235294117647,10.088235294117647,1.0
Shaq Thomas,22.294117647058822,92.29411764705883,17.029411764705884,6.588235294117647,1.088235294117647,1.6470588235294117,0.9411764705882353,1.0294117647058822,0.29411764705882354,0.8235294117647058,1.5588235294117647,0.44112978524743224,0.09313725490196079,0.3609943977591036,0.1343047974471109,0.031066954176360486,0.09631693346605011,0.17647058823529413,10.088235294117647,1.0
Titus Rubles,28.058823529411764,102.58823529411765,16.970588235294116,7.0588235294117645,2.3823529411764706,4.147058823529412,1.911764705882353,1.4411764705882353,0.8235294117647058,1.2941176470588236,2.9411764705882355,0.38596656611362495,0.0,0.6151960784313725,0.1500477635800552,0.004503581618405876,0.1387937652880222,1.3529411764705883,10.088235294117647,1.0
Troy Caupain,18.470588235294116,97.70588235294117,17.323529411764707,5.323529411764706,0.38235294117647056,1.911764705882353,2.235294117647059,1.2352941176470589,0.058823529411764705,0.8529411764705882,1.4411764705882353,0.3176470588235294,0.2529411764705882,0.5334733893557422,0.06444180375964945,0.09422842888716888,0.10344093909522757,-0.6470588235294118,10.088235294117647,0.0
