,MP,ORtg,%Ps,Pts,OR,DR,A,TO,Blk,Stl,PF,2Pt %,3Pt %,FT %,2Pt %Att,3Pt %Att,FT %Att,Pnts-Prev,Marg,Maj Cont
Briante Weber,14.694444444444445,59.97222222222222,11.305555555555555,4.5,0.3888888888888889,1.6388888888888888,2.361111111111111,0.9444444444444444,0.1111111111111111,2.1666666666666665,1.0833333333333333,0.21957070707070706,0.1597222222222222,0.27121913580246915,0.08203797331474033,0.033313967419033,0.06650317656462867,2.6666666666666665,6.777777777777778,0.0
Doug Brooks,13.166666666666666,68.05555555555556,13.166666666666666,4.361111111111111,0.25,1.5277777777777777,0.5555555555555556,0.75,0.08333333333333333,1.0555555555555556,2.0,0.3467592592592592,0.28518518518518515,0.21898148148148147,0.05143898976064956,0.08047873507778533,0.058086580642943586,0.7777777777777778,6.777777777777778,1.0
Jarred Guest,6.416666666666667,25.61111111111111,3.4444444444444446,1.3055555555555556,0.6944444444444444,0.7222222222222222,0.05555555555555555,0.3055555555555556,0.08333333333333333,0.4166666666666667,1.0277777777777777,0.3005952380952381,0.0,0.06944444444444445,0.035554561329988785,0.0,0.014989227760966891,0.3888888888888889,6.777777777777778,0.0
JeQuan Lewis,20.22222222222222,83.63888888888889,23.02777777777778,7.944444444444445,0.2777777777777778,1.2777777777777777,2.5277777777777777,2.0277777777777777,0.0,1.3611111111111112,2.4444444444444446,0.29791666666666666,0.3096230158730159,0.4815025252525253,0.10513888402228776,0.11984949817214208,0.10735866258896586,-1.3333333333333333,6.777777777777778,1.0
Jonathan Williams,9.75,43.77777777777778,10.61111111111111,2.0555555555555554,0.05555555555555555,0.5,1.2777777777777777,0.7777777777777778,0.027777777777777776,0.6388888888888888,1.1388888888888888,0.2970238095238095,0.0,0.15625,0.05772132531839339,0.002037037037037037,0.04904582963615883,-0.2222222222222222,6.777777777777778,1.0
Jordan Burgess,20.916666666666668,87.02777777777777,14.027777777777779,4.916666666666667,1.0277777777777777,3.0555555555555554,0.75,0.75,0.4166666666666667,0.5555555555555556,1.6944444444444444,0.37215608465608463,0.23888888888888882,0.32883597883597887,0.05223844253604959,0.10538477511244589,0.08966386797884869,0.4444444444444444,6.777777777777778,0.0
Justin Tillman,11.88888888888889,73.94444444444444,9.944444444444445,3.5277777777777777,1.0555555555555556,1.3888888888888888,0.05555555555555555,0.3888888888888889,0.9444444444444444,0.3333333333333333,1.5833333333333333,0.4240410052910054,0.0,0.13935185185185184,0.07718776659181004,0.000992063492063492,0.039226125573576846,1.7777777777777777,6.777777777777778,0.0
Melvin Johnson,26.805555555555557,107.69444444444444,21.055555555555557,11.944444444444445,0.4722222222222222,1.3888888888888888,1.75,0.9722222222222222,0.08333333333333333,1.0277777777777777,1.5555555555555556,0.423258377425044,0.3247955747955748,0.3726190476190476,0.11159050771553589,0.26783733119784414,0.07461265100834585,0.2777777777777778,6.777777777777778,1.0
Michael Gilmore,4.361111111111111,19.333333333333332,2.4166666666666665,1.4166666666666667,0.3055555555555556,0.7777777777777778,0.1111111111111111,0.1111111111111111,0.16666666666666666,0.1388888888888889,0.8611111111111112,0.19351851851851853,0.05555555555555555,0.034722222222222224,0.020019032838563315,0.020188636125470342,0.021434082892416228,0.3888888888888889,6.777777777777778,0.0
Mo Alie-Cox,25.416666666666668,119.11111111111111,14.916666666666666,7.194444444444445,3.0,2.5,0.7222222222222222,1.0555555555555556,1.8888888888888888,0.6388888888888888,2.0,0.5867173721340387,0.0,0.4702380952380952,0.13103417874247095,0.0,0.12223282373679556,2.9444444444444446,6.777777777777778,1.0
Terry Larrier,17.97222222222222,78.33333333333333,18.36111111111111,6.527777777777778,0.8611111111111112,2.0277777777777777,0.5555555555555556,0.9722222222222222,0.1388888888888889,0.4166666666666667,1.3611111111111112,0.3736111111111111,0.2138888888888889,0.43396164021164024,0.0665424362602081,0.14603899367092898,0.10847870682974602,-0.8333333333333334,6.777777777777778,1.0
Torey Burston,0.9722222222222222,0.0,0.0,0.19444444444444445,0.0,0.1111111111111111,0.16666666666666666,0.0,0.0,0.08333333333333333,0.08333333333333333,0.0,0.013888888888888888,0.05555555555555555,0.0008680555555555555,0.004519836041575171,0.008665458937198067,0.16666666666666666,6.777777777777778,0.0
Treveon Graham,25.77777777777778,102.22222222222223,24.083333333333332,14.527777777777779,1.9444444444444444,4.305555555555555,1.3888888888888888,1.0555555555555556,0.25,0.5555555555555556,1.8055555555555556,0.4516067266067265,0.30682920474587144,0.4879103920770587,0.18085006823596894,0.19158134887589665,0.21192502807163105,-0.5,6.777777777777778,1.0
