,MP,ORtg,%Ps,Pts,OR,DR,A,TO,Blk,Stl,PF,2Pt %,3Pt %,FT %,2Pt %Att,3Pt %Att,FT %Att,Pnts-Prev,Marg,Maj Cont
Ahmed Hill,29.0,102.24242424242425,17.151515151515152,11.242424242424242,0.30303030303030304,2.8484848484848486,1.1818181818181819,1.0606060606060606,0.18181818181818182,0.24242424242424243,2.1818181818181817,0.5322314049586776,0.34463793781975594,0.5929292929292929,0.10168551060500584,0.21639460352782838,0.12137176590405366,-1.2727272727272727,4.696969696969697,1.0
Chris Clarke,21.03030303030303,84.39393939393939,14.878787878787879,8.303030303030303,1.0606060606060606,4.242424242424242,2.393939393939394,1.4848484848484849,0.21212121212121213,0.9090909090909091,1.4545454545454546,0.46955376273558086,0.09090909090909091,0.48466483011937556,0.13187842878484,0.017987998550658395,0.15467622724289426,-0.7272727272727273,4.696969696969697,0.0
Justin Bibbs,30.151515151515152,103.03030303030303,14.575757575757576,8.93939393939394,0.36363636363636365,2.3636363636363638,1.5757575757575757,0.9696969696969697,0.09090909090909091,0.30303030303030304,2.121212121212121,0.29992784992785,0.39570707070707073,0.31565656565656564,0.08447897382884326,0.21924477298343836,0.05134438449008296,-1.1515151515151516,4.696969696969697,0.0
Justin Robinson,30.393939393939394,102.75757575757575,20.515151515151516,10.030303030303031,0.48484848484848486,2.4545454545454546,4.666666666666667,2.393939393939394,0.18181818181818182,0.696969696969697,2.4545454545454546,0.4367243867243867,0.3207070707070707,0.6507215007215006,0.12030618946547543,0.14890986354831973,0.1851639168456186,-3.0303030303030303,4.696969696969697,1.0
Khadim Sy,10.727272727272727,62.96969696969697,10.757575757575758,3.787878787878788,0.8484848484848485,1.7272727272727273,0.18181818181818182,0.7272727272727273,0.6060606060606061,0.09090909090909091,1.3333333333333333,0.4262626262626262,0.030303030303030304,0.19913419913419914,0.08593232498976001,0.0016835016835016834,0.0333323711651885,-0.06060606060606061,4.696969696969697,1.0
Matt Galloway,1.1818181818181819,0.0,0.0,0.09090909090909091,0.0,0.030303030303030304,0.030303030303030304,0.0,0.0,0.030303030303030304,0.24242424242424243,0.0,0.015151515151515152,0.0,0.0,0.010728522685044423,0.0,0.06060606060606061,4.696969696969697,0.0
Seth Allen,27.272727272727273,103.0,22.424242424242426,12.575757575757576,0.21212121212121213,2.0,3.0606060606060606,2.696969696969697,0.12121212121212122,0.696969696969697,1.7272727272727273,0.5786282740828196,0.36226551226551224,0.5825396825396826,0.15251580953668156,0.15011350456014494,0.12616482424557843,-3.757575757575758,4.696969696969697,1.0
Ty Outlaw,16.515151515151516,90.60606060606061,10.757575757575758,5.787878787878788,0.2727272727272727,2.3333333333333335,0.3333333333333333,0.45454545454545453,0.3333333333333333,0.2727272727272727,1.7272727272727273,0.25757575757575757,0.35974025974025964,0.12121212121212122,0.023483087371619436,0.15169683429971734,0.01635597517950459,0.30303030303030304,4.696969696969697,1.0
Zach LeDay,28.515151515151516,111.6969696969697,25.96969696969697,15.757575757575758,2.4242424242424243,4.787878787878788,1.2121212121212122,1.7878787878787878,0.9393939393939394,0.5757575757575758,2.5757575757575757,0.5514865605774698,0.13636363636363635,0.729243736061918,0.26941664511474417,0.05293736785831648,0.28128750462404867,-0.5454545454545454,4.696969696969697,1.0
