,MP,ORtg,%Ps,Pts,OR,DR,A,TO,Blk,Stl,PF,2Pt %,3Pt %,FT %,2Pt %Att,3Pt %Att,FT %Att,Pnts-Prev,Marg,Maj Cont
Brandon Ashley,25.07894736842105,99.10526315789474,19.789473684210527,11.026315789473685,1.6578947368421053,3.210526315789474,0.5789473684210527,1.2894736842105263,0.631578947368421,0.5526315789473685,2.3947368421052633,0.477480633401686,0.18201754385964913,0.5669799498746867,0.16945624995482989,0.06905699163418733,0.1648387450866671,-0.21052631578947367,15.947368421052632,1.0
Craig Victor,1.5,8.421052631578947,1.0,0.6578947368421053,0.15789473684210525,0.07894736842105263,0.0,0.02631578947368421,0.05263157894736842,0.07894736842105263,0.10526315789473684,0.1118421052631579,0.0,0.07280701754385965,0.009035492143038653,0.0,0.015410643857706283,0.21052631578947367,15.947368421052632,0.0
Dusan Ristic,7.7105263157894735,42.6578947368421,6.421052631578948,3.0789473684210527,0.5263157894736842,1.3421052631578947,0.05263157894736842,0.23684210526315788,0.23684210526315788,0.02631578947368421,1.131578947368421,0.31118421052631584,0.10526315789473684,0.18464912280701753,0.045088329500655396,0.01284184726522188,0.04212237152594393,0.05263157894736842,15.947368421052632,0.0
Elliott Pitts,13.394736842105264,90.94736842105263,8.921052631578947,3.210526315789474,0.39473684210526316,0.6052631578947368,0.39473684210526316,0.2894736842105263,0.05263157894736842,0.3157894736842105,1.3421052631578947,0.32894736842105265,0.2587719298245614,0.2192982456140351,0.019818497331747766,0.13116315478015003,0.02154645652084936,0.15789473684210525,15.947368421052632,0.0
Gabe York,19.63157894736842,95.3157894736842,15.447368421052632,7.921052631578948,0.13157894736842105,1.7105263157894737,1.131578947368421,0.9210526315789473,0.34210526315789475,0.47368421052631576,1.105263157894737,0.39999999999999997,0.3184837092731829,0.4320175438596491,0.04938152430299015,0.278218177546025,0.06430039237103281,-0.21052631578947367,15.947368421052632,1.0
Kaleb Tarczewski,23.236842105263158,94.34210526315789,15.973684210526315,8.131578947368421,1.394736842105263,3.1578947368421053,0.23684210526315788,1.3157894736842106,0.47368421052631576,0.42105263157894735,2.763157894736842,0.5045169742538164,0.0,0.5790347079820763,0.12511616121478253,0.0,0.13502001220293525,-0.8421052631578947,15.947368421052632,1.0
Matt Korcheck,1.868421052631579,0.0,0.0,0.6842105263157895,0.18421052631578946,0.23684210526315788,0.07894736842105263,0.02631578947368421,0.18421052631578946,0.02631578947368421,0.23684210526315788,0.19736842105263158,0.0,0.07894736842105263,0.008368791099283873,0.0,0.006593004948268106,0.3684210526315789,15.947368421052632,0.0
Parker Jackson-Cartwright,8.0,49.63157894736842,8.68421052631579,2.4210526315789473,0.13157894736842105,1.0526315789473684,1.5,0.5263157894736842,0.0,0.2631578947368421,0.7894736842105263,0.2741228070175438,0.12280701754385966,0.22807017543859648,0.031020936892821382,0.03970287854922041,0.033259439731306906,-0.5263157894736842,15.947368421052632,0.0
Rondae Hollis-Jefferson,25.394736842105264,100.89473684210526,18.63157894736842,9.763157894736842,1.763157894736842,4.2894736842105265,1.368421052631579,1.4473684210526316,0.8157894736842105,1.0526315789473684,2.0789473684210527,0.4689166097060835,0.11403508771929824,0.5727903675272097,0.13902709577586306,0.051683389167094564,0.17978573733493378,0.8421052631578947,15.947368421052632,1.0
Stanley Johnson,25.36842105263158,97.94736842105263,23.63157894736842,12.605263157894736,1.8157894736842106,4.078947368421052,1.5526315789473684,1.9473684210526316,0.3684210526315789,1.3421052631578947,2.3421052631578947,0.4550969498337919,0.3276315789473684,0.5989823042454621,0.16363001518484924,0.19167146685172592,0.17547126844102914,-0.47368421052631576,15.947368421052632,1.0
T.J. McConnell,26.789473684210527,108.26315789473684,18.736842105263158,8.763157894736842,0.5526315789473685,2.8421052631578947,5.7368421052631575,1.763157894736842,0.05263157894736842,1.868421052631579,1.6578947368421053,0.4742665959771221,0.2605263157894737,0.3862781954887218,0.13479374870440122,0.12039893631163796,0.056388770084590506,0.3157894736842105,15.947368421052632,1.0
