,MP,ORtg,%Ps,Pts,OR,DR,A,TO,Blk,Stl,PF,2Pt %,3Pt %,FT %,2Pt %Att,3Pt %Att,FT %Att,Pnts-Prev,Marg,Maj Cont
Brice Johnson,18.764705882352942,104.70588235294117,22.5,9.794117647058824,2.088235294117647,3.764705882352941,0.8529411764705882,1.1176470588235294,1.1470588235294117,0.7352941176470589,2.676470588235294,0.5206943383413972,0.0,0.42401960784313725,0.15839703060430713,0.0,0.0887003042620163,1.5294117647058822,6.823529411764706,1.0
Desmond Hubert,5.205882352941177,10.294117647058824,1.6764705882352942,0.5588235294117647,0.47058823529411764,0.4411764705882353,0.08823529411764706,0.17647058823529413,0.35294117647058826,0.0,0.5294117647058824,0.16176470588235295,0.0,0.08823529411764706,0.008540827497419837,0.0,0.01991167751515507,0.35294117647058826,6.823529411764706,0.0
Isaiah Hicks,7.088235294117647,36.705882352941174,3.676470588235294,1.1764705882352942,0.4117647058823529,0.5882352941176471,0.20588235294117646,0.38235294117647056,0.35294117647058826,0.08823529411764706,0.9411764705882353,0.2647058823529412,0.029411764705882353,0.125,0.01929294285472023,0.01175123895712131,0.025628923711523498,0.11764705882352941,6.823529411764706,0.0
J.P. Tokoto,26.852941176470587,95.70588235294117,18.5,8.647058823529411,1.8235294117647058,3.676470588235294,2.823529411764706,1.8235294117647058,0.5,1.4705882352941178,2.588235294117647,0.4892358458534929,0.14950980392156862,0.3519607843137255,0.1329072826807925,0.08221989644544735,0.09842461632695133,0.29411764705882354,6.823529411764706,1.0
Jackson Simmons,5.235294117647059,18.58823529411765,1.6470588235294117,0.9411764705882353,0.38235294117647056,0.6176470588235294,0.2647058823529412,0.11764705882352941,0.029411764705882353,0.14705882352941177,0.5588235294117647,0.20588235294117646,0.0,0.10588235294117647,0.011625436873170003,0.0,0.015341489829265498,0.11764705882352941,6.823529411764706,0.0
James Michael McAdoo,28.294117647058822,96.23529411764706,23.676470588235293,13.352941176470589,2.4705882352941178,3.7941176470588234,1.588235294117647,1.3235294117647058,0.8823529411764706,1.2647058823529411,2.5,0.4431490486637546,0.0,0.46769988697233283,0.2154862928025988,0.020745798319327734,0.28022770250038737,1.6470588235294117,6.823529411764706,1.0
Joel James,6.735294117647059,33.38235294117647,5.823529411764706,1.5294117647058822,0.8529411764705882,1.5,0.17647058823529413,0.5294117647058824,0.11764705882352941,0.058823529411764705,1.0588235294117647,0.18662464985994398,0.0,0.22549019607843138,0.028975199430809714,0.0,0.020452123365523447,-0.7058823529411765,6.823529411764706,0.0
Kennedy Meeks,15.0,90.23529411764706,19.88235294117647,6.764705882352941,2.1176470588235294,3.4411764705882355,0.7352941176470589,1.0,0.7352941176470589,0.2647058823529412,1.588235294117647,0.4227824463118581,0.0,0.46211484593837543,0.10351036637623898,0.0,0.09771031974431212,0.0,6.823529411764706,1.0
Leslie McDonald,18.08823529411765,67.6470588235294,12.970588235294118,6.9411764705882355,0.2647058823529412,1.0588235294117647,1.0,0.7647058823529411,0.058823529411764705,0.3235294117647059,1.9411764705882353,0.3191176470588235,0.2042483660130719,0.2909313725490196,0.05137600987387358,0.2745519321882916,0.07397815333279319,-0.7647058823529411,6.823529411764706,1.0
Luke Davis,3.823529411764706,6.294117647058823,0.8529411764705882,0.11764705882352941,0.029411764705882353,0.20588235294117646,0.3235294117647059,0.17647058823529413,0.0,0.058823529411764705,0.29411764705882354,0.058823529411764705,0.0,0.0,0.001276981380787609,0.019397759103641457,0.004489164086687307,-0.23529411764705882,6.823529411764706,0.0
Marcus Paige,33.470588235294116,112.6470588235294,20.558823529411764,16.41176470588235,0.5,2.6470588235294117,4.088235294117647,2.0,0.20588235294117646,1.4411764705882353,1.8823529411764706,0.4319094304388422,0.35949091757915275,0.755039894745777,0.12397205813236918,0.49803059933045357,0.1470689504995052,-0.7058823529411765,6.823529411764706,1.0
Nate Britt,19.676470588235293,82.29411764705883,16.205882352941178,5.029411764705882,0.20588235294117646,1.1470588235294117,2.264705882352941,1.6176470588235294,0.08823529411764706,1.0294117647058822,2.411764705882353,0.3750116713352007,0.07352941176470588,0.4193627450980393,0.08581604208114778,0.03447924624395212,0.06924304541411495,-1.0,6.823529411764706,0.0
