,MP,ORtg,%Ps,Pts,OR,DR,A,TO,Blk,Stl,PF,2Pt %,3Pt %,FT %,2Pt %Att,3Pt %Att,FT %Att,Pnts-Prev,Marg,Maj Cont
Alex Kirk,28.085714285714285,103.94285714285714,22.228571428571428,11.514285714285714,2.2285714285714286,5.485714285714286,0.4857142857142857,1.4,1.7714285714285714,0.42857142857142855,2.085714285714286,0.4946925296925295,0.16666666666666666,0.6476757369614513,0.21921212017675637,0.07838355536055669,0.16429032177681177,1.6,6.828571428571428,1.0
Cameron Bairstow,23.285714285714285,107.68571428571428,23.057142857142857,9.285714285714286,2.057142857142857,3.6285714285714286,0.8571428571428571,1.1142857142857143,0.6,0.6285714285714286,2.342857142857143,0.46082679225536377,0.0,0.5937301587301587,0.1925945193316538,0.0,0.1938140595814595,0.22857142857142856,6.828571428571428,1.0
Chad Adams,18.685714285714287,96.71428571428571,11.657142857142857,4.371428571428571,0.6285714285714286,2.3714285714285714,0.6571428571428571,0.7142857142857143,0.08571428571428572,0.5142857142857142,2.0,0.4393877551020408,0.2780952380952381,0.18285714285714286,0.06708479692662636,0.056519287683096164,0.04644237411919229,-0.22857142857142856,6.828571428571428,0.0
Demetrius Walker,10.114285714285714,41.48571428571429,10.857142857142858,3.2857142857142856,0.05714285714285714,0.7142857142857143,0.42857142857142855,0.8571428571428571,0.11428571428571428,0.34285714285714286,1.1142857142857143,0.1995238095238095,0.2023809523809524,0.23,0.04466711892201592,0.07860769801725132,0.043066889049183495,-0.8,6.828571428571428,0.0
Hugh Greenwood,27.6,106.71428571428571,15.885714285714286,6.9714285714285715,1.0,3.914285714285714,2.3142857142857145,1.2285714285714286,0.45714285714285713,1.2857142857142858,2.2857142857142856,0.4064285714285714,0.32849206349206356,0.3496598639455782,0.07469586467643811,0.16883146678076316,0.06658370452666587,1.0285714285714285,6.828571428571428,0.0
Jamal Fenton,12.742857142857142,71.48571428571428,14.657142857142857,3.2857142857142856,0.17142857142857143,0.9428571428571428,1.1714285714285715,0.6571428571428571,0.0,0.7142857142857143,0.9714285714285714,0.2373809523809524,0.19414965986394558,0.2309523809523809,0.03869431710503197,0.10993967248819018,0.05327307116210457,0.11428571428571428,6.828571428571428,1.0
Kendall Williams,32.57142857142857,105.62857142857143,22.37142857142857,12.714285714285714,0.45714285714285713,2.942857142857143,4.742857142857143,2.0,0.08571428571428572,1.0571428571428572,1.2571428571428571,0.4162244897959183,0.2636106750392465,0.7345658123389214,0.147074335148039,0.20389458303426203,0.23600448009046043,-1.7142857142857142,6.828571428571428,1.0
Nick Banyard,5.457142857142857,8.514285714285714,1.7142857142857142,0.7428571428571429,0.42857142857142855,0.8,0.2,0.5142857142857142,0.11428571428571428,0.11428571428571428,0.9142857142857143,0.15238095238095237,0.02857142857142857,0.1,0.021837392695860987,0.0124980574980575,0.02944833691052179,-0.5714285714285714,6.828571428571428,0.0
Pancake Thomas,6.0285714285714285,19.65714285714286,1.8571428571428572,1.0285714285714285,0.22857142857142856,0.5142857142857142,0.4857142857142857,0.3142857142857143,0.0,0.11428571428571428,0.6571428571428571,0.20476190476190476,0.0,0.11428571428571428,0.023328371846483117,0.005898359343737496,0.020788379126214812,-0.4,6.828571428571428,0.0
Tony Snell,30.228571428571428,109.62857142857143,22.428571428571427,12.257142857142858,0.4,2.2,2.8285714285714287,2.0285714285714285,0.4857142857142857,0.7428571428571429,1.2285714285714286,0.4413832199546486,0.3520172684458399,0.6068027210884352,0.14223973459966582,0.25685589122265706,0.11771695508595692,-1.6,6.828571428571428,1.0
