,MP,ORtg,%Ps,Pts,OR,DR,A,TO,Blk,Stl,PF,2Pt %,3Pt %,FT %,2Pt %Att,3Pt %Att,FT %Att,Pnts-Prev,Marg,Maj Cont
Andre Yates,4.0,12.63888888888889,4.166666666666667,0.8333333333333334,0.08333333333333333,0.2777777777777778,0.4722222222222222,0.5833333333333334,0.027777777777777776,0.25,0.6111111111111112,0.1375,0.0,0.11388888888888887,0.028225876731462644,0.009397290637550883,0.030440547107213778,-0.6111111111111112,11.61111111111111,0.0
Austin Chatman,29.88888888888889,100.80555555555556,16.944444444444443,7.0,0.2222222222222222,2.2222222222222223,4.083333333333333,2.0277777777777777,0.0,0.8055555555555556,1.6666666666666667,0.3490028490028491,0.36772486772486773,0.4694444444444444,0.1261764999164687,0.10422052203803199,0.08941709919736401,-2.4444444444444446,11.61111111111111,1.0
Avery Dingman,13.166666666666666,97.83333333333333,11.61111111111111,3.6944444444444446,0.5,1.6666666666666667,0.5277777777777778,0.5555555555555556,0.027777777777777776,0.25,0.8888888888888888,0.19444444444444445,0.3277777777777777,0.15740740740740738,0.022999823888580836,0.11011046801723723,0.0221564396262289,-0.5555555555555556,11.61111111111111,0.0
Doug McDermott,29.63888888888889,121.08333333333333,31.416666666666668,21.833333333333332,1.5,5.611111111111111,1.5555555555555556,2.361111111111111,0.05555555555555555,0.2222222222222222,1.3888888888888888,0.5568452766369433,0.438260582010582,0.7718765031265032,0.29673731867807135,0.20206112307130134,0.32248830785928395,-4.166666666666667,11.61111111111111,1.0
Ethan Wragge,15.333333333333334,114.30555555555556,15.86111111111111,7.25,0.3888888888888889,2.1944444444444446,0.3611111111111111,0.3055555555555556,0.16666666666666666,0.2777777777777778,1.6111111111111112,0.1111111111111111,0.3580908289241622,0.28611111111111115,0.00972697010580838,0.22397339612071837,0.04627172135061878,0.2777777777777778,11.61111111111111,1.0
Grant Gibbs,28.97222222222222,121.63888888888889,18.333333333333332,8.13888888888889,0.6111111111111112,3.2777777777777777,5.611111111111111,1.9722222222222223,0.19444444444444445,0.9166666666666666,2.2777777777777777,0.5161044973544975,0.2685185185185185,0.4921296296296295,0.13440683546192914,0.06765776517430255,0.11702560786753419,-1.7222222222222223,11.61111111111111,1.0
Gregory Echenique,21.36111111111111,117.0,21.055555555555557,9.083333333333334,2.138888888888889,4.138888888888889,0.4166666666666667,1.2777777777777777,1.6388888888888888,0.5,2.4166666666666665,0.6215007215007216,0.0,0.5460097001763669,0.17793095242111798,0.0,0.17163176487042964,1.7222222222222223,11.61111111111111,1.0
Jahenns Manigat,25.916666666666668,104.0,12.833333333333334,5.777777777777778,0.25,1.6944444444444444,2.0277777777777777,1.2222222222222223,0.05555555555555555,0.75,2.2777777777777777,0.28981481481481475,0.33287037037037037,0.23148148148148145,0.038462328129846325,0.1656410212303158,0.03939375439375439,-0.8333333333333334,11.61111111111111,1.0
Josh Jones,4.361111111111111,22.666666666666668,3.9444444444444446,1.5555555555555556,0.05555555555555555,0.4722222222222222,0.2777777777777778,0.16666666666666666,0.0,0.25,0.25,0.09259259259259259,0.06117724867724867,0.07407407407407407,0.01569899728643362,0.037662308616414904,0.008823529411764706,0.16666666666666666,11.61111111111111,0.0
Nevin Johnson,4.333333333333333,24.0,4.777777777777778,1.4444444444444444,0.1388888888888889,0.5277777777777778,0.16666666666666666,0.2777777777777778,0.027777777777777776,0.027777777777777776,0.4166666666666667,0.1111111111111111,0.08796296296296297,0.1527777777777778,0.019901076942320947,0.023720549538571258,0.028457986949448053,-0.4444444444444444,11.61111111111111,0.0
Will Artino,7.277777777777778,46.94444444444444,9.5,3.5833333333333335,1.0833333333333333,1.1666666666666667,0.3611111111111111,0.3888888888888889,0.2222222222222222,0.3055555555555556,1.0277777777777777,0.39576719576719577,0.0,0.20555555555555555,0.07417776488240461,0.0,0.06833768581080409,0.2777777777777778,11.61111111111111,0.0
