,MP,ORtg,%Ps,Pts,OR,DR,A,TO,Blk,Stl,PF,2Pt %,3Pt %,FT %,2Pt %Att,3Pt %Att,FT %Att,Pnts-Prev,Marg,Maj Cont
Brannen Greene,9.236842105263158,57.36842105263158,7.868421052631579,4.2368421052631575,0.10526315789473684,1.5,0.5526315789473685,0.7368421052631579,0.02631578947368421,0.15789473684210525,0.7894736842105263,0.20394736842105263,0.3035087719298246,0.3415071770334928,0.013836268034723823,0.08377832899362149,0.05587681688893729,-1.105263157894737,12.368421052631579,0.0
Carlton Bragg,8.131578947368421,56.10526315789474,9.81578947368421,3.6315789473684212,0.8157894736842105,1.3157894736842106,0.39473684210526316,0.7105263157894737,0.18421052631578946,0.34210526315789475,1.5,0.47149122807017546,0.07894736842105263,0.15789473684210525,0.06716333135517083,0.009064273676462042,0.019728946392625714,-0.3684210526315789,12.368421052631579,0.0
Cheick Diallo,5.131578947368421,19.842105263157894,4.631578947368421,1.894736842105263,0.42105263157894735,1.263157894736842,0.02631578947368421,0.4473684210526316,0.5789473684210527,0.18421052631578946,1.0,0.23489974937343358,0.0,0.09868421052631579,0.03439976849966362,0.0,0.030939345717444378,0.631578947368421,12.368421052631579,0.0
Devonte' Graham,29.157894736842106,110.07894736842105,15.473684210526315,10.421052631578947,0.3157894736842105,2.5789473684210527,3.3947368421052633,1.4210526315789473,0.10526315789473684,1.3421052631578947,1.8157894736842106,0.4403508771929824,0.38339598997493735,0.4830827067669173,0.09036509668064496,0.2107494813136821,0.08778367736579307,0.05263157894736842,12.368421052631579,1.0
Evan Manning,0.8947368421052632,0.0,0.0,0.23684210526315788,0.0,0.05263157894736842,0.02631578947368421,0.02631578947368421,0.0,0.10526315789473684,0.15789473684210525,0.0,0.07894736842105263,0.0,0.0,0.007682604791330553,0.0,0.15789473684210525,12.368421052631579,0.0
Frank Mason,29.789473684210527,109.02631578947368,18.894736842105264,11.710526315789474,0.6578947368421053,3.236842105263158,4.184210526315789,1.6578947368421053,0.05263157894736842,1.1842105263157894,1.868421052631579,0.42732873851294906,0.34868421052631576,0.6094715956558063,0.1475406644590063,0.13273525851332596,0.2084238816177146,-0.8421052631578947,12.368421052631579,1.0
Hunter Mickelson,5.157894736842105,30.86842105263158,3.789473684210526,1.5526315789473684,0.5,1.0263157894736843,0.3157894736842105,0.18421052631578946,0.5789473684210527,0.34210526315789475,0.9473684210526315,0.2219298245614035,0.0,0.1337719298245614,0.032458336138449145,0.001644736842105263,0.016655084681400468,1.4736842105263157,12.368421052631579,0.0
Jamari Traylor,12.105263157894736,76.28947368421052,10.921052631578947,2.8157894736842106,0.9210526315789473,1.9210526315789473,0.47368421052631576,0.9736842105263158,0.7368421052631579,0.5263157894736842,2.0789473684210527,0.3815789473684211,0.0,0.26973684210526316,0.04948833372932878,0.0,0.047768047902591086,0.5789473684210527,12.368421052631579,1.0
Lagerald Vick,2.1315789473684212,6.973684210526316,1.3421052631578947,0.8421052631578947,0.02631578947368421,0.10526315789473684,0.15789473684210525,0.15789473684210525,0.0,0.05263157894736842,0.15789473684210525,0.07894736842105263,0.17105263157894737,0.013157894736842105,0.004526764815040999,0.02073964578954802,0.003740970072239422,-0.21052631578947367,12.368421052631579,0.0
Landen Lucas,14.526315789473685,81.94736842105263,12.0,4.394736842105263,1.894736842105263,3.3684210526315788,0.3684210526315789,0.8947368421052632,0.5526315789473685,0.39473684210526316,2.1578947368421053,0.48311403508771933,0.0,0.37324561403508777,0.067812346584409,0.0015479876160990713,0.09578543403567819,0.10526315789473684,12.368421052631579,1.0
Perry Ellis,27.07894736842105,109.13157894736842,21.605263157894736,14.947368421052632,1.605263157894737,3.710526315789474,1.2105263157894737,1.3157894736842106,0.47368421052631576,0.4473684210526316,1.4473684210526316,0.4922820652000219,0.34868421052631576,0.6203923269712743,0.23379169453401205,0.08017505377229182,0.1825750615375884,-0.7894736842105263,12.368421052631579,1.0
Sviatoslav Mykhailiuk,10.552631578947368,58.60526315789474,10.81578947368421,4.2105263157894735,0.3157894736842105,0.7894736842105263,0.8157894736842105,0.6052631578947368,0.13157894736842105,0.3157894736842105,0.9736842105263158,0.243859649122807,0.22151780967570445,0.15350877192982457,0.03340019362566395,0.11368940306430121,0.022966736430155038,-0.3157894736842105,12.368421052631579,0.0
Wayne Selden,26.5,98.89473684210526,19.473684210526315,11.894736842105264,0.6578947368421053,2.289473684210526,2.263157894736842,1.631578947368421,0.23684210526315788,0.6842105263157895,1.7894736842105263,0.4853696741854638,0.3381892230576441,0.45714285714285713,0.11995404364914962,0.2329300677324956,0.12249283946309558,-1.4210526315789473,12.368421052631579,1.0
