,MP,ORtg,%Ps,Pts,OR,DR,A,TO,Blk,Stl,PF,2Pt %,3Pt %,FT %,2Pt %Att,3Pt %Att,FT %Att,Pnts-Prev,Marg,Maj Cont
Jarryn Skeete,25.181818181818183,98.72727272727273,11.848484848484848,8.030303030303031,0.6060606060606061,2.121212121212121,1.2727272727272727,0.5757575757575758,0.06060606060606061,1.0,1.8181818181818181,0.33585858585858586,0.296007696007696,0.28535353535353536,0.047972896135202545,0.2681787489228231,0.04992176931860877,0.9696969696969697,6.515151515151516,1.0
Justin Moss,29.09090909090909,105.33333333333333,27.21212121212121,17.151515151515152,2.757575757575758,6.181818181818182,0.6060606060606061,2.1818181818181817,0.7575757575757576,0.9696969696969697,2.8484848484848486,0.5140379877039956,0.0,0.6643370518370518,0.278186351644794,0.0066082906991997885,0.26994847856001325,-0.9090909090909091,6.515151515151516,1.0
Lamonte Bearden,28.424242424242426,98.66666666666667,18.636363636363637,8.030303030303031,0.7575757575757576,1.9696969696969697,4.181818181818182,2.0303030303030303,0.2727272727272727,1.3333333333333333,2.6363636363636362,0.38358585858585853,0.15151515151515155,0.6577889282434737,0.1238514736653055,0.08036216023923903,0.1681886368602358,-0.8484848484848485,6.515151515151516,1.0
Mory Diane,0.9393939393939394,2.5454545454545454,0.42424242424242425,0.15151515151515152,0.0,0.12121212121212122,0.06060606060606061,0.09090909090909091,0.0,0.0,0.09090909090909091,0.030303030303030304,0.030303030303030304,0.0,0.0008912655971479501,0.003337725076855512,0.004662004662004662,-0.18181818181818182,6.515151515151516,0.0
Raheem Johnson,11.424242424242424,70.06060606060606,8.303030303030303,2.696969696969697,0.9393939393939394,1.393939393939394,0.09090909090909091,0.7272727272727273,1.0909090909090908,0.3333333333333333,2.272727272727273,0.3762626262626263,0.0,0.27020202020202017,0.046679509087013724,0.0,0.038944924114317526,1.393939393939394,6.515151515151516,1.0
Rodell Wigginton,21.181818181818183,85.15151515151516,17.060606060606062,6.96969696969697,1.393939393939394,2.6363636363636362,0.9090909090909091,0.9090909090909091,0.5151515151515151,0.7878787878787878,1.6666666666666667,0.426960076960077,0.1888888888888889,0.3591368227731865,0.11636138040316833,0.08209478881140307,0.09331129698294922,0.7878787878787878,6.515151515151516,1.0
Shannon Evans,33.36363636363637,106.18181818181819,23.03030303030303,14.909090909090908,0.45454545454545453,2.6363636363636362,4.575757575757576,2.484848484848485,0.2727272727272727,1.6666666666666667,2.0606060606060606,0.4247169497169496,0.32295684113865936,0.679835904835905,0.16133523429950847,0.296971675983136,0.16803607391321626,-1.0909090909090908,6.515151515151516,1.0
Will Regan,22.606060606060606,102.33333333333333,13.454545454545455,6.0,1.3636363636363635,2.696969696969697,0.48484848484848486,0.48484848484848486,0.48484848484848486,0.36363636363636365,1.606060606060606,0.3594516594516594,0.2134920634920635,0.3988062442607897,0.06338374408857085,0.15042362202355594,0.07038096755083989,0.7272727272727273,6.515151515151516,0.0
Xavier Ford,20.87878787878788,93.12121212121212,19.939393939393938,8.666666666666666,2.242424242424242,3.515151515151515,0.5454545454545454,1.3636363636363635,0.45454545454545453,0.9393939393939394,2.5757575757575757,0.4248513271240544,0.18585858585858586,0.49576282303555036,0.13103511477625826,0.08171995794075726,0.10630281773478423,0.06060606060606061,6.515151515151516,1.0
