,MP,ORtg,%Ps,Pts,OR,DR,A,TO,Blk,Stl,PF,2Pt %,3Pt %,FT %,2Pt %Att,3Pt %Att,FT %Att,Pnts-Prev,Marg,Maj Cont
Adonis Thomas,27.61111111111111,96.63888888888889,20.97222222222222,11.222222222222221,1.4444444444444444,2.861111111111111,1.8888888888888888,1.5277777777777777,0.6666666666666666,0.6666666666666666,1.3055555555555556,0.410563048063048,0.2486111111111111,0.6154100529100529,0.19876444622319175,0.15200483380966956,0.1392460494231005,-0.3888888888888889,10.11111111111111,1.0
Antonio Barton,12.0,57.27777777777778,9.194444444444445,4.027777777777778,0.2222222222222222,0.6944444444444444,0.8055555555555556,0.5833333333333334,0.1111111111111111,0.6111111111111112,0.5833333333333334,0.19151234567901232,0.19118165784832453,0.17222222222222222,0.035726015466336566,0.13229826475342357,0.04088376015101797,0.2777777777777778,10.11111111111111,0.0
Chris Crawford,25.583333333333332,105.94444444444444,18.38888888888889,10.11111111111111,0.3611111111111111,3.2222222222222223,3.111111111111111,1.5555555555555556,0.3611111111111111,1.3055555555555556,1.75,0.43108465608465607,0.3168488918488918,0.4180555555555555,0.07906246198967454,0.2757292077707287,0.07223180232984155,0.2222222222222222,10.11111111111111,1.0
D.J. Stephens,22.02777777777778,122.88888888888889,12.166666666666666,7.222222222222222,1.9166666666666667,4.444444444444445,0.6388888888888888,0.6388888888888888,2.3055555555555554,0.8611111111111112,1.7222222222222223,0.6925925925925926,0.20833333333333334,0.4396164021164021,0.08644005084010328,0.06264144105430505,0.08661720531399325,5.055555555555555,10.11111111111111,1.0
Ferrakohn Hall,4.25,18.63888888888889,3.0,1.0,0.4444444444444444,0.6111111111111112,0.2222222222222222,0.4444444444444444,0.1111111111111111,0.05555555555555555,0.75,0.11425264550264551,0.0,0.1111111111111111,0.025250363423601586,0.0015432098765432098,0.021836755233494362,-0.5555555555555556,10.11111111111111,0.0
Geron Johnson,24.47222222222222,85.61111111111111,19.88888888888889,9.0,1.1944444444444444,2.8055555555555554,3.1666666666666665,2.5277777777777777,0.3611111111111111,1.5555555555555556,2.3055555555555554,0.4201118326118326,0.22932098765432102,0.3953042328042328,0.11348595490871308,0.17793425478707256,0.08277666494578259,-1.2222222222222223,10.11111111111111,1.0
Joe Jackson,30.666666666666668,107.36111111111111,20.666666666666668,12.88888888888889,0.4166666666666667,2.5555555555555554,4.527777777777778,2.5833333333333335,0.19444444444444445,1.6388888888888888,1.9166666666666667,0.49954605579605577,0.41805555555555557,0.6435606060606062,0.15578790036986467,0.1357614288500287,0.1992080837661361,-1.5,10.11111111111111,1.0
Shaq Goodwin,20.13888888888889,91.52777777777777,21.5,7.388888888888889,2.0555555555555554,2.3055555555555554,1.3055555555555556,1.75,1.0555555555555556,1.0277777777777777,3.111111111111111,0.47243651410318077,0.0,0.3989197530864198,0.1368731810546942,0.006531803542673107,0.1560261702653428,0.6666666666666666,10.11111111111111,0.0
Tarik Black,16.75,87.72222222222223,17.5,6.666666666666667,1.5833333333333333,2.4722222222222223,0.3611111111111111,1.1388888888888888,0.5277777777777778,0.5555555555555556,2.6666666666666665,0.4713909547242881,0.0,0.28531746031746036,0.1130540701682648,0.0,0.14561795301573535,-0.1111111111111111,10.11111111111111,1.0
