,MP,ORtg,%Ps,Pts,OR,DR,A,TO,Blk,Stl,PF,2Pt %,3Pt %,FT %,2Pt %Att,3Pt %Att,FT %Att,Pnts-Prev,Marg
Armoni Brooks,20.424242424242426,116.54545454545455,16.87878787878788,9.757575757575758,0.8484848484848485,2.787878787878788,0.5151515151515151,0.3939393939393939,0.3333333333333333,0.7878787878787878,1.3333333333333333,0.3375180375180375,0.37077922077922076,0.3308080808080808,0.047140215935391194,0.264045960892213,0.042707904775171876,1.4545454545454546,12.515151515151516
Breaon Brady,12.0,66.93939393939394,15.06060606060606,4.090909090909091,1.393939393939394,2.606060606060606,0.21212121212121213,1.303030303030303,0.30303030303030304,0.18181818181818182,2.878787878787879,0.5285594035594036,0.0,0.2626262626262626,0.08495894247562889,0.0,0.05521142202695314,-1.6363636363636365,12.515151515151516
Chris Harris,4.878787878787879,22.060606060606062,2.5454545454545454,1.0909090909090908,0.2727272727272727,0.9696969696969697,0.030303030303030304,0.3333333333333333,0.3333333333333333,0.030303030303030304,0.8787878787878788,0.25656565656565655,0.0,0.08585858585858586,0.020737391467397538,0.0,0.031006589963809214,0.06060606060606061,12.515151515151516
Corey Davis,29.818181818181817,126.75757575757575,19.09090909090909,13.515151515151516,0.6666666666666666,2.393939393939394,2.484848484848485,1.4545454545454546,0.030303030303030304,0.8787878787878788,1.9696969696969697,0.44725829725829724,0.4645286531650168,0.5133477633477633,0.0713102765014686,0.31609527569834944,0.10938743618385083,-1.0909090909090908,12.515151515151516
Devin Davis,25.666666666666668,109.60606060606061,21.303030303030305,10.757575757575758,1.606060606060606,4.545454545454546,1.3333333333333333,1.121212121212121,0.6666666666666666,0.6666666666666666,2.8181818181818183,0.5080924546833638,0.015151515151515152,0.49368686868686873,0.24167359132707525,0.008515612323708274,0.1259703156391019,0.42424242424242425,12.515151515151516
Fabian White,16.606060606060606,100.87878787878788,16.363636363636363,5.636363636363637,1.606060606060606,2.3333333333333335,0.7878787878787878,1.1818181818181819,0.9696969696969697,0.45454545454545453,2.606060606060606,0.49797979797979797,0.0,0.4814814814814815,0.10479482672684341,0.0,0.10217861156688114,0.48484848484848486,12.515151515151516
Gabe Grant,3.8181818181818183,15.636363636363637,2.8181818181818183,1.5757575757575757,0.24242424242424243,0.5454545454545454,0.12121212121212122,0.09090909090909091,0.09090909090909091,0.12121212121212122,0.21212121212121213,0.10606060606060606,0.1106060606060606,0.1414141414141414,0.011986532395682845,0.036031933872196074,0.030485304169514695,0.24242424242424243,12.515151515151516
Galen Robinson,24.242424242424242,96.24242424242425,15.242424242424242,4.696969696969697,0.3333333333333333,1.9393939393939394,3.787878787878788,1.7272727272727273,0.09090909090909091,1.393939393939394,1.9090909090909092,0.4878547378547378,0.05555555555555555,0.3575757575757576,0.09452610018010295,0.028094831166470484,0.07729167098067566,-0.48484848484848486,12.515151515151516
Mike Adewunmi,1.0909090909090908,0.0,0.0,0.06060606060606061,0.030303030303030304,0.15151515151515152,0.06060606060606061,0.0,0.0,0.06060606060606061,0.06060606060606061,0.0,0.0,0.030303030303030304,0.0008658008658008657,0.008763582096915431,0.007230196703880914,0.12121212121212122,12.515151515151516
Nura Zanna,14.363636363636363,77.60606060606061,10.212121212121213,2.787878787878788,1.7272727272727273,2.272727272727273,0.15151515151515152,0.8787878787878788,0.09090909090909091,0.2727272727272727,2.9696969696969697,0.4823232323232323,0.0,0.2196969696969697,0.050829724724004835,0.0,0.0625636160265105,-1.0303030303030303,12.515151515151516
Rob Gray,30.575757575757574,113.84848484848484,28.181818181818183,17.96969696969697,0.6060606060606061,2.6363636363636362,4.393939393939394,2.1818181818181817,0.12121212121212122,1.121212121212121,1.5151515151515151,0.47929410656683386,0.3438191438191438,0.6927161222615767,0.23667638095885785,0.21669892844016175,0.27769717155020207,-1.878787878787879,12.515151515151516
Valentine Sangoyomi,1.7575757575757576,2.1818181818181817,0.5757575757575758,0.24242424242424243,0.12121212121212122,0.36363636363636365,0.06060606060606061,0.18181818181818182,0.030303030303030304,0.0,0.21212121212121213,0.045454545454545456,0.0,0.06060606060606061,0.008425246434898191,0.0,0.008904837852206273,-0.30303030303030304,12.515151515151516
Wes VanBeck,14.393939393939394,69.48484848484848,10.93939393939394,5.242424242424242,0.8181818181818182,1.5757575757575757,0.9393939393939394,0.9393939393939394,0.06060606060606061,0.45454545454545453,1.5757575757575757,0.2727272727272727,0.2756067165158074,0.3616161616161616,0.026074970006847734,0.12175387550998543,0.06936492256124165,-0.8484848484848485,12.515151515151516
