,MP,ORtg,%Ps,Pts,OR,DR,A,TO,Blk,Stl,PF,2Pt %,3Pt %,FT %,2Pt %Att,3Pt %Att,FT %Att,Pnts-Prev,Marg,Maj Cont
Allonzo Trier,12.864864864864865,48.75675675675676,9.945945945945946,7.0,0.10810810810810811,1.9189189189189189,1.0810810810810811,0.7297297297297297,0.05405405405405406,0.16216216216216217,0.7297297297297297,0.19895967395967398,0.1608108108108108,0.3209449709449709,0.0652708192447857,0.103702577883154,0.1155201126539509,-1.027027027027027,9.945945945945946,1.0
Chance Comanche,16.91891891891892,105.16216216216216,15.864864864864865,5.918918918918919,0.9459459459459459,2.324324324324324,0.35135135135135137,1.0,0.3783783783783784,0.13513513513513514,2.108108108108108,0.5574061074061074,0.0,0.41599099099099096,0.10265019918844458,0.0,0.07891794185315379,-0.972972972972973,9.945945945945946,1.0
Dusan Ristic,20.594594594594593,99.62162162162163,19.054054054054053,9.432432432432432,1.5405405405405406,3.4594594594594597,0.3783783783783784,0.9459459459459459,0.40540540540540543,0.24324324324324326,1.7567567567567568,0.47707367707367704,0.02702702702702703,0.5307593307593308,0.19088201571641888,0.0027885027885027882,0.10016953500096215,-0.5945945945945946,9.945945945945946,1.0
Kadeem Allen,25.243243243243242,89.72972972972973,14.837837837837839,8.162162162162161,0.2972972972972973,3.1621621621621623,2.6216216216216215,1.6216216216216217,0.5135135135135135,1.2972972972972974,2.0,0.3377091377091377,0.3207207207207207,0.5754446004446003,0.10232595777995046,0.11169751750078848,0.1304275544765516,0.3783783783783784,9.945945945945946,1.0
Keanu Pinder,10.891891891891891,58.027027027027025,7.5675675675675675,2.054054054054054,0.8648648648648649,1.8108108108108107,0.2972972972972973,0.7567567567567568,0.5675675675675675,0.43243243243243246,1.7837837837837838,0.3972972972972973,0.013513513513513514,0.19594594594594594,0.03545631584738067,0.005662805662805663,0.04096474403968683,0.4864864864864865,9.945945945945946,0.0
Kobi Simmons,22.864864864864863,82.10810810810811,17.054054054054053,8.432432432432432,0.2972972972972973,1.2432432432432432,1.972972972972973,1.2162162162162162,0.05405405405405406,0.6486486486486487,1.8108108108108107,0.31974669474669476,0.3067567567567567,0.40524160524160524,0.12287132215997677,0.15303539323764118,0.09560748023633454,-1.027027027027027,9.945945945945946,0.0
Lauri Markkanen,28.027027027027028,116.51351351351352,19.56756756756757,14.35135135135135,2.054054054054054,4.45945945945946,0.8648648648648649,1.0,0.4594594594594595,0.35135135135135137,1.837837837837838,0.4921395421395422,0.35945945945945945,0.713985413985414,0.13550870684170252,0.25490306030923876,0.17267031722615847,-0.3783783783783784,9.945945945945946,1.0
Parker Jackson-Cartwright,18.91891891891892,86.75675675675676,10.72972972972973,4.486486486486487,0.24324324324324326,1.5405405405405406,3.1621621621621623,1.027027027027027,0.08108108108108109,0.9459459459459459,1.3513513513513513,0.2777992277992277,0.22567567567567567,0.25000000000000006,0.04144400826324382,0.09741953731387033,0.060351100750548864,0.0,9.945945945945946,1.0
Rawle Alkins,25.675675675675677,98.97297297297297,19.91891891891892,10.108108108108109,1.5135135135135136,3.189189189189189,1.837837837837838,1.7837837837837838,0.43243243243243246,0.8378378378378378,2.054054054054054,0.47776705276705284,0.3064350064350065,0.5438438438438439,0.12250957387701558,0.18476672206649325,0.12429013268157164,-1.027027027027027,9.945945945945946,1.0
Tyler Trillo,0.7837837837837838,2.864864864864865,0.16216216216216217,0.0,0.0,0.0,0.10810810810810811,0.02702702702702703,0.0,0.0,0.02702702702702703,0.0,0.0,0.0,0.0,0.004942802156424448,0.0,-0.05405405405405406,9.945945945945946,0.0
