,MP,ORtg,%Ps,Pts,OR,DR,A,TO,Blk,Stl,PF,2Pt %,3Pt %,FT %,2Pt %Att,3Pt %Att,FT %Att,Pnts-Prev,Marg,Maj Cont
Al Freeman,29.205882352941178,112.67647058823529,16.941176470588236,11.147058823529411,0.6764705882352942,2.588235294117647,1.6764705882352942,1.2647058823529411,0.0,0.7647058823529411,1.3529411764705883,0.4291433239962652,0.32121848739495795,0.690686274509804,0.11788485309077446,0.23212485629731633,0.132596840789887,-1.0,7.617647058823529,1.0
Ishmail Wainright,23.970588235294116,103.73529411764706,13.235294117647058,5.705882352941177,1.6176470588235294,2.4411764705882355,2.5294117647058822,1.2941176470588236,0.5588235294117647,0.9117647058823529,2.823529411764706,0.31071428571428567,0.2931372549019608,0.3186274509803922,0.0676906043528198,0.12615095315967495,0.04847070220106533,0.35294117647058826,7.617647058823529,1.0
Jake Lindsey,12.176470588235293,89.44117647058823,10.382352941176471,2.2941176470588234,0.2647058823529412,1.1764705882352942,1.9411764705882353,0.7058823529411765,0.14705882352941177,0.4411764705882353,1.5588235294117647,0.3112745098039215,0.08333333333333333,0.18627450980392157,0.04005543415247739,0.026253109958461796,0.02771362017856281,-0.23529411764705882,7.617647058823529,1.0
Johnathan Motley,20.11764705882353,97.26470588235294,20.441176470588236,10.647058823529411,2.176470588235294,2.735294117647059,0.8823529411764706,1.4411764705882353,1.1470588235294117,0.47058823529411764,2.8529411764705883,0.5417542808978796,0.0,0.4173276886512181,0.1670766280801079,0.0031751336898395723,0.145013653963803,0.35294117647058826,7.617647058823529,1.0
King McClure,12.794117647058824,88.0,9.882352941176471,4.411764705882353,0.2647058823529412,0.8529411764705882,0.6176470588235294,0.4117647058823529,0.11764705882352941,0.8529411764705882,1.3235294117647058,0.3504901960784314,0.3029411764705882,0.1778711484593838,0.0280314539360392,0.13255588205481508,0.02979332368398865,1.1176470588235294,7.617647058823529,0.0
Lester Medford,31.470588235294116,110.52941176470588,18.264705882352942,8.852941176470589,0.3235294117647059,1.9411764705882353,6.352941176470588,2.2941176470588234,0.08823529411764706,1.588235294117647,2.4705882352941178,0.4000742721330957,0.359593837535014,0.5169467787114846,0.08998875607858853,0.20176974848908363,0.11289910170013755,-1.2352941176470589,7.617647058823529,1.0
Rico Gathers,23.558823529411764,103.20588235294117,19.823529411764707,10.382352941176471,3.6470588235294117,4.676470588235294,0.47058823529411764,1.1176470588235294,0.7352941176470589,0.8529411764705882,2.264705882352941,0.45038515406162477,0.029411764705882353,0.5194677871148459,0.17480053105502041,0.0014705882352941176,0.20097045938538433,0.9411764705882353,7.617647058823529,1.0
Taurean Prince,29.58823529411765,105.11764705882354,26.029411764705884,15.058823529411764,2.323529411764706,3.6176470588235294,2.176470588235294,2.6470588235294117,0.7352941176470589,1.2352941176470589,2.4705882352941178,0.4549008997538409,0.3185924369747899,0.642717086834734,0.19010667817612978,0.2470879634096321,0.1944502948283827,-1.3529411764705883,7.617647058823529,1.0
Terry Maston,11.823529411764707,67.94117647058823,13.058823529411764,5.911764705882353,0.8529411764705882,1.588235294117647,0.4117647058823529,0.9411764705882353,0.35294117647058826,0.47058823529411764,1.5588235294117647,0.4907700959171547,0.0,0.54796918767507,0.09495329637216023,0.0,0.07868023856290629,-0.23529411764705882,7.617647058823529,1.0
