,MP,ORtg,%Ps,Pts,OR,DR,A,TO,Blk,Stl,PF,2Pt %,3Pt %,FT %,2Pt %Att,3Pt %Att,FT %Att,Pnts-Prev,Marg,Maj Cont
Collin Hartman,18.058823529411764,109.08823529411765,9.852941176470589,4.205882352941177,1.2941176470588236,1.4705882352941178,0.7647058823529411,0.6470588235294118,0.5294117647058824,0.47058823529411764,1.9411764705882353,0.3382352941176471,0.3004901960784313,0.25392156862745097,0.032311233592558365,0.0755580269176381,0.05171659400271738,0.7058823529411765,5.882352941176471,1.0
Emmitt Holt,9.588235294117647,75.26470588235294,8.441176470588236,3.088235294117647,1.1176470588235294,1.411764705882353,0.14705882352941177,0.3235294117647059,0.6176470588235294,0.20588235294117646,1.2941176470588236,0.4039215686274509,0.0,0.2651960784313725,0.049620862983709164,0.0,0.08409036609847971,1.0,5.882352941176471,0.0
Hanner Mosquera-Perea,14.294117647058824,73.29411764705883,11.176470588235293,4.852941176470588,1.0588235294117647,2.088235294117647,0.17647058823529413,0.7647058823529411,0.9705882352941176,0.17647058823529413,1.7352941176470589,0.42703081232492995,0.0,0.27878151260504197,0.08388577336870247,0.0,0.10340357750764437,0.7647058823529411,5.882352941176471,1.0
James Blackmon,28.323529411764707,106.23529411764706,23.470588235294116,14.823529411764707,1.4705882352941178,3.5588235294117645,1.4705882352941178,1.411764705882353,0.058823529411764705,0.5882352941176471,1.411764705882353,0.414188099482217,0.34793417366946783,0.6531045751633987,0.18394414414136118,0.24836104441557794,0.1561718553187195,-1.5294117647058822,5.882352941176471,1.0
Max Hoetzel,7.0,37.088235294117645,5.176470588235294,2.1470588235294117,0.29411764705882354,0.8823529411764706,0.29411764705882354,0.38235294117647056,0.08823529411764706,0.11764705882352941,0.9411764705882353,0.20098039215686272,0.24019607843137253,0.16911764705882354,0.021355546879281737,0.03673022961882005,0.026530642560054322,-0.35294117647058826,5.882352941176471,0.0
Nick Zeisloft,18.941176470588236,122.88235294117646,11.352941176470589,6.5588235294117645,0.6176470588235294,1.5588235294117647,0.6470588235294118,0.4117647058823529,0.058823529411764705,0.3235294117647059,2.088235294117647,0.196078431372549,0.4080415499533146,0.22058823529411764,0.016438826616839642,0.1742283675486101,0.0326160085153485,-0.058823529411764705,5.882352941176471,0.0
Robert Johnson,26.264705882352942,96.47058823529412,18.647058823529413,8.764705882352942,0.4117647058823529,2.411764705882353,2.264705882352941,2.0588235294117645,0.029411764705882353,0.8529411764705882,1.8235294117647058,0.48139589169000924,0.39989495798319336,0.28284313725490196,0.1006446440154636,0.16531094238254335,0.06947126870478718,-2.3529411764705883,5.882352941176471,1.0
Ryan Burton,1.4411764705882353,6.117647058823529,0.29411764705882354,0.23529411764705882,0.11764705882352941,0.17647058823529413,0.08823529411764706,0.0,0.0,0.0,0.20588235294117646,0.058823529411764705,0.0,0.0,0.0032791502373863365,0.0,0.0,0.0,5.882352941176471,0.0
Stanford Robinson,10.294117647058824,58.794117647058826,14.911764705882353,2.676470588235294,0.5294117647058824,1.1176470588235294,1.1176470588235294,0.8529411764705882,0.20588235294117646,0.4411764705882353,1.5588235294117647,0.2598039215686274,0.0,0.3014705882352941,0.07424985530194844,0.013363192939317507,0.07497571862144925,-0.4117647058823529,5.882352941176471,1.0
Troy Williams,24.91176470588235,98.70588235294117,22.5,11.941176470588236,2.0588235294117645,4.588235294117647,1.7647058823529411,2.0294117647058822,0.38235294117647056,0.9411764705882353,2.0294117647058822,0.5161445580563228,0.11764705882352941,0.536484593837535,0.23235488458306652,0.014462084428389262,0.18703351260657416,-1.411764705882353,5.882352941176471,1.0
Yogi Ferrell,33.88235294117647,121.82352941176471,22.470588235294116,15.617647058823529,0.6176470588235294,2.6176470588235294,4.794117647058823,1.8529411764705883,0.029411764705882353,0.7058823529411765,1.6764705882352942,0.4410229476405947,0.3976604278074868,0.6720022624434391,0.1725033135738003,0.24257434704322128,0.18457869135834332,-2.235294117647059,5.882352941176471,1.0
