,MP,ORtg,%Ps,Pts,OR,DR,A,TO,Blk,Stl,PF,2Pt %,3Pt %,FT %,2Pt %Att,3Pt %Att,FT %Att,Pnts-Prev,Marg
Davion Mintz,20.8125,104.78125,17.4375,5.96875,0.21875,2.875,3.09375,1.125,0.09375,0.4375,1.3125,0.44553571428571426,0.23333333333333334,0.4725446428571428,0.08303758864424551,0.05763036998071709,0.157786191312506,-1.1875,10.0625
Jacob Epperson,4.75,27.375,3.4375,2.28125,0.15625,0.90625,0.09375,0.09375,0.3125,0.0625,0.46875,0.19947916666666662,0.0625,0.046875,0.039780501813019564,0.00396286231884058,0.014912280701754385,0.5625,10.0625
Jordan Scurry,1.75,0.0,0.0,0.625,0.09375,0.3125,0.09375,0.125,0.0,0.03125,0.125,0.09375,0.078125,0.0,0.005646632694263742,0.016509202350828873,0.0,-0.1875,10.0625
Kaleb Joseph,3.59375,22.15625,4.0,2.03125,0.09375,0.40625,0.65625,0.3125,0.0,0.125,0.3125,0.21093749999999997,0.08333333333333333,0.1283482142857143,0.020870284123715346,0.012306546513807543,0.05066996082621083,-0.375,10.0625
Khyri Thomas,31.53125,124.4375,20.9375,15.25,1.0625,3.21875,2.75,1.78125,0.25,1.65625,1.8125,0.6373359279609281,0.4072172619047619,0.5459821428571427,0.16693806123366764,0.16768209645636284,0.1531618684684899,0.25,10.0625
Manny Suarez,5.59375,27.40625,4.5625,2.28125,0.46875,1.4375,0.28125,0.34375,0.40625,0.03125,1.0,0.28385416666666663,0.125,0.171875,0.041351774576528236,0.022582163051784628,0.030947957034913553,0.1875,10.0625
Marcus Foster,31.59375,113.90625,28.3125,20.28125,0.65625,3.21875,2.71875,2.125,0.125,1.03125,1.6875,0.5682212752525252,0.4237757034632035,0.5911458333333334,0.25510169938822197,0.252921496951504,0.1814962505647343,-1.9375,10.0625
Martin Krampelj,13.78125,77.125,12.0,7.09375,1.28125,3.5,0.71875,0.78125,0.40625,0.5,1.625,0.4602002164502164,0.12760416666666669,0.32343749999999993,0.10248145074138466,0.025199842459841828,0.10743081411889358,0.25,10.0625
Mitch Ballock,21.09375,86.8125,14.96875,7.03125,0.21875,2.5,1.96875,1.15625,0.21875,0.71875,1.5,0.5671875000000001,0.2336433531746032,0.22395833333333331,0.06347031617598924,0.13727665790884064,0.040140639589169004,-0.4375,10.0625
Ronnie Harrell,23.3125,101.9375,14.5,6.46875,1.09375,4.71875,2.46875,1.1875,0.1875,0.5,1.4375,0.48958333333333337,0.25260416666666663,0.49531250000000004,0.09033054873696032,0.062332968932175076,0.1129177294554848,-1.0,10.0625
Toby Hegner,20.4375,101.0,13.8125,7.53125,0.71875,1.96875,0.78125,0.625,0.46875,0.21875,2.09375,0.5484375,0.3073784722222222,0.3828125,0.07775524123599886,0.09985034254393256,0.0715489027969047,0.125,10.0625
Ty-Shon Alexander,17.90625,91.3125,16.28125,5.625,0.125,1.90625,1.78125,1.21875,0.125,0.28125,0.875,0.384375,0.29687499999999994,0.3046875,0.043971596550632236,0.10740680577364946,0.07182594679760558,-1.625,10.0625
Tyler Clement,5.40625,30.71875,3.34375,1.8125,0.09375,0.5,0.59375,0.21875,0.0625,0.0625,0.75,0.1875,0.15312499999999998,0.09375,0.009264304085372634,0.034338644757714865,0.007161458333333334,-0.1875,10.0625
