,MP,ORtg,%Ps,Pts,OR,DR,A,TO,Blk,Stl,PF,2Pt %,3Pt %,FT %,2Pt %Att,3Pt %Att,FT %Att,Pnts-Prev,Marg,Maj Cont
Andrew Smith,13.833333333333334,78.38888888888889,11.88888888888889,3.3333333333333335,0.8055555555555556,2.1944444444444446,0.5555555555555556,0.6111111111111112,0.5,0.3888888888888889,1.9166666666666667,0.34925044091710755,0.0,0.34490740740740744,0.07414341002535224,0.0,0.06484463519619539,0.5555555555555556,-0.8055555555555556,1.0
Casey Roberts,16.416666666666668,90.33333333333333,15.166666666666666,5.444444444444445,0.4166666666666667,1.25,0.9444444444444444,0.6111111111111112,0.027777777777777776,0.4166666666666667,1.8055555555555556,0.32592592592592595,0.3121693121693122,0.24391534391534395,0.055967312244004655,0.14899523106673207,0.07070481536709444,-0.3333333333333333,-0.8055555555555556,0.0
Chad Donley,7.944444444444445,43.5,6.222222222222222,2.4166666666666665,0.1111111111111111,0.5,0.5,0.2777777777777778,0.027777777777777776,0.3611111111111111,0.6666666666666666,0.19444444444444445,0.18267195767195768,0.08333333333333333,0.013122589642000132,0.10788162048304034,0.011082847193958306,0.2222222222222222,-0.8055555555555556,0.0
Davon Marshall,31.11111111111111,117.27777777777777,20.22222222222222,13.0,0.25,1.8055555555555556,2.7222222222222223,1.9722222222222223,0.05555555555555555,0.75,1.0555555555555556,0.41134259259259254,0.42166606541606544,0.5316798941798943,0.07572629886640442,0.3652060573008746,0.11173588286587556,-2.3333333333333335,-0.8055555555555556,1.0
Joel Vander Pol,9.833333333333334,54.416666666666664,12.444444444444445,3.1944444444444446,1.2777777777777777,2.0555555555555554,0.19444444444444445,0.7777777777777778,0.4722222222222222,0.2222222222222222,1.3055555555555556,0.3570767195767195,0.0,0.36944444444444446,0.057980297320804314,0.0,0.0746938050862408,-0.16666666666666666,-0.8055555555555556,1.0
John Caleb Sanders,29.22222222222222,101.47222222222223,27.666666666666668,13.777777777777779,1.1388888888888888,2.7222222222222223,3.388888888888889,2.5555555555555554,0.1111111111111111,0.9444444444444444,2.5277777777777777,0.4323542969376304,0.3119047619047619,0.6957782186948854,0.19793081899375925,0.18964334329007737,0.23553797271071353,-3.0,-0.8055555555555556,1.0
JR Coronado,23.61111111111111,96.19444444444444,14.444444444444445,4.833333333333333,2.4444444444444446,5.555555555555555,0.5555555555555556,1.2222222222222223,0.7222222222222222,0.4166666666666667,2.5,0.4460207231040564,0.0,0.3351851851851853,0.10975887114958185,0.0,0.11454219836760034,-0.16666666666666666,-0.8055555555555556,0.0
Sommy Ogukwe,6.222222222222222,30.805555555555557,4.111111111111111,0.9166666666666666,0.5277777777777778,0.9444444444444444,0.1388888888888889,0.5,0.3333333333333333,0.25,1.3055555555555556,0.25,0.0,0.07685185185185185,0.01953042745284213,0.0,0.025192785609452276,0.16666666666666666,-0.8055555555555556,0.0
Tavares Speaks,30.166666666666668,95.38888888888889,23.38888888888889,12.722222222222221,0.3611111111111111,2.888888888888889,1.1388888888888888,2.0277777777777777,0.08333333333333333,1.0833333333333333,2.4166666666666665,0.4246024672495261,0.21296296296296294,0.6413961809795143,0.2672265573238207,0.048080079249907134,0.1972716366407829,-1.7222222222222223,-0.8055555555555556,1.0
Tomasz Gielo,18.86111111111111,76.05555555555556,17.22222222222222,6.111111111111111,1.0,2.5833333333333335,0.8055555555555556,1.4166666666666667,0.3611111111111111,0.2222222222222222,1.8055555555555556,0.350925925925926,0.22777777777777775,0.3726851851851852,0.10083563920365254,0.11241589083159077,0.06661564318430865,-1.6666666666666667,-0.8055555555555556,0.0
