,MP,ORtg,%Ps,Pts,OR,DR,A,TO,Blk,Stl,PF,2Pt %,3Pt %,FT %,2Pt %Att,3Pt %Att,FT %Att,Pnts-Prev,Marg,Maj Cont
Ash Yacoubou,10.911764705882353,58.588235294117645,8.029411764705882,2.676470588235294,0.6176470588235294,1.7647058823529411,0.5,0.7941176470588235,0.029411764705882353,0.29411764705882354,1.088235294117647,0.23039215686274508,0.24950980392156866,0.04411764705882353,0.022679080919922056,0.08345948177827221,0.008678198388855737,-0.9411764705882353,2.9411764705882355,0.0
Daniel Ochefu,17.176470588235293,81.82352941176471,14.235294117647058,3.5,1.6764705882352942,2.323529411764706,0.5882352941176471,1.1764705882352942,0.6764705882352942,0.7352941176470589,1.9411764705882353,0.42205882352941176,0.0,0.3161764705882353,0.08164805670074506,0.003063725490196078,0.07027328669560304,0.47058823529411764,2.9411764705882355,0.0
Darrun Hilliard,28.794117647058822,100.1470588235294,20.823529411764707,10.823529411764707,0.3235294117647059,2.323529411764706,1.588235294117647,1.911764705882353,0.2647058823529412,1.588235294117647,2.176470588235294,0.4421568627450981,0.31995798319327723,0.6375116713352007,0.1408246606125592,0.1942123803851592,0.16524908472750885,-0.11764705882352941,2.9411764705882355,1.0
James Bell,27.61764705882353,101.1470588235294,17.470588235294116,8.470588235294118,1.0588235294117647,3.0294117647058822,1.3235294117647058,1.9411764705882353,0.4411764705882353,1.1176470588235294,2.735294117647059,0.41754201680672276,0.3574929971988796,0.4514705882352941,0.07953875719698048,0.2435228680857397,0.0634385195474585,-0.7647058823529411,2.9411764705882355,1.0
JayVaughn Pinkston,25.147058823529413,102.6470588235294,29.205882352941178,12.735294117647058,1.7058823529411764,3.0588235294117645,1.7058823529411764,2.411764705882353,0.47058823529411764,0.9411764705882353,2.5294117647058822,0.45776341113711355,0.19117647058823528,0.6930256018491312,0.21287465900900598,0.05882751705506133,0.27114431216181606,-2.0,2.9411764705882355,1.0
Maurice Sutton,8.647058823529411,41.205882352941174,8.205882352941176,2.911764705882353,0.7647058823529411,1.7058823529411764,0.35294117647058826,0.7941176470588235,0.8235294117647058,0.3235294117647059,1.0294117647058822,0.28837535014005605,0.0,0.2293417366946779,0.059589956941325316,0.0,0.05203017542819702,0.7058823529411765,2.9411764705882355,0.0
Mouphtaou Yarou,27.029411764705884,106.76470588235294,20.470588235294116,9.441176470588236,2.588235294117647,4.970588235294118,0.8823529411764706,1.5,0.5882352941176471,0.6176470588235294,2.088235294117647,0.43621615312791784,0.0,0.6141806722689076,0.21212615245982236,0.0012254901960784311,0.14462938306258422,-0.5882352941176471,2.9411764705882355,1.0
Ryan Arcidiacono,33.029411764705884,101.02941176470588,20.61764705882353,11.617647058823529,0.20588235294117646,1.8235294117647058,3.411764705882353,2.7058823529411766,0.0,1.0294117647058822,2.3823529411764706,0.41554621848739487,0.3061307973072679,0.6189344968756734,0.07696670659492086,0.34372525166408235,0.1508251527105957,-3.3529411764705883,2.9411764705882355,1.0
Tony Chennault,17.91176470588235,70.52941176470588,14.705882352941176,3.5,0.08823529411764706,1.588235294117647,1.5,1.3529411764705883,0.0,0.7941176470588235,2.323529411764706,0.31470588235294117,0.09313725490196079,0.25245098039215685,0.08434020485883631,0.04255152063952829,0.0443201225714986,-1.1176470588235294,2.9411764705882355,1.0
