,MP,ORtg,%Ps,Pts,OR,DR,A,TO,Blk,Stl,PF,2Pt %,3Pt %,FT %,2Pt %Att,3Pt %Att,FT %Att,Pnts-Prev,Marg,Maj Cont
Basil Smotherman,6.2,34.142857142857146,4.685714285714286,2.0,0.2,0.6571428571428571,0.42857142857142855,0.34285714285714286,0.02857142857142857,0.2571428571428571,0.8571428571428571,0.26190476190476186,0.05714285714285714,0.09047619047619047,0.032904949445401725,0.01614539799697221,0.020951660809457477,-0.11428571428571428,11.857142857142858,0.0
Caleb Swanigan,29.485714285714284,103.54285714285714,26.085714285714285,16.914285714285715,2.4857142857142858,9.028571428571428,2.6285714285714286,3.0285714285714285,0.6857142857142857,0.37142857142857144,2.657142857142857,0.5178922617998248,0.35952380952380947,0.6612394351680065,0.24366035511144704,0.09767413976844036,0.2640599490757081,-3.942857142857143,11.857142857142858,1.0
Carsen Edwards,21.542857142857144,81.51428571428572,22.685714285714287,9.514285714285714,0.37142857142857144,2.0,1.7142857142857142,1.7142857142857142,0.08571428571428572,0.9714285714285714,1.7714285714285714,0.37463718820861686,0.2746258503401361,0.4576190476190476,0.1415309961311294,0.16819804974532124,0.0999772160732019,-1.3142857142857143,11.857142857142858,1.0
Dakota Mathias,28.885714285714286,111.02857142857142,13.142857142857142,9.028571428571428,0.3142857142857143,3.2,3.257142857142857,1.3714285714285714,0.11428571428571428,0.7714285714285715,1.9714285714285715,0.3946258503401361,0.37537414965986393,0.369047619047619,0.06730426370051619,0.18526609920185688,0.05069359036123022,-0.9714285714285714,11.857142857142858,1.0
Grady Eifert,1.2857142857142858,0.0,0.0,0.42857142857142855,0.08571428571428572,0.14285714285714285,0.0,0.0,0.02857142857142857,0.02857142857142857,0.08571428571428572,0.12857142857142856,0.0,0.033333333333333326,0.005406205123090866,0.0,0.005767524401064774,0.11428571428571428,11.857142857142858,0.0
Isaac Haas,18.057142857142857,92.48571428571428,27.314285714285713,11.657142857142857,1.6571428571428573,3.0,0.5714285714285714,2.1142857142857143,0.7142857142857143,0.2571428571428571,1.9142857142857144,0.5293578643578642,0.0,0.6131577945863661,0.19916504084476264,0.0,0.25134896986545596,-2.2857142857142856,11.857142857142858,1.0
PJ Thompson,25.97142857142857,122.71428571428571,11.085714285714285,6.6,0.5714285714285714,1.3428571428571427,2.7714285714285714,0.6571428571428571,0.02857142857142857,0.9142857142857143,1.7714285714285714,0.4119047619047619,0.37349206349206343,0.3261904761904762,0.04128939648148211,0.15595551589230502,0.05843818358234833,0.5714285714285714,11.857142857142858,1.0
Ryan Cline,17.085714285714285,93.54285714285714,8.942857142857143,4.485714285714286,0.14285714285714285,1.3428571428571427,1.2285714285714286,0.4857142857142857,0.08571428571428572,0.2571428571428571,0.9714285714285714,0.21428571428571427,0.31136054421768705,0.11428571428571428,0.01832361821710222,0.12784770994147507,0.016266317968835133,-0.2857142857142857,11.857142857142858,1.0
Spike Albrecht,9.085714285714285,52.34285714285714,4.542857142857143,1.3142857142857143,0.3142857142857143,0.8285714285714286,0.9428571428571428,0.2571428571428571,0.02857142857142857,0.3142857142857143,0.6571428571428571,0.12857142857142856,0.13809523809523808,0.19285714285714287,0.01242057047108744,0.033731560170530535,0.02356256990013796,0.17142857142857143,11.857142857142858,0.0
Vincent Edwards,26.0,105.28571428571429,19.514285714285716,11.142857142857142,1.6857142857142857,2.7142857142857144,2.942857142857143,1.5714285714285714,0.4857142857142857,0.5428571428571428,1.6,0.43836528550814263,0.3495238095238095,0.5668367346938775,0.15228031875969456,0.12946724156881298,0.12321973224827436,-1.0857142857142856,11.857142857142858,1.0
