,MP,ORtg,%Ps,Pts,OR,DR,A,TO,Blk,Stl,PF,2Pt %,3Pt %,FT %,2Pt %Att,3Pt %Att,FT %Att,Pnts-Prev,Marg,Maj Cont
Anthony Lamb,21.6,95.54285714285714,28.2,12.2,1.9142857142857144,3.3142857142857145,0.6,2.0,1.2,0.6857142857142857,2.6857142857142855,0.4885528756957328,0.25142857142857145,0.48904761904761906,0.20425772449679336,0.0878930456368537,0.15568063555275827,-0.22857142857142856,11.628571428571428,1.0
Cam Ward,14.514285714285714,75.17142857142858,14.485714285714286,3.914285714285714,0.02857142857142857,1.1142857142857143,1.6285714285714286,0.8857142857142857,0.0,0.37142857142857144,1.1714285714285715,0.2833333333333334,0.22952380952380952,0.29585034013605443,0.04391485875034977,0.12091246755112305,0.06200559711063912,-1.0285714285714285,11.628571428571428,0.0
Darren Payen,11.342857142857143,66.94285714285714,13.457142857142857,6.4,0.9142857142857143,1.4285714285714286,0.22857142857142856,0.9142857142857143,0.6857142857142857,0.2571428571428571,1.3142857142857143,0.577365491651206,0.0,0.30547619047619046,0.09635907698868154,0.0,0.08670909477978299,0.05714285714285714,11.628571428571428,1.0
Dre Wills,18.714285714285715,105.14285714285714,17.82857142857143,6.314285714285714,1.0857142857142856,2.3714285714285714,1.3428571428571427,0.9428571428571428,0.6,0.9142857142857143,1.2,0.5881385281385281,0.0,0.2998412698412698,0.11499736071450137,0.007186563436563437,0.12657845115184113,1.1428571428571428,11.628571428571428,1.0
Drew Urquhart,13.057142857142857,71.4,14.342857142857143,4.3428571428571425,1.3428571428571427,1.7714285714285714,0.5428571428571428,1.0,0.6,0.08571428571428572,1.6571428571428573,0.460374149659864,0.0,0.2297619047619048,0.0799107029272977,0.0,0.0658539748455715,-0.6285714285714286,11.628571428571428,0.0
Ernie Duncan,26.2,111.42857142857143,14.342857142857143,8.142857142857142,0.3142857142857143,1.9428571428571428,2.0,0.7142857142857143,0.08571428571428572,0.6285714285714286,0.8,0.2095238095238095,0.3739909297052154,0.21904761904761902,0.040756306393864475,0.2955259427412236,0.05307010449867592,0.0,11.628571428571428,1.0
Josh Hearlihy,7.685714285714286,40.05714285714286,5.0,1.5142857142857142,0.14285714285714285,0.9714285714285714,0.42857142857142855,0.5714285714285714,0.02857142857142857,0.14285714285714285,0.6571428571428571,0.18809523809523812,0.09999999999999999,0.11714285714285713,0.019619892652323796,0.03450577200577201,0.02550689911592167,-0.8,11.628571428571428,0.0
Kurt Steidl,28.37142857142857,109.8,12.285714285714286,7.771428571428571,0.42857142857142855,3.857142857142857,1.2285714285714286,0.6285714285714286,0.6,0.8285714285714286,1.9714285714285715,0.4023809523809524,0.35972789115646264,0.4166666666666667,0.04843344075888517,0.23779654285956806,0.08069861743164244,1.6,11.628571428571428,0.0
Nate Rohrer,3.1714285714285713,17.257142857142856,1.0571428571428572,0.45714285714285713,0.11428571428571428,0.37142857142857144,0.3142857142857143,0.05714285714285714,0.02857142857142857,0.08571428571428572,0.2571428571428571,0.08571428571428572,0.0,0.07142857142857142,0.00964458064646124,0.0,0.007427334570191714,0.11428571428571428,11.628571428571428,0.0
Payton Henson,21.82857142857143,90.37142857142857,16.6,9.457142857142857,1.1428571428571428,3.2857142857142856,0.9714285714285714,1.0857142857142856,0.3142857142857143,0.4,1.5142857142857142,0.49955782312925184,0.23999999999999996,0.42727891156462583,0.14094593179914475,0.09945122970056629,0.11788962221293049,-0.7428571428571429,11.628571428571428,1.0
Trae Bell-Haynes,26.6,110.34285714285714,23.34285714285714,10.8,0.6285714285714286,1.8571428571428572,3.7142857142857144,1.8,0.11428571428571428,1.0857142857142856,2.142857142857143,0.46830035044320756,0.24380952380952386,0.5891156462585034,0.17258869530026832,0.08815700749690135,0.19000824015861612,-1.2,11.628571428571428,1.0
