,MP,ORtg,%Ps,Pts,OR,DR,A,TO,Blk,Stl,PF,2Pt %,3Pt %,FT %,2Pt %Att,3Pt %Att,FT %Att,Pnts-Prev,Marg,Maj Cont
Billy Brown,6.65625,24.40625,3.875,1.40625,0.125,0.59375,0.3125,0.3125,0.0,0.21875,0.5625,0.08072916666666667,0.12239583333333334,0.09375,0.010918451917354844,0.05475469045273612,0.0096784376018247,-0.1875,7.46875,0.0
Carson Shanks,11.625,60.0625,14.09375,4.96875,0.71875,1.34375,0.53125,1.28125,0.65625,0.03125,2.6875,0.4477430555555556,0.0,0.4716145833333334,0.07724290267802598,0.003400735294117647,0.11339735969598672,-1.1875,7.46875,1.0
Conner Avants,21.3125,103.3125,18.8125,9.21875,2.125,2.4375,0.5625,1.3125,0.5,0.59375,2.84375,0.5173239087301588,0.03125,0.4328125,0.16301591779859295,0.01179851302649206,0.08214473142588603,-0.4375,7.46875,1.0
Corey Baldwin,27.875,101.21875,16.25,10.0,0.4375,3.375,1.25,1.40625,0.15625,1.15625,2.21875,0.3815104166666667,0.37863906926406926,0.3510416666666667,0.06189422950102737,0.29200392260780594,0.08793000535139016,-0.1875,7.46875,1.0
Cortez Seales,23.03125,88.875,15.3125,7.84375,0.90625,2.21875,1.5625,0.8125,0.40625,0.875,1.46875,0.37866612554112555,0.19791666666666669,0.43671875,0.13635877244396097,0.042007285370288465,0.1159713250792389,0.9375,7.46875,1.0
Drick Bernstine,25.75,89.4375,16.4375,7.375,1.46875,5.3125,2.3125,1.8125,0.5,0.84375,2.71875,0.4905472132034633,0.03125,0.28645833333333337,0.1430855390932393,0.008665680946291561,0.08710484826456076,-0.9375,7.46875,1.0
Geno Crandall,30.625,98.71875,23.75,14.65625,0.75,3.0625,4.0625,3.09375,0.3125,1.9375,2.96875,0.526925244893995,0.31160714285714286,0.623139880952381,0.15920841085048673,0.19046381737677043,0.22124354777980473,-1.6875,7.46875,1.0
Josh Collins,10.34375,41.5,5.65625,2.125,0.34375,1.0625,0.3125,0.59375,0.125,0.15625,1.71875,0.24627976190476192,0.13541666666666669,0.16145833333333334,0.027388283147561983,0.03163333739596317,0.028006407448439873,-0.625,7.46875,0.0
Kienan Walter,2.875,11.59375,3.375,1.34375,0.25,0.59375,0.0625,0.28125,0.0,0.0,0.75,0.1265625,0.0625,0.11458333333333334,0.01747081400666334,0.013460895721925133,0.025536476493601797,-0.5625,7.46875,0.0
Quinton Hooker,34.65625,118.875,22.0625,18.46875,0.71875,3.8125,3.46875,1.71875,0.15625,1.71875,2.03125,0.46200396825396817,0.4306344696969696,0.7225834061771562,0.17216667856308654,0.3205611218076094,0.19773686085926642,0.3125,7.46875,1.0
