,MP,ORtg,%Ps,Pts,OR,DR,A,TO,Blk,Stl,PF,2Pt %,3Pt %,FT %,2Pt %Att,3Pt %Att,FT %Att,Pnts-Prev,Marg,Maj Cont
Chadrack Lufile,15.722222222222221,91.75,17.583333333333332,5.472222222222222,1.75,3.0555555555555554,0.2222222222222222,1.0,0.75,0.2777777777777778,1.3333333333333333,0.4801587301587301,0.0,0.39475308641975304,0.10801680025528713,0.0,0.09023712225175697,0.05555555555555555,15.0,1.0
Cleanthony Early,25.77777777777778,107.94444444444444,25.583333333333332,14.916666666666666,1.25,4.277777777777778,0.7222222222222222,1.9166666666666667,0.75,0.7777777777777778,2.138888888888889,0.5288620330286998,0.32292768959435636,0.748267396184063,0.15495842310747157,0.23385250890245654,0.18358285037874497,-0.7777777777777778,15.0,1.0
Darius Carter,16.805555555555557,105.08333333333333,19.02777777777778,7.388888888888889,1.3333333333333333,2.8333333333333335,0.2777777777777778,0.4166666666666667,0.75,0.2777777777777778,1.8611111111111112,0.4860449735449736,0.0,0.5077663077663078,0.1476002488013149,0.0,0.12647051418924754,1.2222222222222223,15.0,1.0
Derail Green,3.611111111111111,12.5,1.7222222222222223,0.8055555555555556,0.19444444444444445,0.2222222222222222,0.25,0.19444444444444445,0.027777777777777776,0.1111111111111111,0.25,0.05555555555555555,0.08333333333333333,0.05555555555555555,0.01010446129574092,0.032903496744492916,0.0045612114577631814,-0.1111111111111111,15.0,0.0
Evan Wessel,11.38888888888889,70.25,6.444444444444445,1.1111111111111112,0.75,0.9722222222222222,0.2222222222222222,0.3333333333333333,0.16666666666666666,0.2222222222222222,1.3333333333333333,0.25,0.041666666666666664,0.09722222222222222,0.013693503756912518,0.03476553072100693,0.015050976412765031,0.1111111111111111,15.0,0.0
Fred VanVleet,29.944444444444443,124.25,18.694444444444443,11.38888888888889,0.7222222222222222,2.9444444444444446,4.972222222222222,1.2777777777777777,0.1111111111111111,1.8333333333333333,1.75,0.48650793650793656,0.3935185185185185,0.5742572242572241,0.14679438694829258,0.11851278883090827,0.14527863133841631,1.3333333333333333,15.0,1.0
John Robert Simon,1.6944444444444444,0.0,0.0,0.3333333333333333,0.027777777777777776,0.19444444444444445,0.08333333333333333,0.19444444444444445,0.0,0.027777777777777776,0.2222222222222222,0.0,0.027777777777777776,0.0636574074074074,0.002582846003898636,0.006000496948772811,0.01402576805480617,-0.3333333333333333,15.0,0.0
Kadeem Coleby,12.13888888888889,64.52777777777777,9.222222222222221,2.4722222222222223,0.8611111111111112,1.8333333333333333,0.16666666666666666,0.5833333333333334,1.1388888888888888,0.08333333333333333,2.0555555555555554,0.3341329966329966,0.0,0.21481481481481482,0.061735953105400004,0.0,0.03221433096931323,1.2777777777777777,15.0,1.0
Nick Wiggins,14.25,83.05555555555556,17.833333333333332,4.777777777777778,0.5277777777777778,1.6111111111111112,0.5277777777777778,0.8055555555555556,0.25,0.19444444444444445,1.1666666666666667,0.34894179894179894,0.24398148148148147,0.3986111111111111,0.05690414148989225,0.11410118163119407,0.08399799540739444,-0.7222222222222222,15.0,1.0
Ron Baker,28.11111111111111,115.19444444444444,20.38888888888889,12.36111111111111,0.6944444444444444,2.7222222222222223,2.9722222222222223,1.6111111111111112,0.6111111111111112,1.4166666666666667,1.7777777777777777,0.47290163540163527,0.3755531505531504,0.6748567019400353,0.10813465408232459,0.23890529936183091,0.13226135403179906,0.8333333333333334,15.0,1.0
Tekele Cotton,28.75,114.25,17.166666666666668,10.166666666666666,1.3055555555555556,2.611111111111111,2.2777777777777777,1.0277777777777777,0.3055555555555556,1.3333333333333333,1.8611111111111112,0.5139880952380953,0.2881613756613757,0.5187920875420876,0.13146237164002994,0.16010612350676423,0.11491183810058575,1.2222222222222223,15.0,1.0
Zach Bush,1.3333333333333333,0.0,0.0,0.08333333333333333,0.027777777777777776,0.16666666666666666,0.08333333333333333,0.1388888888888889,0.0,0.027777777777777776,0.16666666666666666,0.0,0.027777777777777776,0.0,0.002456653957879448,0.005297017797017797,0.0018518518518518521,-0.2222222222222222,15.0,0.0
