,MP,ORtg,%Ps,Pts,OR,DR,A,TO,Blk,Stl,PF,2Pt %,3Pt %,FT %,2Pt %Att,3Pt %Att,FT %Att,Pnts-Prev,Marg,Maj Cont
Braian Angola-Rodas,10.857142857142858,77.25714285714285,10.485714285714286,4.285714285714286,0.3142857142857143,1.1428571428571428,1.1142857142857143,0.5142857142857142,0.11428571428571428,0.42857142857142855,1.0571428571428572,0.38380952380952377,0.2853741496598639,0.35714285714285715,0.04040016191449195,0.06720317321273185,0.05325987577975211,0.05714285714285714,10.542857142857143,1.0
Brandon Allen,2.4,8.971428571428572,1.0285714285714285,1.2,0.02857142857142857,0.14285714285714285,0.11428571428571428,0.08571428571428572,0.02857142857142857,0.05714285714285714,0.2857142857142857,0.1,0.08857142857142858,0.02857142857142857,0.006538203651455179,0.026789062647002374,0.003361344537815126,0.0,10.542857142857143,0.0
Christ Koumadje,9.428571428571429,61.48571428571429,7.3428571428571425,3.1714285714285713,0.5142857142857142,1.2571428571428571,0.11428571428571428,0.45714285714285713,1.0285714285714285,0.14285714285714285,1.6571428571428573,0.5535714285714286,0.0,0.14523809523809522,0.05092805671381606,0.000985221674876847,0.02738792784763457,1.4285714285714286,10.542857142857143,0.0
CJ Walker,11.371428571428572,72.71428571428571,14.428571428571429,4.485714285714286,0.37142857142857144,0.9428571428571428,1.2571428571428571,0.6857142857142857,0.02857142857142857,0.5714285714285714,1.5142857142857142,0.4671428571428572,0.1904761904761905,0.3780952380952381,0.052518651310571395,0.07737679199711563,0.06513219953365242,-0.17142857142857143,10.542857142857143,0.0
Dwayne Bacon,26.857142857142858,100.71428571428571,25.885714285714286,15.942857142857143,0.9428571428571428,2.857142857142857,1.6,1.8857142857142857,0.11428571428571428,0.9142857142857143,1.5142857142857142,0.46274519131661984,0.2847959183673469,0.6167656153370439,0.20002520522639697,0.2428806084404157,0.1699727384708728,-1.7142857142857142,10.542857142857143,1.0
Jarquez Smith,12.771428571428572,77.62857142857143,12.114285714285714,4.314285714285714,0.9428571428571428,1.8285714285714285,0.4857142857142857,0.7142857142857143,0.8571428571428571,0.22857142857142856,2.257142857142857,0.4747619047619048,0.047619047619047616,0.2972789115646259,0.07024108710608525,0.014809473214573186,0.05570731464776038,0.7428571428571429,10.542857142857143,0.0
Jonathan Isaac,22.057142857142857,98.05714285714286,17.485714285714284,10.228571428571428,1.5714285714285714,4.9714285714285715,0.8857142857142857,1.3142857142857143,1.2857142857142858,0.9714285714285714,1.8,0.4780272108843536,0.2752380952380952,0.5400309214594928,0.10500757244831348,0.13418876115166284,0.12073308511621099,1.8857142857142857,10.542857142857143,1.0
Michael Ojo,11.428571428571429,89.74285714285715,13.228571428571428,4.628571428571429,1.5142857142857142,1.5714285714285714,0.2,0.6857142857142857,0.8,0.2571428571428571,1.8857142857142857,0.504421768707483,0.0,0.40068027210884355,0.06454994039802169,0.0,0.08077515429901538,0.7428571428571429,10.542857142857143,1.0
Phil Cofer,10.942857142857143,58.628571428571426,9.971428571428572,2.6285714285714286,0.5428571428571428,1.1142857142857143,0.2,0.6571428571428571,0.08571428571428572,0.11428571428571428,0.8285714285714286,0.3399999999999999,0.11428571428571428,0.11904761904761905,0.043979292783515464,0.0254509977288882,0.02442692845809012,-0.9142857142857143,10.542857142857143,0.0
PJ Savoy,6.057142857142857,37.74285714285714,6.914285714285715,4.142857142857143,0.11428571428571428,0.5428571428571428,0.2,0.22857142857142856,0.02857142857142857,0.17142857142857143,0.34285714285714286,0.17142857142857143,0.21397959183673468,0.17142857142857143,0.009409679403814193,0.13207043244154532,0.037547715498482764,-0.05714285714285714,10.542857142857143,1.0
Terance Mann,23.714285714285715,110.11428571428571,15.257142857142858,8.057142857142857,1.8285714285714285,2.5714285714285716,1.6285714285714286,1.1714285714285715,0.17142857142857143,0.9714285714285714,2.1714285714285713,0.5399659863945578,0.14285714285714285,0.4857142857142857,0.11405028445199843,0.033117841775404805,0.09753389006435045,-0.05714285714285714,10.542857142857143,1.0
Trent Forrest,14.885714285714286,85.6,14.685714285714285,4.828571428571428,0.8571428571428571,1.8,1.4857142857142858,0.9428571428571428,0.14285714285714285,1.2285714285714286,1.1428571428571428,0.3989455782312925,0.02857142857142857,0.44897959183673475,0.07868431783401875,0.010401670072417683,0.08263986522681255,0.8571428571428571,10.542857142857143,0.0
Xavier Rathan-Mayes,25.8,106.74285714285715,20.34285714285714,9.82857142857143,0.4857142857142857,2.3714285714285714,4.571428571428571,1.6571428571428573,0.11428571428571428,0.8857142857142857,1.8571428571428572,0.5484004884004884,0.2635827664399093,0.3795238095238095,0.10652468961464408,0.1775831085005085,0.12437910337669317,-1.3142857142857143,10.542857142857143,1.0
