,MP,ORtg,%Ps,Pts,OR,DR,A,TO,Blk,Stl,PF,2Pt %,3Pt %,FT %,2Pt %Att,3Pt %Att,FT %Att,Pnts-Prev,Marg,Maj Cont
Angel Delgado,29.294117647058822,103.32352941176471,16.88235294117647,9.735294117647058,2.8823529411764706,6.264705882352941,0.9705882352941176,1.7941176470588236,0.8235294117647058,0.5294117647058824,2.6176470588235294,0.5650961783314724,0.0,0.4776960784313726,0.16924821642652907,0.0035714285714285713,0.12420243479691254,-0.8823529411764706,6.852941176470588,1.0
Braeden Anderson,3.2058823529411766,12.235294117647058,1.4411764705882353,0.4117647058823529,0.2647058823529412,0.5,0.029411764705882353,0.11764705882352941,0.029411764705882353,0.08823529411764706,0.5882352941176471,0.07352941176470588,0.0,0.11764705882352941,0.008715223913145187,0.0,0.01645133845945205,0.0,6.852941176470588,0.0
Derrick Gordon,22.91176470588235,90.41176470588235,20.294117647058822,7.705882352941177,1.0588235294117647,2.088235294117647,1.6470588235294117,1.8235294117647058,0.23529411764705882,0.9705882352941176,1.9411764705882353,0.4355201171377643,0.24019607843137253,0.3668300653594772,0.12726435223031565,0.08885612638342402,0.11828962823728535,-1.2352941176470589,6.852941176470588,1.0
Desi Rodriguez,25.264705882352942,109.11764705882354,21.647058823529413,12.147058823529411,1.5,3.5,1.3823529411764706,1.6470588235294117,0.20588235294117646,1.5588235294117647,1.8529411764705883,0.5331688736100502,0.317156862745098,0.5911181139122315,0.15099188042462242,0.13974483646785363,0.14979662747694378,0.23529411764705882,6.852941176470588,1.0
Isaiah Whitehead,31.235294117647058,100.23529411764706,30.38235294117647,17.88235294117647,0.5294117647058824,2.9411764705882355,4.852941176470588,3.4411764705882355,1.411764705882353,1.1176470588235294,2.235294117647059,0.38893875732111033,0.36108776844070956,0.6601678550207962,0.19838248469803807,0.36374102353813226,0.22977192789814815,-1.8235294117647058,6.852941176470588,1.0
Ismael Sanogo,26.470588235294116,101.17647058823529,11.088235294117647,4.705882352941177,2.588235294117647,4.147058823529412,1.2941176470588236,1.1176470588235294,1.0294117647058822,1.3529411764705883,3.0,0.4343137254901961,0.0,0.39509803921568626,0.08528801112393036,0.001838235294117647,0.09259632685652355,2.5294117647058822,6.852941176470588,0.0
Khadeen Carrington,29.941176470588236,101.67647058823529,22.58823529411765,13.852941176470589,0.4117647058823529,2.6470588235294117,2.4705882352941178,1.9705882352941178,0.11764705882352941,1.0588235294117647,1.7352941176470589,0.47110332477979544,0.3252100840336135,0.5775401069518716,0.1568896214163746,0.27344732587282655,0.15651339765102304,-1.588235294117647,6.852941176470588,1.0
Michael Nzei,13.0,70.67647058823529,8.911764705882353,3.323529411764706,1.4705882352941178,1.3529411764705883,0.17647058823529413,0.6470588235294118,0.5588235294117647,0.14705882352941177,1.7058823529411764,0.3911764705882353,0.0,0.17990196078431372,0.05276732850840104,0.0,0.05483396273206004,0.11764705882352941,6.852941176470588,1.0
Myles Carter,0.9411764705882353,0.0,0.0,0.14705882352941177,0.08823529411764706,0.08823529411764706,0.029411764705882353,0.08823529411764706,0.029411764705882353,0.0,0.14705882352941177,0.058823529411764705,0.0,0.014705882352941176,0.0020527661865661594,0.0,0.007983193277310925,-0.11764705882352941,6.852941176470588,0.0
Rashed Anthony,3.7941176470588234,8.911764705882353,0.4411764705882353,0.38235294117647056,0.058823529411764705,0.5294117647058824,0.14705882352941177,0.14705882352941177,0.08823529411764706,0.11764705882352941,1.0294117647058822,0.10784313725490195,0.0,0.04411764705882353,0.008398566274958582,0.0,0.0036414565826330533,0.11764705882352941,6.852941176470588,0.0
Veer Singh,7.705882352941177,35.14705882352941,4.705882352941177,1.911764705882353,0.23529411764705882,0.8235294117647058,0.11764705882352941,0.35294117647058826,0.0,0.08823529411764706,1.2058823529411764,0.10294117647058823,0.2181372549019608,0.10294117647058823,0.01058978409123649,0.09938925916633509,0.016507941325825136,-0.5294117647058824,6.852941176470588,0.0
