,MP,ORtg,%Ps,Pts,OR,DR,A,TO,Blk,Stl,PF,2Pt %,3Pt %,FT %,2Pt %Att,3Pt %Att,FT %Att,Pnts-Prev,Marg
Adrio Bailey,12.323529411764707,68.05882352941177,9.529411764705882,3.5294117647058822,0.8235294117647058,1.4411764705882353,0.47058823529411764,0.5294117647058824,0.6764705882352942,0.4411764705882353,1.7058823529411764,0.3543417366946779,0.0,0.22058823529411764,0.06588831174017752,0.0,0.038401258184539926,1.1764705882352942,5.5588235294117645
Anton Beard,30.176470588235293,106.55882352941177,17.970588235294116,9.558823529411764,0.5882352941176471,2.0588235294117645,3.088235294117647,1.2941176470588236,0.058823529411764705,0.9411764705882353,2.5588235294117645,0.42815550462609286,0.2987745098039217,0.5139705882352941,0.12021589349735308,0.1739083057827961,0.11486128685561661,-0.5882352941176471,5.5588235294117645
Arlando Cook,8.205882352941176,50.029411764705884,4.794117647058823,1.3529411764705883,0.38235294117647056,1.0,0.29411764705882354,0.29411764705882354,0.058823529411764705,0.20588235294117646,0.5,0.18431372549019606,0.0,0.08333333333333333,0.0340137241695176,0.0,0.019828190365715724,-0.058823529411764705,5.5588235294117645
CJ Jones,14.882352941176471,87.6470588235294,14.058823529411764,6.411764705882353,0.11764705882352941,1.3235294117647058,0.4117647058823529,0.38235294117647056,0.11764705882352941,0.23529411764705882,0.8823529411764706,0.3817226890756303,0.27272408963585437,0.24019607843137253,0.050659146800139644,0.1646228821399852,0.027755436616778942,-0.058823529411764705,5.5588235294117645
Daniel Gafford,22.61764705882353,114.29411764705883,23.705882352941178,11.941176470588236,2.2058823529411766,4.029411764705882,0.7058823529411765,1.088235294117647,2.1470588235294117,0.5588235294117647,3.2941176470588234,0.6036807147101265,0.0,0.45422502334267045,0.1892415581093226,0.0,0.21292610542099571,3.235294117647059,5.5588235294117645
Darious Hall,14.617647058823529,80.73529411764706,14.411764705882353,5.088235294117647,0.9117647058823529,2.2058823529411766,0.47058823529411764,1.088235294117647,0.20588235294117646,0.47058823529411764,2.0294117647058822,0.44240196078431376,0.23529411764705882,0.2876984126984127,0.06685465255360101,0.04294000184766101,0.07952156964555501,-0.8235294117647058,5.5588235294117645
Daryl Macon,30.823529411764707,123.08823529411765,24.529411764705884,16.91176470588235,0.38235294117647056,2.5,3.9411764705882355,1.8235294117647058,0.058823529411764705,1.0,1.7941176470588236,0.4666465070876835,0.398844537815126,0.8356927386339152,0.13052470493414137,0.3041499795307411,0.225793941205148,-1.5294117647058822,5.5588235294117645
Dustin Thomas,14.705882352941176,78.6470588235294,10.970588235294118,3.8529411764705883,0.9117647058823529,2.235294117647059,0.7647058823529411,0.8529411764705882,0.08823529411764706,0.5882352941176471,2.0294117647058822,0.3851540616246498,0.029411764705882353,0.2965686274509804,0.0655266520195479,0.003095975232198142,0.06839440893745297,-0.35294117647058826,5.5588235294117645
Gabe Osabuohien,3.9705882352941178,12.176470588235293,2.5588235294117645,0.6470588235294118,0.17647058823529413,0.6470588235294118,0.20588235294117646,0.3235294117647059,0.08823529411764706,0.08823529411764706,0.6176470588235294,0.1303921568627451,0.0,0.029411764705882353,0.014492504723222744,0.007028440666884603,0.013229169924216366,-0.29411764705882354,5.5588235294117645
Jaylen Barford,31.205882352941178,114.73529411764706,26.176470588235293,18.029411764705884,1.0294117647058822,2.9411764705882355,2.5588235294117645,1.8823529411764706,0.29411764705882354,1.0294117647058822,2.5294117647058822,0.4863465782583429,0.4559173669467787,0.5942577030812325,0.19441209038608917,0.3042544147997339,0.15872026470123513,-1.1176470588235294,5.5588235294117645
Trey Thompson,17.970588235294116,103.67647058823529,12.588235294117647,3.323529411764706,1.1470588235294117,2.764705882352941,1.5294117647058822,1.0,0.8235294117647058,0.6470588235294118,2.2058823529411766,0.4612745098039216,0.0,0.25980392156862747,0.06817076106688738,0.0,0.040568368142745594,0.9411764705882353,5.5588235294117645
