,MP,ORtg,%Ps,Pts,OR,DR,A,TO,Blk,Stl,PF,2Pt %,3Pt %,FT %,2Pt %Att,3Pt %Att,FT %Att,Pnts-Prev,Marg,Maj Cont
CJ Wiggins,4.5,16.88235294117647,3.235294117647059,1.3235294117647058,0.11764705882352941,0.2647058823529412,0.6470588235294118,0.38235294117647056,0.0,0.14705882352941177,0.35294117647058826,0.09453781512605042,0.0392156862745098,0.15196078431372548,0.020369981939950564,0.011278812178466158,0.028345784940930277,-0.47058823529411764,11.441176470588236,0.0
Dajuan Graf,34.35294117647059,110.11764705882354,21.794117647058822,13.882352941176471,0.6176470588235294,2.7941176470588234,5.088235294117647,2.676470588235294,0.029411764705882353,1.1176470588235294,1.8823529411764706,0.4920680626562979,0.34901960784313724,0.6441176470588237,0.2204298489984741,0.09071582339750602,0.19015304914642306,-3.0588235294117645,11.441176470588236,1.0
Del'Vin Dickerson,19.676470588235293,108.82352941176471,18.205882352941178,8.029411764705882,1.3823529411764706,3.235294117647059,0.4411764705882353,0.9117647058823529,0.5,0.6176470588235294,2.264705882352941,0.5464381207028266,0.22549019607843138,0.45752801120448183,0.11589946225673343,0.0709323716207708,0.13122359535782468,0.4117647058823529,11.441176470588236,1.0
Kyle Benton,19.941176470588236,79.97058823529412,10.264705882352942,6.176470588235294,2.4411764705882355,3.1470588235294117,0.3235294117647059,0.6470588235294118,0.8823529411764706,0.5588235294117647,1.6176470588235294,0.43951383583736525,0.0,0.27587535014005604,0.1102255715444257,0.0,0.1151949440695445,1.588235294117647,11.441176470588236,1.0
Marius McAllister,1.2352941176470589,6.794117647058823,0.47058823529411764,0.29411764705882354,0.11764705882352941,0.11764705882352941,0.058823529411764705,0.11764705882352941,0.0,0.029411764705882353,0.14705882352941177,0.04411764705882353,0.0,0.029411764705882353,0.003183205303588341,0.0012254901960784311,0.004374747610714766,-0.17647058823529413,11.441176470588236,0.0
Michael Wolfe,1.7647058823529411,0.0,0.0,0.5588235294117647,0.058823529411764705,0.23529411764705882,0.0,0.058823529411764705,0.029411764705882353,0.029411764705882353,0.35294117647058826,0.058823529411764705,0.029411764705882353,0.07352941176470588,0.004317496229260935,0.010866932631638513,0.011001113572119093,0.0,11.441176470588236,0.0
Pablo Rivas,17.647058823529413,109.17647058823529,13.147058823529411,6.647058823529412,1.3823529411764706,2.8823529411764706,0.23529411764705882,0.6764705882352942,0.7058823529411765,0.35294117647058826,2.323529411764706,0.5978991596638655,0.20588235294117646,0.2906862745098039,0.09921771253263918,0.03399899801117668,0.05450575938389989,0.7647058823529411,11.441176470588236,1.0
Patrick Cole,33.11764705882353,97.82352941176471,31.764705882352942,18.323529411764707,1.1470588235294117,5.470588235294118,5.323529411764706,3.5588235294117645,0.23529411764705882,0.8823529411764706,2.323529411764706,0.37965845429080725,0.28826394194041255,0.6702139363904068,0.26506547353186427,0.24955279209502107,0.34086670706713057,-4.882352941176471,11.441176470588236,1.0
Rashaun Madison,28.705882352941178,98.17647058823529,14.088235294117647,9.470588235294118,0.2647058823529412,1.911764705882353,0.7352941176470589,0.7647058823529411,0.0,1.1470588235294117,1.9705882352941178,0.3367647058823529,0.30898374501315684,0.14705882352941177,0.026146868235985214,0.3509918159353095,0.04250529212692594,0.7647058823529411,11.441176470588236,1.0
Ron Trapps,16.08823529411765,79.1470588235294,13.352941176470589,5.117647058823529,0.5882352941176471,1.8529411764705883,0.6470588235294118,0.6176470588235294,0.058823529411764705,0.5,1.1470588235294117,0.3216386554621849,0.2715686274509804,0.1355042016806723,0.04543424471457114,0.15102519922815053,0.027962562836228947,-0.11764705882352941,11.441176470588236,1.0
Will Ransom,15.911764705882353,69.73529411764706,6.676470588235294,2.764705882352941,1.7647058823529411,2.2941176470588234,0.08823529411764706,0.7941176470588235,0.8823529411764706,0.4117647058823529,2.2058823529411766,0.4176470588235294,0.0,0.049019607843137254,0.060298370006624843,0.0,0.024454679182375892,1.0,11.441176470588236,0.0
