,MP,ORtg,%Ps,Pts,OR,DR,A,TO,Blk,Stl,PF,2Pt %,3Pt %,FT %,2Pt %Att,3Pt %Att,FT %Att,Pnts-Prev,Marg
Devin Watson,31.28125,110.3125,21.09375,12.34375,0.5,2.09375,3.8125,1.84375,0.0,0.96875,1.4375,0.41236003579753583,0.34006696428571437,0.7156114718614719,0.14837741015907063,0.17957825933392546,0.19242945130669326,-1.75,9.59375
Jalen McDaniels,24.59375,114.59375,16.84375,10.21875,2.25,5.21875,0.875,1.0625,0.5625,0.84375,2.28125,0.6546936570374069,0.0625,0.5541666666666667,0.15960770863451046,0.0240509217785033,0.15254952049900408,0.6875,9.59375
Jeremy Hemsley,21.21875,86.875,19.09375,7.125,0.1875,1.46875,2.09375,1.6875,0.125,0.59375,1.71875,0.5098958333333333,0.2271577380952381,0.36502976190476194,0.0864032547144149,0.11527348176816266,0.1285092982728298,-1.9375,9.59375
Jordan Schakel,13.9375,86.9375,8.625,3.25,0.53125,1.5625,0.5625,0.28125,0.09375,0.375,2.03125,0.15104166666666666,0.25520833333333337,0.171875,0.018296301872906737,0.11256845864733872,0.02144147078224157,0.375,9.59375
Kameron Rooks,9.375,71.0,8.0625,2.5625,1.375,1.5625,0.21875,0.375,0.65625,0.1875,1.09375,0.4255208333333333,0.0,0.140625,0.047324415920708296,0.0,0.03860010718846925,0.9375,9.59375
Malik Pope,25.25,110.59375,22.90625,12.5,2.09375,4.3125,1.125,1.6875,1.0625,0.71875,2.09375,0.5441064144189144,0.28645833333333337,0.517671130952381,0.2297764613105162,0.055929014975246376,0.12848259848083032,0.1875,9.59375
Matt Mitchell,26.71875,101.09375,19.9375,10.71875,0.71875,3.3125,1.75,2.0625,0.25,1.125,2.46875,0.532514880952381,0.3342092803030303,0.5416666666666667,0.09988989465063677,0.19541860676630252,0.12600153355256044,-1.375,9.59375
Max Montana,12.875,66.1875,12.84375,5.4375,0.59375,1.75,0.625,0.53125,0.125,0.25,1.4375,0.2734375,0.22166418650793654,0.22916666666666666,0.031541865673209504,0.15173195713836696,0.0468546293406841,-0.3125,9.59375
Montaque Gill-Caesar,2.4375,13.6875,3.8125,0.9375,0.125,0.34375,0.125,0.28125,0.03125,0.0625,0.15625,0.06770833333333333,0.03645833333333333,0.0703125,0.010987445217321378,0.020198451910408432,0.011100278233898923,-0.375,9.59375
Nolan Narain,7.75,55.125,8.21875,3.34375,0.65625,0.78125,0.21875,0.5625,0.09375,0.15625,1.15625,0.36961805555555555,0.109375,0.22395833333333334,0.04449127788427324,0.015332343310284487,0.03089323999567407,-0.625,9.59375
Trey Kell,23.71875,89.3125,17.3125,8.8125,0.53125,2.84375,3.4375,1.3125,0.1875,0.96875,1.0625,0.36436272061272057,0.2520833333333333,0.47492559523809524,0.12330396396243182,0.12991850437146113,0.12313787234711422,-0.3125,9.59375
