,MP,ORtg,%Ps,Pts,OR,DR,A,TO,Blk,Stl,PF,2Pt %,3Pt %,FT %,2Pt %Att,3Pt %Att,FT %Att,Pnts-Prev,Marg,Maj Cont
Edmond Sumner,18.31578947368421,64.44736842105263,13.289473684210526,8.263157894736842,0.2894736842105263,2.1052631578947367,2.763157894736842,1.5263157894736843,0.42105263157894735,0.7105263157894737,1.3421052631578947,0.29397700252963405,0.13903508771929823,0.38239911103688196,0.12181076277006142,0.052343955286863066,0.13857388076645025,-0.7894736842105263,3.289473684210526,0.0
JP Macura,33.473684210526315,112.52631578947368,22.0,14.368421052631579,1.3157894736842106,3.0789473684210527,2.8947368421052633,2.026315789473684,0.21052631578947367,1.4210526315789473,2.3684210526315788,0.5260025062656641,0.28832592845750726,0.6817251461988304,0.1696251380336263,0.24270495126379812,0.1829149108257174,-0.7894736842105263,3.289473684210526,0.0
Kaiser Gates,18.210526315789473,89.0,11.736842105263158,5.052631578947368,0.9736842105263158,2.526315789473684,0.5789473684210527,0.5789473684210527,0.13157894736842105,0.39473684210526316,1.5789473684210527,0.3684210526315789,0.293984962406015,0.3017543859649123,0.0324880214593183,0.15122374889701526,0.044692213141583184,-0.10526315789473684,3.289473684210526,0.0
Malcolm Bernard,28.026315789473685,100.84210526315789,13.526315789473685,6.578947368421052,1.236842105263158,2.8421052631578947,1.5263157894736843,1.4736842105263157,0.3157894736842105,1.0,2.736842105263158,0.4074561403508772,0.35557644110275693,0.40131578947368424,0.0624869737965744,0.15819698457785886,0.08071501966919793,-0.3157894736842105,3.289473684210526,0.0
Myles Davis,0.8947368421052632,1.868421052631579,1.1842105263157894,0.05263157894736842,0.0,0.05263157894736842,0.0,0.05263157894736842,0.0,0.02631578947368421,0.13157894736842105,0.0,0.0,0.02631578947368421,0.0015969410706252814,0.006428901200369344,0.0031644096979850157,-0.05263157894736842,3.289473684210526,0.0
Quentin Goodin,24.105263157894736,76.28947368421052,15.894736842105264,5.131578947368421,0.15789473684210525,1.868421052631579,3.4473684210526314,1.9473684210526316,0.15789473684210525,0.8947368421052632,2.1052631578947367,0.3760025062656641,0.19486215538847115,0.3398913951545531,0.10908252609993589,0.06732562286603991,0.08029252166728863,-1.7894736842105263,3.289473684210526,0.0
RaShid Gaston,18.157894736842106,99.10526315789474,18.210526315789473,7.368421052631579,2.4473684210526314,3.473684210526316,0.6052631578947368,1.0789473684210527,0.5,0.15789473684210525,2.289473684210526,0.5626614613456717,0.0,0.4046992481203007,0.14080478338897437,0.0,0.10624935177504967,-0.8421052631578947,3.289473684210526,0.0
Sean O'Mara,13.763157894736842,90.92105263157895,14.842105263157896,6.052631578947368,1.3421052631578947,1.7105263157894737,0.6052631578947368,0.8421052631578947,0.34210526315789475,0.3157894736842105,1.736842105263158,0.5392543859649123,0.0,0.35584795321637425,0.1054512840169365,0.0,0.08457948495891651,-0.3684210526315789,3.289473684210526,0.0
Tim Stainbrook,0.9736842105263158,0.0,0.0,0.07894736842105263,0.0,0.07894736842105263,0.05263157894736842,0.0,0.02631578947368421,0.0,0.10526315789473684,0.0,0.02631578947368421,0.0,0.0,0.008329228820714891,0.0,0.05263157894736842,3.289473684210526,0.0
Trevon Bluiett,33.23684210526316,102.57894736842105,23.07894736842105,17.5,0.6842105263157895,4.684210526315789,1.9736842105263157,2.0526315789473686,0.10526315789473684,0.8421052631578947,2.263157894736842,0.433218462823726,0.32465809044756416,0.6490288220551379,0.17450303887266097,0.3134466070873407,0.23290705824376617,-2.210526315789474,3.289473684210526,0.0
Tyrique Jones,10.710526315789474,55.6578947368421,10.421052631578947,4.105263157894737,1.5263157894736843,1.4736842105263157,0.2894736842105263,0.7105263157894737,0.42105263157894735,0.23684210526315788,1.9473684210526316,0.5401002506265664,0.0,0.16284461152882204,0.08215053049128655,0.0,0.04591114925404534,-0.10526315789473684,3.289473684210526,0.0
