,MP,ORtg,%Ps,Pts,OR,DR,A,TO,Blk,Stl,PF,2Pt %,3Pt %,FT %,2Pt %Att,3Pt %Att,FT %Att,Pnts-Prev,Marg
AJ Brodeur,30.90625,107.78125,22.40625,13.09375,1.75,5.375,2.5,2.375,1.25,0.875,2.6875,0.5932609057609057,0.19947916666666665,0.4408482142857143,0.23709468748211907,0.08416635348059996,0.13658435485079148,-0.5,7.75
Antonio Woods,27.9375,104.9375,15.0625,7.625,0.625,3.0625,2.125,1.25,0.125,0.59375,1.9375,0.48357345779220784,0.34635416666666663,0.3421502976190476,0.09995539215705232,0.11557155439683328,0.12190078909528237,-1.0625,7.75
Caleb Wood,19.21875,101.25,18.53125,10.0625,0.40625,1.59375,0.9375,0.65625,0.09375,0.34375,1.5625,0.5838541666666667,0.3367559523809524,0.39270833333333327,0.0734252899148174,0.2028219083349987,0.08703737727202099,-0.4375,7.75
Darnell Foreman,29.75,108.46875,20.15625,10.6875,0.4375,4.03125,3.5625,1.625,0.1875,1.125,2.0,0.5226303210678211,0.24330357142857145,0.6322882846320346,0.15452694480450915,0.10818934473706539,0.19866605935520468,-0.625,7.75
Devon Goodman,10.59375,43.71875,9.65625,3.0,0.15625,0.875,1.09375,0.6875,0.0625,0.46875,1.09375,0.21562499999999998,0.12109375,0.1515625,0.05275821919203101,0.04804076256534855,0.041911168671616574,-0.3125,7.75
Eddie Scott,3.125,14.34375,1.96875,1.03125,0.3125,0.53125,0.0625,0.21875,0.0,0.0625,0.46875,0.140625,0.0625,0.029513888888888888,0.015012775705247776,0.007638770221007063,0.01946630575307046,-0.3125,7.75
Jackson Donahue,7.53125,36.125,5.625,2.5625,0.1875,0.5,0.3125,0.34375,0.0,0.125,0.53125,0.15729166666666666,0.2289434523809524,0.06770833333333333,0.01396785829230682,0.06949332051858707,0.014770531400966184,-0.4375,7.75
Jake Silpe,4.9375,25.53125,3.3125,1.25,0.125,0.53125,0.4375,0.0625,0.0,0.1875,0.40625,0.16145833333333334,0.06510416666666666,0.046875,0.01630923779261375,0.02377011128322455,0.013247399620619259,0.25,7.75
Jarrod Simmons,4.59375,13.8125,3.09375,1.8125,0.40625,0.84375,0.21875,0.3125,0.1875,0.125,0.78125,0.17901785714285715,0.07291666666666666,0.08203125,0.027768733029177737,0.01771178015790085,0.02639945652173913,0.0,7.75
Matt MacDonald,3.28125,7.5625,1.53125,0.78125,0.25,0.21875,0.15625,0.09375,0.03125,0.25,0.28125,0.19270833333333334,0.03125,0.08854166666666667,0.011976005103402803,0.0036692927459715118,0.018707783385093168,0.375,7.75
Max Rothschild,22.78125,98.90625,22.21875,7.75,1.78125,4.03125,2.34375,2.21875,0.40625,0.78125,2.78125,0.5120937998405104,0.0,0.4817708333333333,0.1726530976410043,0.0,0.12067044628012995,-2.0625,7.75
Ryan Betley,33.5,107.0625,20.34375,14.46875,0.65625,4.28125,1.25,1.5,0.4375,0.8125,2.09375,0.42593005952380947,0.38386431277056277,0.5916666666666667,0.12372939046466509,0.27228444346466585,0.19766213731727528,-0.5,7.75
Sam Jones,3.46875,19.34375,1.75,1.53125,0.03125,0.625,0.03125,0.03125,0.0,0.0625,0.3125,0.0,0.1144345238095238,0.015625,0.0008223684210526315,0.04664235809379719,0.002976190476190476,0.0625,7.75
