,MP,ORtg,%Ps,Pts,OR,DR,A,TO,Blk,Stl,PF,2Pt %,3Pt %,FT %,2Pt %Att,3Pt %Att,FT %Att,Pnts-Prev,Marg,Maj Cont
Cody John,14.457142857142857,60.82857142857143,12.2,3.8,0.08571428571428572,1.2571428571428571,1.3142857142857143,0.8285714285714286,0.14285714285714285,0.2571428571428571,1.1142857142857143,0.373469387755102,0.09523809523809525,0.18945578231292518,0.0679468894392666,0.07386877449492622,0.045423544459415516,-0.8571428571428571,9.6,0.0
Dusty Baker,17.485714285714284,82.45714285714286,15.942857142857143,5.171428571428572,0.45714285714285713,1.9142857142857144,1.7714285714285714,1.4285714285714286,0.11428571428571428,0.42857142857142855,1.2,0.370952380952381,0.27891156462585037,0.376984126984127,0.07110218381493963,0.07988989392867403,0.06962406562202914,-1.7714285714285714,9.6,0.0
Jeremy Senglin,33.77142857142857,113.94285714285714,23.285714285714285,17.65714285714286,0.3142857142857143,3.1142857142857143,2.6857142857142855,2.2,0.08571428571428572,0.6571428571428571,1.7714285714285714,0.5168893011750156,0.41943001443001443,0.5429338915053201,0.17482243681847856,0.31070330264415813,0.1819514430844863,-2.914285714285714,9.6,1.0
Joel Bolomboy,28.685714285714287,105.28571428571429,23.257142857142856,15.742857142857142,3.0285714285714285,8.542857142857143,0.9714285714285714,2.142857142857143,1.1142857142857143,0.6571428571428571,2.0,0.566009546009546,0.2723809523809524,0.6413090480947622,0.24720180697842212,0.07161057971408497,0.26563790685478883,-0.7428571428571429,9.6,1.0
Juwan Williams,4.8,18.285714285714285,3.4857142857142858,1.8857142857142857,0.22857142857142856,0.6857142857142857,0.05714285714285714,0.2857142857142857,0.14285714285714285,0.05714285714285714,0.8,0.14047619047619048,0.11428571428571428,0.17365079365079364,0.028255579481152246,0.014669517929740231,0.031420333573786256,-0.17142857142857143,9.6,0.0
Kyndahl Hill,22.685714285714287,117.74285714285715,16.542857142857144,8.0,1.8,3.914285714285714,0.8285714285714286,1.0857142857142856,1.0285714285714285,0.42857142857142855,2.5142857142857142,0.6588295831152973,0.014285714285714285,0.5671428571428573,0.14543072681661395,0.014415724184410608,0.12071860569965609,0.7428571428571429,9.6,1.0
McKay Cannon,20.37142857142857,97.94285714285714,16.2,5.228571428571429,0.2571428571428571,1.6285714285714286,2.6,1.457142857142857,0.02857142857142857,0.8,2.3714285714285714,0.2085714285714286,0.3611337868480725,0.35238095238095235,0.03660898679522389,0.12602238594166001,0.061813286942378136,-1.2571428571428571,9.6,1.0
Richaud Gittens,16.942857142857143,84.82857142857142,13.257142857142858,4.142857142857143,0.17142857142857143,1.8857142857142857,1.2857142857142858,0.8571428571428571,0.05714285714285714,0.6285714285714286,1.3428571428571427,0.26071428571428573,0.2852380952380952,0.22142857142857142,0.04347525645041251,0.11086461646712525,0.02809459033378701,-0.34285714285714286,9.6,1.0
Ryan Richardson,16.314285714285713,64.88571428571429,12.485714285714286,5.542857142857143,0.11428571428571428,1.3428571428571427,1.0285714285714285,0.9714285714285714,0.08571428571428572,0.5428571428571428,1.4857142857142858,0.26666666666666666,0.24693877551020407,0.22142857142857142,0.028172742734036735,0.16938377612379205,0.039806097675186794,-0.6857142857142857,9.6,0.0
Zach Braxton,19.257142857142856,91.42857142857143,16.771428571428572,6.514285714285714,1.2,2.6857142857142855,0.4857142857142857,1.4,0.4857142857142857,0.2571428571428571,2.3142857142857145,0.5723242630385488,0.0,0.43523809523809526,0.12841196210002512,0.0,0.1269386971830573,-1.3142857142857143,9.6,1.0
