,MP,ORtg,%Ps,Pts,OR,DR,A,TO,Blk,Stl,PF,2Pt %,3Pt %,FT %,2Pt %Att,3Pt %Att,FT %Att,Pnts-Prev,Marg
Cane Broome,19.470588235294116,102.26470588235294,19.647058823529413,7.735294117647059,0.47058823529411764,1.0,2.735294117647059,1.3823529411764706,0.058823529411764705,0.8823529411764706,1.2647058823529411,0.3933823529411765,0.28839869281045744,0.37745098039215685,0.09584144571066255,0.11011954321829572,0.09405340459816386,-0.8823529411764706,17.323529411764707
Eliel Nsoseme,4.676470588235294,16.147058823529413,2.5294117647058822,0.7647058823529411,0.5588235294117647,0.8235294117647058,0.14705882352941177,0.3235294117647059,0.3235294117647059,0.08823529411764706,0.6764705882352942,0.14411764705882352,0.0,0.045098039215686274,0.01493707219126865,0.0,0.03021328680930757,0.17647058823529413,17.323529411764707
Gary Clark,28.147058823529413,133.35294117647058,21.558823529411764,13.0,2.9411764705882355,5.588235294117647,2.088235294117647,1.0,1.2352941176470589,1.4411764705882353,2.088235294117647,0.5523862575333164,0.34460784313725495,0.6656040854570267,0.17975390059368254,0.0881940441287062,0.21194704093372183,3.3529411764705883,17.323529411764707
Jacob Evans,30.764705882352942,117.0,22.08823529411765,12.911764705882353,1.3529411764705883,3.2058823529411766,3.235294117647059,1.7647058823529411,1.0294117647058822,1.3529411764705883,1.9411764705882353,0.5156151854681267,0.3687834224598931,0.5092436974789916,0.15929489569101785,0.23149300247058707,0.14964392959652084,1.2352941176470589,17.323529411764707
Jarron Cumberland,28.647058823529413,104.73529411764706,21.205882352941178,10.882352941176471,1.0,2.735294117647059,2.8823529411764706,1.8529411764705883,0.38235294117647056,1.0,2.0588235294117645,0.45836834733893556,0.30105042016806716,0.5081932773109243,0.11499655914781534,0.22735237334690547,0.14733406719651604,-0.9411764705882353,17.323529411764707
Justin Jenifer,19.38235294117647,115.55882352941177,12.647058823529411,4.852941176470588,0.20588235294117646,0.8235294117647058,2.4705882352941178,0.6764705882352942,0.0,0.47058823529411764,1.2647058823529411,0.21708683473389354,0.27941176470588236,0.3990196078431372,0.038478777316247485,0.11210504429672316,0.06300475139016183,-0.4117647058823529,17.323529411764707
Keith Williams,9.529411764705882,36.14705882352941,10.470588235294118,2.9705882352941178,0.4411764705882353,0.7352941176470589,0.4117647058823529,0.7941176470588235,0.14705882352941177,0.4411764705882353,0.6764705882352942,0.2575980392156863,0.10294117647058823,0.2107843137254902,0.05589642663758605,0.03703470750564296,0.04805009198271841,-0.4117647058823529,17.323529411764707
Kyle Washington,23.029411764705884,109.58823529411765,22.352941176470587,11.294117647058824,1.6176470588235294,3.735294117647059,0.3235294117647059,1.2941176470588236,1.3529411764705883,0.2647058823529412,1.8529411764705883,0.5510993908052731,0.26225490196078427,0.49215686274509807,0.19759958775558867,0.0810600963118271,0.1031441180392133,0.6470588235294118,17.323529411764707
Mamoudou Diarra,1.3529411764705883,5.794117647058823,1.3823529411764706,0.5882352941176471,0.14705882352941177,0.23529411764705882,0.058823529411764705,0.11764705882352941,0.14705882352941177,0.029411764705882353,0.08823529411764706,0.04656862745098039,0.014705882352941176,0.051470588235294115,0.013396459260304116,0.002028397565922921,0.005094194540561322,0.11764705882352941,17.323529411764707
Nysier Brooks,9.823529411764707,55.088235294117645,9.558823529411764,2.7058823529411766,0.9117647058823529,1.4411764705882353,0.20588235294117646,0.6470588235294118,0.5882352941176471,0.35294117647058826,1.588235294117647,0.37177871148459385,0.0,0.16176470588235295,0.057423347071646716,0.0,0.03851355736155496,0.5882352941176471,17.323529411764707
Tre Scott,12.411764705882353,81.76470588235294,10.294117647058824,3.0588235294117645,1.3823529411764706,2.1470588235294117,0.9411764705882353,0.6470588235294118,0.20588235294117646,0.4411764705882353,1.0294117647058822,0.482703081232493,0.0,0.2818627450980392,0.05462671061187272,0.0014705882352941176,0.06338213234787748,0.0,17.323529411764707
Trevor Moore,11.5,58.294117647058826,9.382352941176471,3.411764705882353,0.4117647058823529,1.2647058823529411,0.38235294117647056,0.4117647058823529,0.058823529411764705,0.5294117647058824,1.0588235294117647,0.18137254901960784,0.18872549019607843,0.2661764705882353,0.017754818012307428,0.10914220292009524,0.04561942520368245,0.35294117647058826,17.323529411764707
