,MP,ORtg,%Ps,Pts,OR,DR,A,TO,Blk,Stl,PF,2Pt %,3Pt %,FT %,2Pt %Att,3Pt %Att,FT %Att,Pnts-Prev,Marg,Maj Cont
Cameron Ridley,20.647058823529413,106.02941176470588,20.941176470588236,7.911764705882353,2.176470588235294,2.911764705882353,0.38235294117647056,1.411764705882353,1.6764705882352942,0.2647058823529412,1.8235294117647058,0.5528011204481792,0.0,0.4935331825037708,0.1440640919506429,0.0,0.19069765413896186,1.0588235294117647,7.323529411764706,1.0
Connor Lammert,21.147058823529413,97.6470588235294,12.558823529411764,5.0,1.2352941176470589,3.823529411764706,1.2058823529411764,0.8235294117647058,0.4411764705882353,0.47058823529411764,1.8235294117647058,0.41764705882352937,0.24068627450980393,0.29411764705882354,0.049790803135503714,0.14158888125784547,0.06476638188372962,0.17647058823529413,7.323529411764706,1.0
Damarcus Croaker,1.3823529411764706,4.705882352941177,0.7647058823529411,0.23529411764705882,0.058823529411764705,0.08823529411764706,0.08823529411764706,0.08823529411764706,0.0,0.0,0.058823529411764705,0.029411764705882353,0.04411764705882353,0.0,0.0007352941176470588,0.01504055239416661,0.0,-0.17647058823529413,7.323529411764706,0.0
Demarcus Holland,28.0,104.1470588235294,15.735294117647058,7.088235294117647,1.3235294117647058,1.8529411764705883,2.3823529411764706,1.8823529411764706,0.14705882352941177,0.38235294117647056,1.6470588235294117,0.5067577030812324,0.3117647058823529,0.37254901960784315,0.0955207931551153,0.09377312720025698,0.09640512846028629,-2.7058823529411766,7.323529411764706,0.0
Isaiah Taylor,21.323529411764707,69.52941176470588,18.176470588235293,8.823529411764707,0.2647058823529412,1.9411764705882353,3.1176470588235294,1.7058823529411764,0.058823529411764705,0.5882352941176471,1.3823529411764706,0.29878936423054064,0.1323529411764706,0.46509103641456584,0.1786793509303922,0.05910335953539061,0.16363429473774171,-2.1176470588235294,7.323529411764706,1.0
Javan Felix,20.823529411764707,88.91176470588235,17.323529411764707,7.705882352941177,0.38235294117647056,1.5294117647058822,1.7941176470588236,1.411764705882353,0.08823529411764706,0.3235294117647059,1.0294117647058822,0.3424019607843137,0.332843137254902,0.27941176470588236,0.08295743661500314,0.2051412783898947,0.05178555878502186,-2.0,7.323529411764706,1.0
Jonathan Holmes,23.5,93.70588235294117,19.794117647058822,9.264705882352942,2.0588235294117645,3.5588235294117645,1.0,1.3529411764705883,0.9411764705882353,0.47058823529411764,1.9705882352941178,0.3785830999066293,0.31610644257703086,0.4514005602240896,0.11004476838982313,0.18877818688200101,0.1159709615727505,0.11764705882352941,7.323529411764706,1.0
Jordan Barnett,5.264705882352941,24.352941176470587,3.3823529411764706,1.1764705882352942,0.14705882352941177,0.6764705882352942,0.29411764705882354,0.2647058823529412,0.17647058823529413,0.20588235294117646,0.3235294117647059,0.08137254901960785,0.09411764705882353,0.058823529411764705,0.018767012613133856,0.032632812949417986,0.0065359477124183,0.23529411764705882,7.323529411764706,0.0
Kendal Yancy,20.88235294117647,88.32352941176471,14.294117647058824,6.235294117647059,0.8235294117647058,1.9705882352941178,1.7352941176470589,1.088235294117647,0.14705882352941177,0.2647058823529412,1.2058823529411764,0.44502801120448177,0.2125350140056022,0.3446078431372549,0.08872762794980334,0.13026936636825942,0.07014786426083687,-1.3529411764705883,7.323529411764706,1.0
Myles Turner,21.735294117647058,106.05882352941177,22.61764705882353,10.088235294117647,1.2352941176470589,5.0,0.5882352941176471,1.2647058823529411,2.588235294117647,0.29411764705882354,2.2941176470588234,0.501949112978525,0.23039215686274508,0.5965253748558248,0.15848269547627014,0.10426067031688482,0.1681624237422328,3.235294117647059,7.323529411764706,1.0
Prince Ibeh,10.352941176470589,42.1764705882353,6.676470588235294,2.0,0.6764705882352942,1.7352941176470589,0.17647058823529413,0.6470588235294118,1.3823529411764706,0.3235294117647059,1.9705882352941178,0.40686274509803916,0.0,0.1416666666666667,0.0428183609607828,0.0,0.042482020000137885,2.1176470588235294,7.323529411764706,0.0
