,MP,ORtg,%Ps,Pts,OR,DR,A,TO,Blk,Stl,PF,2Pt %,3Pt %,FT %,2Pt %Att,3Pt %Att,FT %Att,Pnts-Prev,Marg,Maj Cont
Anthony Allen,5.59375,16.65625,3.5625,1.3125,0.5,1.40625,0.125,0.6875,0.59375,0.09375,1.125,0.25,0.0,0.08072916666666667,0.021990803329682857,0.0,0.034233309290024355,0.0,4.84375,0.0
Anthony Hickey,28.75,101.125,19.0625,9.28125,0.5625,3.5,3.34375,1.53125,0.1875,1.84375,2.28125,0.38985615079365077,0.36968456890331897,0.12708333333333333,0.12127384305950542,0.2311078439319539,0.037354633313685034,1.0,4.84375,1.0
Christien Sager,3.0625,11.21875,0.875,0.40625,0.09375,0.28125,0.125,0.0625,0.0,0.125,0.34375,0.0,0.046875,0.0625,0.0010080645161290322,0.021038167306549657,0.012188697318007662,0.125,4.84375,0.0
Jeff Newberry,20.65625,89.96875,16.78125,6.6875,0.71875,1.53125,1.40625,1.03125,0.375,0.875,1.8125,0.3885416666666666,0.2984375,0.4105113636363636,0.08700259364498354,0.12371885061174923,0.09973159836986971,0.4375,4.84375,1.0
Jeffrey Carroll,7.8125,42.1875,6.21875,2.6875,0.28125,0.96875,0.21875,0.1875,0.15625,0.15625,0.5,0.19010416666666666,0.13333333333333333,0.046875,0.026142173594060247,0.08663368817321024,0.008929119126487549,0.25,4.84375,0.0
Le'Bryan Nash,29.625,94.0,30.6875,16.0625,1.0625,4.21875,1.875,2.90625,0.90625,0.75,2.71875,0.46235970717878616,0.046875,0.7250324328449329,0.3499961075925251,0.028750005119006664,0.34461340402640317,-2.5,4.84375,1.0
Leyton Hammonds,8.09375,29.5,4.96875,1.9375,0.375,0.40625,0.21875,0.375,0.0625,0.125,1.28125,0.16145833333333334,0.13950892857142858,0.015625,0.021411568966472377,0.06990217095891438,0.004238505747126437,-0.375,4.84375,1.0
Michael Cobbins,23.8125,91.0,12.53125,5.875,1.4375,3.6875,0.4375,1.03125,1.65625,0.59375,2.4375,0.4846354166666667,0.0,0.33348214285714284,0.1314815861303765,0.0,0.11161453887746992,2.4375,4.84375,1.0
Mitchell Solomon,10.75,83.21875,6.25,1.125,1.3125,1.34375,0.34375,0.5,0.59375,0.34375,2.1875,0.19791666666666663,0.03125,0.109375,0.02500112157384436,0.002864583333333333,0.025583248966869657,0.875,4.84375,0.0
Phil Forte,32.5,105.34375,21.84375,14.59375,0.09375,1.9375,1.625,1.875,0.0625,1.875,1.28125,0.46440972222222215,0.37478918650793636,0.6992349664224664,0.13622472190737914,0.2820136661673523,0.22881105379630787,0.125,4.84375,1.0
Tavarius Shine,12.34375,62.21875,9.46875,3.0,0.46875,1.03125,0.25,0.65625,0.25,0.5,1.46875,0.3359375,0.2,0.140625,0.021698124327861012,0.09941358241861335,0.027850310608931297,0.1875,4.84375,1.0
Tyree Griffin,10.09375,62.84375,6.75,1.40625,0.28125,1.15625,1.0625,0.65625,0.03125,0.34375,0.9375,0.09895833333333333,0.09375,0.18191964285714285,0.025519291357180337,0.023307441979316973,0.0336015805588174,-0.5625,4.84375,0.0
