,MP,ORtg,%Ps,Pts,OR,DR,A,TO,Blk,Stl,PF,2Pt %,3Pt %,FT %,2Pt %Att,3Pt %Att,FT %Att,Pnts-Prev,Marg,Maj Cont
Baye Keita,14.058823529411764,74.70588235294117,9.352941176470589,1.6470588235294117,2.0,1.411764705882353,0.29411764705882354,0.6764705882352942,0.8235294117647058,0.35294117647058826,2.176470588235294,0.3627450980392157,0.0,0.15196078431372548,0.0328457986032363,0.0,0.020739776056713177,1.0,8.147058823529411,0.0
BJ Johnson,1.5,3.8823529411764706,1.088235294117647,0.4117647058823529,0.08823529411764706,0.11764705882352941,0.058823529411764705,0.11764705882352941,0.08823529411764706,0.029411764705882353,0.17647058823529413,0.053921568627450976,0.024509803921568624,0.0,0.004916112786578046,0.021991811078498385,0.0,0.0,8.147058823529411,0.0
C.J. Fair,35.6764705882353,93.73529411764706,24.91176470588235,15.676470588235293,1.5,4.323529411764706,1.2352941176470589,2.264705882352941,0.7058823529411765,1.2058823529411764,1.9705882352941178,0.4455055973438326,0.23025210084033612,0.6170008912655972,0.2889178481598417,0.17379581657946255,0.18759142627870617,-0.7058823529411765,8.147058823529411,1.0
DaJuan Coleman,4.970588235294118,34.61764705882353,6.088235294117647,1.6470588235294117,0.9117647058823529,0.6764705882352942,0.08823529411764706,0.3235294117647059,0.20588235294117646,0.11764705882352941,0.6764705882352942,0.15441176470588236,0.0,0.08088235294117647,0.025980616155873604,0.0,0.029312735195088133,0.0,8.147058823529411,0.0
Jerami Grant,27.705882352941178,98.97058823529412,19.38235294117647,10.764705882352942,2.2058823529411766,3.8529411764705883,1.2352941176470589,0.9705882352941176,0.5,0.7058823529411765,2.0,0.43458428826075884,0.0,0.5644913093442504,0.18489073244945056,0.009650398620986855,0.23119456425117257,0.47058823529411764,8.147058823529411,1.0
Michael Gbinije,13.529411764705882,88.94117647058823,10.676470588235293,3.176470588235294,0.5882352941176471,1.1176470588235294,1.088235294117647,0.47058823529411764,0.17647058823529413,0.7352941176470589,1.4705882352941178,0.22352941176470584,0.2181372549019608,0.3259803921568627,0.03264080425310729,0.07562147857403731,0.0763722549094066,0.8823529411764706,8.147058823529411,1.0
Rakeem Christmas,21.852941176470587,118.73529411764706,12.794117647058824,5.5588235294117645,1.9705882352941178,2.735294117647059,0.6176470588235294,0.7058823529411765,1.8235294117647058,0.4117647058823529,2.9411764705882355,0.593172268907563,0.0,0.4117647058823529,0.08909057158847399,0.0,0.08011645043725753,3.0588235294117645,8.147058823529411,0.0
Ron Patterson,1.4705882352941178,3.5588235294117645,0.9705882352941176,0.6470588235294118,0.17647058823529413,0.029411764705882353,0.14705882352941177,0.08823529411764706,0.0,0.11764705882352941,0.11764705882352941,0.0980392156862745,0.0392156862745098,0.0,0.007010986212666884,0.021097065988706858,0.004604872251931076,0.058823529411764705,8.147058823529411,0.0
Trevor Cooney,30.61764705882353,111.38235294117646,16.058823529411764,11.5,0.47058823529411764,1.5294117647058822,1.088235294117647,0.7058823529411765,0.08823529411764706,1.7647058823529411,1.0294117647058822,0.357843137254902,0.3434576861047449,0.4426470588235295,0.061821586229340295,0.4736708171328459,0.08639002979907218,2.2941176470588234,8.147058823529411,1.0
Tyler Ennis,33.5,106.94117647058823,21.352941176470587,11.911764705882353,0.7352941176470589,2.5,5.235294117647059,1.6176470588235294,0.14705882352941177,2.0,1.8823529411764706,0.3816473559120617,0.2659313725490196,0.5237585943468296,0.1844039069360732,0.1569709153733011,0.18849620975661863,1.0588235294117647,8.147058823529411,1.0
Tyler Roberson,4.5,20.323529411764707,4.588235294117647,1.1764705882352942,0.38235294117647056,0.6470588235294118,0.14705882352941177,0.20588235294117646,0.08823529411764706,0.11764705882352941,0.47058823529411764,0.14534313725490194,0.0,0.13970588235294118,0.028657507213593534,0.008378167240396342,0.0363581516522693,0.0,8.147058823529411,0.0
