,MP,ORtg,%Ps,Pts,OR,DR,A,TO,Blk,Stl,PF,2Pt %,3Pt %,FT %,2Pt %Att,3Pt %Att,FT %Att,Pnts-Prev,Marg,Maj Cont
Alex Abreu,26.424242424242426,99.93939393939394,19.87878787878788,9.030303030303031,0.5757575757575758,1.606060606060606,5.242424242424242,2.5757575757575757,0.09090909090909091,1.0303030303030303,1.4848484848484849,0.31132756132756134,0.3366161616161616,0.4730880230880231,0.08204879363259505,0.19309922880525285,0.11130114126629065,-2.909090909090909,10.424242424242424,0.0
Brian Walsh,22.575757575757574,117.33333333333333,15.0,7.0,0.8787878787878788,2.5454545454545454,1.5454545454545454,0.6060606060606061,0.12121212121212122,1.121212121212121,1.606060606060606,0.33888888888888896,0.29023569023569024,0.36111111111111116,0.07301869947114514,0.1529145916813451,0.05739754185606169,1.2727272727272727,10.424242424242424,0.0
Carmelo Betancourt,10.515151515151516,41.72727272727273,10.606060606060606,1.9090909090909092,0.12121212121212122,0.6060606060606061,1.4848484848484849,1.696969696969697,0.030303030303030304,0.42424242424242425,1.3636363636363635,0.33679653679653676,0.0404040404040404,0.13636363636363635,0.04166900205847824,0.02035438198781995,0.028533782949164525,-2.484848484848485,10.424242424242424,1.0
Chauncey Gilliam,12.696969696969697,71.75757575757575,10.878787878787879,4.696969696969697,0.45454545454545453,0.9696969696969697,0.6060606060606061,0.45454545454545453,0.030303030303030304,0.5151515151515151,1.2424242424242424,0.2454545454545455,0.2381313131313131,0.22727272727272727,0.0467981955598953,0.11711307932833338,0.03215118428602596,0.18181818181818182,10.424242424242424,1.0
Deji Ibitayo,9.666666666666666,52.03030303030303,9.727272727272727,2.606060606060606,0.2727272727272727,1.2727272727272727,0.5757575757575758,0.5454545454545454,0.09090909090909091,0.24242424242424243,0.9090909090909091,0.21212121212121215,0.09999999999999999,0.2676767676767677,0.034598186019112825,0.06347873796437567,0.05250842000156987,-0.42424242424242425,10.424242424242424,0.0
Demetrius Treadwell,25.21212121212121,92.18181818181819,22.333333333333332,10.0,2.606060606060606,4.363636363636363,1.4545454545454546,1.9090909090909092,0.30303030303030304,0.7878787878787878,1.6363636363636365,0.4451027087390723,0.0,0.33459923914469364,0.23218626729657268,0.0,0.13542649044961025,-1.6363636363636365,10.424242424242424,1.0
Jake Kretzer,20.060606060606062,108.45454545454545,14.424242424242424,5.7272727272727275,1.0606060606060606,1.9696969696969697,1.0,0.8484848484848485,0.06060606060606061,0.8787878787878788,1.4545454545454546,0.2727272727272727,0.3183020683020683,0.23737373737373738,0.027054663862064066,0.20262946854411532,0.02603227226195628,0.18181818181818182,10.424242424242424,1.0
Nick Harney,17.96969696969697,91.81818181818181,24.151515151515152,8.484848484848484,0.9090909090909091,2.606060606060606,1.0909090909090908,1.606060606060606,0.2727272727272727,0.6666666666666666,2.303030303030303,0.49728503819412917,0.13333333333333333,0.43318903318903323,0.14660599283635717,0.07632958638371497,0.13844238440547044,-1.3333333333333333,10.424242424242424,1.0
Pat Forsythe,11.121212121212121,61.03030303030303,14.484848484848484,3.4242424242424243,0.9393939393939394,1.7878787878787878,0.30303030303030304,1.0606060606060606,0.7575757575757576,0.24242424242424243,1.5454545454545454,0.4181818181818182,0.0,0.24444444444444444,0.0757269556966355,0.0,0.06547914612324489,-0.12121212121212122,10.424242424242424,0.0
Reggie McAdams,11.393939393939394,79.60606060606061,10.484848484848484,4.454545454545454,0.6363636363636364,0.5757575757575758,0.36363636363636365,0.21212121212121213,0.21212121212121213,0.3939393939393939,0.8181818181818182,0.2181818181818182,0.36598124098124096,0.201010101010101,0.018742242773321614,0.13833056455468198,0.038817291839974045,0.7878787878787878,10.424242424242424,0.0
Zeke Marshall,27.09090909090909,124.0909090909091,21.606060606060606,12.636363636363637,2.3636363636363638,4.484848484848484,0.7575757575757576,1.3333333333333333,3.5757575757575757,0.6363636363636364,2.5454545454545454,0.6320966070966071,0.06060606060606061,0.5950260177532904,0.191247970490792,0.005447330447330447,0.2836073142576011,5.757575757575758,10.424242424242424,1.0
