,MP,ORtg,%Ps,Pts,OR,DR,A,TO,Blk,Stl,PF,2Pt %,3Pt %,FT %,2Pt %Att,3Pt %Att,FT %Att,Pnts-Prev,Marg,Maj Cont
Ben Brust,33.2,119.25714285714285,17.771428571428572,10.914285714285715,1.1428571428571428,3.8857142857142857,2.257142857142857,1.1428571428571428,0.05714285714285714,0.8857142857142857,1.3142857142857143,0.4888208616780045,0.38515873015873014,0.2833333333333333,0.10751241045875726,0.256080976976233,0.06355917465266926,-0.4,9.342857142857143,1.0
Frank Kaminsky,9.114285714285714,58.74285714285714,8.428571428571429,3.742857142857143,0.5714285714285714,0.9428571428571428,0.6857142857142857,0.22857142857142856,0.45714285714285713,0.4,1.0857142857142856,0.3785714285714286,0.2,0.2816326530612245,0.04062190947909765,0.06266837325966605,0.05787336632710938,1.2571428571428571,9.342857142857143,1.0
George Marshall,15.571428571428571,85.6,13.371428571428572,4.085714285714285,0.08571428571428572,0.6,1.0,0.5142857142857142,0.0,0.2,1.3142857142857143,0.17714285714285716,0.326530612244898,0.1357142857142857,0.038406107658491125,0.12449947413493745,0.030051363405400672,-0.6285714285714286,9.342857142857143,0.0
Jared Berggren,27.685714285714287,114.08571428571429,21.542857142857144,10.742857142857142,2.4,4.257142857142857,0.8285714285714286,0.9714285714285714,2.0,0.5714285714285714,1.457142857142857,0.5467676767676768,0.2161904761904762,0.5516666666666666,0.18769137493682364,0.09652964999420009,0.18307626221611958,3.2,9.342857142857143,1.0
Mike Bruesewitz,25.457142857142856,94.4,15.114285714285714,5.914285714285715,1.457142857142857,3.3714285714285714,1.6857142857142857,1.2571428571428571,0.2,0.8,2.3142857142857145,0.4361904761904762,0.24387755102040815,0.32571428571428573,0.06175792548210256,0.13528434970132563,0.08913543595629246,-0.5142857142857142,9.342857142857143,1.0
Ryan Evans,28.257142857142856,89.0,26.82857142857143,9.942857142857143,2.0,5.142857142857143,1.9428571428571428,1.542857142857143,0.7714285714285715,0.7142857142857143,1.8285714285714285,0.4138532102817817,0.023809523809523808,0.3961729540300968,0.28856617275767926,0.02857327407305293,0.2518586649480059,-0.11428571428571428,9.342857142857143,1.0
Sam Dekker,21.714285714285715,123.48571428571428,21.6,9.17142857142857,1.1714285714285715,2.1142857142857143,1.3428571428571427,1.0285714285714285,0.4,0.6285714285714286,1.1428571428571428,0.5166666666666667,0.38081632653061226,0.40568027210884355,0.10407780648436986,0.15743151357577448,0.14049986487903532,0.0,9.342857142857143,1.0
Traevon Jackson,26.8,90.0,19.17142857142857,6.685714285714286,0.37142857142857144,2.0,2.7142857142857144,2.0285714285714285,0.17142857142857143,0.9714285714285714,2.0285714285714285,0.4264285714285713,0.21619047619047618,0.3107575757575758,0.12788403775137835,0.09551638514546422,0.09609266836465269,-1.7714285714285714,9.342857142857143,1.0
Zak Showalter,4.2,20.2,2.257142857142857,1.0571428571428572,0.37142857142857144,0.2857142857142857,0.34285714285714286,0.22857142857142856,0.02857142857142857,0.2,0.5142857142857142,0.11904761904761903,0.04285714285714286,0.14095238095238097,0.014910826419871629,0.01484457456791745,0.03071034210785763,0.0,9.342857142857143,0.0
