,MP,ORtg,%Ps,Pts,OR,DR,A,TO,Blk,Stl,PF,2Pt %,3Pt %,FT %,2Pt %Att,3Pt %Att,FT %Att,Pnts-Prev,Marg
Alex O'Connell,10.727272727272727,64.21212121212122,7.181818181818182,3.6363636363636362,0.5454545454545454,0.9090909090909091,0.5454545454545454,0.45454545454545453,0.12121212121212122,0.2727272727272727,0.45454545454545453,0.32575757575757575,0.2838383838383838,0.1388888888888889,0.03178787485584487,0.05938640042494462,0.021767783826607358,-0.12121212121212122,15.090909090909092
Antonio Vrankovic,1.9393939393939394,2.6363636363636362,0.6060606060606061,0.42424242424242425,0.15151515151515152,0.30303030303030304,0.21212121212121213,0.12121212121212122,0.06060606060606061,0.0,0.3333333333333333,0.1111111111111111,0.0,0.030303030303030304,0.009219052591495908,0.0,0.007599506032107914,-0.12121212121212122,15.090909090909092
Gary Trent,33.54545454545455,123.48484848484848,16.90909090909091,14.272727272727273,0.7878787878787878,3.393939393939394,1.4242424242424243,1.0909090909090908,0.12121212121212122,1.1515151515151516,1.6666666666666667,0.4028258778258778,0.4213573463573463,0.5984848484848486,0.1260787163218664,0.2870935002142492,0.12957140998731168,0.36363636363636365,15.090909090909092
Grayson Allen,35.18181818181818,121.36363636363636,20.484848484848484,15.727272727272727,0.5454545454545454,2.909090909090909,4.484848484848484,2.272727272727273,0.06060606060606061,1.6666666666666667,2.1515151515151514,0.5553915781188508,0.3790240062967336,0.6325855962219598,0.10954971961943291,0.32554789792240163,0.1531929977627249,-1.0909090909090908,15.090909090909092
Jack White,4.484848484848484,20.727272727272727,1.0303030303030303,0.6060606060606061,0.30303030303030304,0.8484848484848485,0.15151515151515152,0.18181818181818182,0.15151515151515152,0.21212121212121213,0.30303030303030304,0.12626262626262624,0.045454545454545456,0.030303030303030304,0.0072320351464736496,0.01505553822905842,0.0024242424242424242,0.36363636363636365,15.090909090909092
Javin DeLaurier,11.242424242424242,76.81818181818181,8.909090909090908,3.090909090909091,1.4848484848484849,2.090909090909091,0.45454545454545453,0.5454545454545454,0.5757575757575758,0.6060606060606061,2.0606060606060606,0.44747474747474747,0.015151515151515152,0.22727272727272727,0.04471614916728308,0.00864953886693017,0.048210310897476676,1.2727272727272727,15.090909090909092
Jordan Goldwire,4.878787878787879,29.818181818181817,2.8181818181818183,0.696969696969697,0.09090909090909091,0.2727272727272727,0.7272727272727273,0.21212121212121213,0.0,0.2727272727272727,0.5757575757575758,0.10606060606060606,0.09090909090909091,0.045454545454545456,0.006593517528986056,0.023498420211975193,0.0045141065830721,0.12121212121212122,15.090909090909092
Justin Robinson,2.3333333333333335,10.030303030303031,0.7878787878787878,0.6363636363636364,0.0,0.24242424242424243,0.06060606060606061,0.12121212121212122,0.2727272727272727,0.0,0.21212121212121213,0.030303030303030304,0.048484848484848485,0.015151515151515152,0.0005941770647653001,0.018596664919973856,0.003367003367003367,0.30303030303030304,15.090909090909092
Marques Bolden,10.0,75.42424242424242,8.484848484848484,3.0606060606060606,0.9393939393939394,1.8484848484848484,0.48484848484848486,0.3939393939393939,0.7878787878787878,0.24242424242424243,1.0606060606060606,0.38017840745113474,0.0,0.14646464646464646,0.052156064089737456,0.0,0.03655039172280551,1.2727272727272727,15.090909090909092
Marvin Bagley,29.333333333333332,108.57575757575758,23.060606060606062,18.545454545454547,3.4545454545454546,6.636363636363637,1.3636363636363635,2.090909090909091,0.8787878787878788,0.7878787878787878,1.606060606060606,0.5686377694399085,0.25,0.518982868982869,0.256365760047806,0.07962714116371034,0.26453298010824733,-0.8484848484848485,15.090909090909092
Trevon Duval,29.272727272727273,103.51515151515152,22.515151515151516,9.93939393939394,0.6060606060606061,1.4848484848484849,5.515151515151516,2.727272727272727,0.15151515151515152,1.5454545454545454,2.393939393939394,0.45782227032227046,0.3106060606060606,0.414983164983165,0.1600919250646321,0.1258136757044842,0.1130983547180863,-2.0606060606060606,15.090909090909092
Wendell Carter,27.242424242424242,121.78787878787878,23.545454545454547,13.787878787878787,3.0606060606060606,6.242424242424242,2.0606060606060606,2.0303030303030303,2.1818181818181817,0.7575757575757576,2.757575757575758,0.5781681281681282,0.29509379509379513,0.6476967476967477,0.1956150085016763,0.056731222342272354,0.21517091257031448,1.8181818181818181,15.090909090909092
