,MP,ORtg,%Ps,Pts,OR,DR,A,TO,Blk,Stl,PF,2Pt %,3Pt %,FT %,2Pt %Att,3Pt %Att,FT %Att,Pnts-Prev,Marg
Alston Jones,9.088235294117647,50.76470588235294,10.323529411764707,3.0294117647058822,0.11764705882352941,0.6176470588235294,1.2941176470588236,1.1764705882352942,0.029411764705882353,0.08823529411764706,1.088235294117647,0.1937908496732026,0.1323529411764706,0.22549019607843135,0.05463281254929122,0.012131191777648827,0.04298781319451507,-2.1176470588235294,3.323529411764706
Brandon Goldsmith,11.852941176470589,45.05882352941177,8.735294117647058,3.0,0.4117647058823529,1.4705882352941178,0.5882352941176471,0.9705882352941176,0.14705882352941177,0.5,1.2352941176470589,0.2679738562091503,0.06127450980392156,0.22023809523809526,0.05007449834469521,0.03323077537610409,0.08094447206922759,-0.6470588235294118,3.323529411764706
CJ Wiggins,10.676470588235293,46.911764705882355,8.911764705882353,3.323529411764706,0.08823529411764706,0.5,1.588235294117647,0.7352941176470589,0.0,0.5294117647058824,0.29411764705882354,0.238235294117647,0.13858543417366945,0.22549019607843135,0.037637140926331386,0.06390234493761608,0.04844421212100275,-0.4117647058823529,3.323529411764706
Dominique Reid,10.617647058823529,47.38235294117647,10.764705882352942,4.294117647058823,0.9117647058823529,2.235294117647059,0.38235294117647056,1.2058823529411764,0.20588235294117646,0.08823529411764706,1.6764705882352942,0.4361811391223156,0.029411764705882353,0.32107843137254904,0.06986694163586821,0.0030147058823529415,0.07123140237975485,-1.8235294117647058,3.323529411764706
John Guerra,7.617647058823529,36.3235294117647,6.264705882352941,2.176470588235294,0.47058823529411764,0.5882352941176471,0.4117647058823529,0.29411764705882354,0.0,0.23529411764705882,0.6470588235294118,0.13480392156862744,0.07352941176470588,0.25,0.025036260826324003,0.0361736915567591,0.049994091735577804,-0.11764705882352941,3.323529411764706
Jordan Perkins,27.205882352941178,99.58823529411765,20.470588235294116,8.411764705882353,0.6764705882352942,2.235294117647059,5.411764705882353,2.7058823529411766,0.2647058823529412,0.5294117647058824,2.823529411764706,0.43656629318394025,0.25931372549019605,0.526890756302521,0.12921429123319664,0.08189165327246019,0.14416775430735979,-3.823529411764706,3.323529411764706
Larry McKnight,15.764705882352942,60.5,13.0,5.352941176470588,0.9411764705882353,1.2647058823529411,0.29411764705882354,0.9117647058823529,0.14705882352941177,0.6470588235294118,1.7941176470588236,0.23585434173669467,0.22121848739495797,0.25163398692810457,0.07588302067179092,0.11537282418484268,0.08252257639298605,-0.23529411764705882,3.323529411764706
Marius McAllister,4.117647058823529,16.41176470588235,1.3529411764705883,0.5882352941176471,0.23529411764705882,0.6470588235294118,0.4411764705882353,0.23529411764705882,0.058823529411764705,0.14705882352941177,0.29411764705882354,0.09663865546218486,0.0,0.029411764705882353,0.016910478841666413,0.0,0.009039979628214923,-0.058823529411764705,3.323529411764706
Pablo Rivas,24.91176470588235,107.5,17.676470588235293,11.117647058823529,1.6470588235294117,4.823529411764706,0.9705882352941176,1.0588235294117647,1.0294117647058822,0.7058823529411765,2.676470588235294,0.5253034547152197,0.3043417366946779,0.4318627450980392,0.1248778896974839,0.19845891793698678,0.08865034536001697,1.3529411764705883,3.323529411764706
Raasean Davis,28.823529411764707,116.47058823529412,21.823529411764707,15.029411764705882,2.8529411764705883,5.117647058823529,0.4411764705882353,1.9705882352941178,0.9705882352941176,0.5882352941176471,2.411764705882353,0.6742043903808612,0.0,0.5164215686274509,0.24829028209807746,0.0013368983957219253,0.1870815942948196,-0.8235294117647058,3.323529411764706
Raekwon Harney,7.882352941176471,27.941176470588236,5.5,1.5588235294117647,0.11764705882352941,0.7058823529411765,1.7352941176470589,0.6764705882352942,0.0,0.5588235294117647,0.5,0.2205882352941176,0.10294117647058823,0.04411764705882353,0.02700330666012746,0.020571152703505645,0.01995798319327731,-0.23529411764705882,3.323529411764706
Reggie Gardner,29.58823529411765,102.70588235294117,19.176470588235293,11.088235294117647,0.5,1.2941176470588236,1.6470588235294117,1.088235294117647,0.17647058823529413,0.38235294117647056,1.7647058823529411,0.35294117647058826,0.3487803454715219,0.4857843137254902,0.09148049590364986,0.38213197186142045,0.1232070123800086,-1.0588235294117647,3.323529411764706
Zacarry Douglas,11.941176470588236,63.588235294117645,10.676470588235293,3.735294117647059,1.0,2.8529411764705883,0.5294117647058824,0.7647058823529411,0.35294117647058826,0.11764705882352941,1.411764705882353,0.40651260504201675,0.16911764705882354,0.2450980392156863,0.04909258061149736,0.051783872114581256,0.05177076294323873,-0.5882352941176471,3.323529411764706
