,MP,ORtg,%Ps,Pts,OR,DR,A,TO,Blk,Stl,PF,2Pt %,3Pt %,FT %,2Pt %Att,3Pt %Att,FT %Att,Pnts-Prev,Marg
Andre Berry,17.5625,101.8125,20.0,9.03125,1.40625,2.53125,0.34375,1.28125,0.28125,0.0625,2.28125,0.6118405032467532,0.0,0.4599702380952381,0.14848828924082924,0.0,0.10851675083244355,-1.875,8.28125
Cyril Langevine,15.78125,92.125,13.25,5.375,2.09375,3.09375,0.25,0.875,1.09375,0.3125,2.65625,0.5663690476190475,0.0,0.33965773809523814,0.07978898028214405,0.0,0.14145791118791842,1.0625,8.28125
Daron Russell,18.03125,86.125,19.6875,6.75,0.46875,1.28125,1.5,0.78125,0.03125,0.78125,2.0,0.4379092261904762,0.26183035714285713,0.4078125,0.07176830254098743,0.20823390476442966,0.07124497797249986,0.0625,8.28125
EC Matthews,22.9375,80.8125,19.21875,10.65625,0.65625,2.59375,0.6875,1.40625,0.4375,0.65625,1.25,0.4033042478354978,0.2447172619047619,0.4618675595238095,0.13325788558784155,0.18535341564042904,0.1255781445010135,-0.625,8.28125
Jared Terrell,32.9375,112.3125,24.25,17.15625,1.0,2.46875,2.34375,1.8125,0.1875,1.5,2.21875,0.4496482683982684,0.4281374007936509,0.7541666666666665,0.1863432642145006,0.27924020683462625,0.23221568555616487,-0.25,8.28125
Jarvis Garrett,20.78125,98.5,14.53125,5.46875,0.65625,1.65625,2.40625,1.0,0.0,0.6875,1.8125,0.34151785714285715,0.24464285714285713,0.325,0.05810941636557632,0.10368279037512564,0.060404438290467696,-0.625,8.28125
Jeff Dowtin,32.75,117.0,17.0,9.65625,0.71875,2.46875,5.53125,1.25,0.46875,0.96875,1.65625,0.449869227994228,0.26406250000000003,0.5458333333333333,0.1417078259765695,0.0942693648782988,0.13849218168218008,0.375,8.28125
Mike Layssard,1.09375,0.0,0.0,0.59375,0.0625,0.25,0.03125,0.0625,0.03125,0.0,0.1875,0.1640625,0.0,0.015625,0.009295329715395229,0.0,0.003125,-0.0625,8.28125
Nicola Akele,7.6875,28.25,3.84375,1.8125,0.75,0.9375,0.15625,0.15625,0.15625,0.21875,1.5,0.2760416666666667,0.0625,0.09375,0.0336999413951507,0.015018982243246952,0.010036287242169595,0.4375,8.28125
Ryan Preston,2.875,8.15625,1.5625,0.65625,0.34375,0.5625,0.09375,0.15625,0.25,0.125,0.71875,0.15625,0.0,0.015625,0.013625467420832987,0.0024747670807453415,0.007936507936507936,0.4375,8.28125
Stanford Robinson,26.84375,98.65625,17.9375,8.78125,1.625,3.90625,1.875,1.59375,0.46875,2.125,2.625,0.4960059905372405,0.2552827380952381,0.39791666666666664,0.12391529726017245,0.11172656818309826,0.10099211479863437,2.0,8.28125
