,MP,ORtg,%Ps,Pts,OR,DR,A,TO,Blk,Stl,PF,2Pt %,3Pt %,FT %,2Pt %Att,3Pt %Att,FT %Att,Pnts-Prev,Marg
Avi Toomer,10.176470588235293,55.8235294117647,5.970588235294118,2.4705882352941178,0.38235294117647056,0.8235294117647058,0.5294117647058824,0.35294117647058826,0.058823529411764705,0.35294117647058826,1.6176470588235294,0.15147058823529413,0.20490196078431372,0.058823529411764705,0.02089355324851923,0.05726144508786856,0.011190028126833809,0.11764705882352941,8.294117647058824
Ben Robertson,6.0588235294117645,24.11764705882353,2.8529411764705883,1.4411764705882353,0.35294117647058826,0.7941176470588235,0.29411764705882354,0.3235294117647059,0.058823529411764705,0.08823529411764706,0.6764705882352942,0.3284313725490196,0.029411764705882353,0.11764705882352941,0.021591857148982815,0.01607618640490613,0.021189605958439897,-0.35294117647058826,8.294117647058824
Bruce Moore,19.147058823529413,83.82352941176471,10.794117647058824,4.911764705882353,0.8529411764705882,1.1176470588235294,0.35294117647058826,0.7647058823529411,0.7352941176470589,0.2647058823529412,2.264705882352941,0.386344537815126,0.23151260504201682,0.36666666666666664,0.04336608532873393,0.08413964859147272,0.06796181240372184,0.47058823529411764,8.294117647058824
Jimmy Sotos,22.294117647058822,97.41176470588235,12.852941176470589,4.764705882352941,0.23529411764705882,2.4705882352941178,2.0,1.411764705882353,0.08823529411764706,0.7941176470588235,1.8529411764705883,0.2941176470588235,0.2851540616246499,0.5088235294117647,0.04549750816711133,0.0795472742626863,0.07876227347915311,-1.0588235294117647,8.294117647058824
John Meeks,4.970588235294118,17.970588235294116,3.323529411764706,1.5588235294117647,0.29411764705882354,0.47058823529411764,0.2647058823529412,0.29411764705882354,0.0,0.058823529411764705,0.4117647058823529,0.27598039215686276,0.04411764705882353,0.04411764705882353,0.025894057138065783,0.02166491750356256,0.00720479838126897,-0.47058823529411764,8.294117647058824
Kimbal Mackenzie,17.91176470588235,65.97058823529412,10.794117647058824,5.323529411764706,0.4411764705882353,0.7941176470588235,1.5,0.9411764705882353,0.058823529411764705,0.38235294117647056,1.2647058823529411,0.20196078431372547,0.21461251167133516,0.2647058823529412,0.04432554597026759,0.13869128464586147,0.026886570268512967,-1.0,8.294117647058824
Matt O'Reilly,4.029411764705882,19.147058823529413,3.0,1.1764705882352942,0.08823529411764706,0.029411764705882353,0.08823529411764706,0.2647058823529412,0.029411764705882353,0.20588235294117646,0.38235294117647056,0.029411764705882353,0.10784313725490195,0.029411764705882353,0.0009191176470588235,0.05968726633450728,0.0013071895424836605,-0.058823529411764705,8.294117647058824
Nana Foulland,28.5,113.61764705882354,25.5,15.441176470588236,2.1470588235294117,4.911764705882353,1.3235294117647058,1.7647058823529411,1.7941176470588236,0.5294117647058824,2.588235294117647,0.602179193355664,0.0,0.569363806128512,0.29208099112096203,0.002387318563789152,0.23289657057791915,1.1176470588235294,8.294117647058824
Nate Jones,10.294117647058824,53.23529411764706,6.205882352941177,2.0294117647058822,0.3235294117647059,0.9705882352941176,0.5882352941176471,0.20588235294117646,0.029411764705882353,0.23529411764705882,0.8529411764705882,0.14705882352941177,0.17058823529411765,0.07352941176470588,0.010444805695042888,0.07281762422674824,0.022001989201477695,0.11764705882352941,8.294117647058824
Nate Sestina,14.411764705882353,88.23529411764706,15.823529411764707,6.294117647058823,1.0588235294117647,2.676470588235294,0.8823529411764706,1.0294117647058822,0.5882352941176471,0.3235294117647059,2.0,0.5803921568627451,0.20833333333333334,0.38676470588235295,0.09651035899672619,0.05305836116127566,0.052090081936679765,-0.23529411764705882,8.294117647058824
Stephen Brown,30.205882352941178,119.91176470588235,23.41176470588235,14.911764705882353,0.5,2.8529411764705883,4.323529411764706,1.7352941176470589,0.23529411764705882,1.2058823529411764,2.3529411764705883,0.6000700280112045,0.33737161531279186,0.672233893557423,0.17412094484487825,0.21215853638209892,0.12635903097435486,-0.5882352941176471,8.294117647058824
Zach Thomas,31.88235294117647,109.47058823529412,29.352941176470587,20.264705882352942,1.3235294117647058,7.852941176470588,2.176470588235294,3.0294117647058822,0.7058823529411765,1.0,1.9411764705882353,0.5466795051353874,0.31382416603004837,0.7657492353859137,0.22435517469365115,0.20251013683522298,0.35215004914915427,-2.6470588235294117,8.294117647058824
