,MP,ORtg,%Ps,Pts,OR,DR,A,TO,Blk,Stl,PF,2Pt %,3Pt %,FT %,2Pt %Att,3Pt %Att,FT %Att,Pnts-Prev,Marg,Maj Cont
Cameron Wright,29.27777777777778,98.47222222222223,18.444444444444443,9.972222222222221,0.7222222222222222,2.361111111111111,2.4722222222222223,1.3611111111111112,0.16666666666666666,1.7222222222222223,1.9722222222222223,0.45380291005290996,0.15740740740740738,0.42311507936507936,0.19276857290086266,0.0763076887947889,0.09275575698522147,1.0555555555555556,9.555555555555555,1.0
Chris Jones,5.888888888888889,28.666666666666668,4.166666666666667,1.7777777777777777,0.3055555555555556,0.3888888888888889,0.19444444444444445,0.2222222222222222,0.027777777777777776,0.05555555555555555,0.7222222222222222,0.2962962962962963,0.041666666666666664,0.22916666666666666,0.02306988343415124,0.02943052318052318,0.031578739066251665,-0.2777777777777778,9.555555555555555,0.0
Derrick Randall,8.277777777777779,25.916666666666668,4.75,1.9722222222222223,1.1111111111111112,1.25,0.027777777777777776,0.3888888888888889,0.4166666666666667,0.2222222222222222,1.3055555555555556,0.32486772486772486,0.0,0.16203703703703706,0.036275503935937294,0.0,0.03430092209845294,0.5,9.555555555555555,0.0
Durand Johnson,8.805555555555555,49.05555555555556,9.222222222222221,3.9166666666666665,0.4722222222222222,0.8611111111111112,0.6388888888888888,0.3888888888888889,0.1388888888888889,0.3888888888888889,0.6666666666666666,0.19722222222222222,0.13217592592592595,0.23070987654320987,0.030328945336925275,0.12983195317754143,0.03453886507672657,0.2777777777777778,9.555555555555555,0.0
Jamel Artis,14.527777777777779,94.0,16.194444444444443,4.472222222222222,0.9722222222222222,1.8055555555555556,0.5833333333333334,0.8055555555555556,0.2777777777777778,0.16666666666666666,1.4444444444444444,0.36653439153439155,0.15740740740740738,0.4540343915343915,0.06460241203643195,0.04939972427717525,0.08388549884994058,-0.7222222222222222,9.555555555555555,1.0
James Robinson,29.25,117.08333333333333,13.972222222222221,7.527777777777778,0.4444444444444444,2.388888888888889,3.7222222222222223,0.9166666666666666,0.3055555555555556,1.3333333333333333,2.5555555555555554,0.4415123456790124,0.27037037037037037,0.6066468253968255,0.09160101056159888,0.12927711740921233,0.11020710135760307,1.4444444444444444,9.555555555555555,1.0
Josh Newkirk,15.972222222222221,84.97222222222223,12.583333333333334,4.277777777777778,0.16666666666666666,1.0,1.5833333333333333,0.8055555555555556,0.027777777777777776,0.3888888888888889,1.5555555555555556,0.43657407407407406,0.2523148148148148,0.14722222222222223,0.05332522681360105,0.08895797423919201,0.04190096312003247,-0.7777777777777778,9.555555555555555,1.0
Lamar Patterson,30.833333333333332,108.75,27.5,16.61111111111111,0.9166666666666666,3.611111111111111,4.055555555555555,2.5277777777777777,0.3055555555555556,1.3333333333333333,1.9722222222222223,0.4441438191438192,0.35070947570947575,0.7385672198172198,0.17318780755072555,0.384902089320304,0.19381018335934372,-1.7777777777777777,9.555555555555555,1.0
Michael Young,20.47222222222222,100.69444444444444,16.02777777777778,5.611111111111111,1.5277777777777777,2.4444444444444446,0.8611111111111112,0.8611111111111112,0.4166666666666667,0.3611111111111111,1.6944444444444444,0.3979497354497355,0.18055555555555552,0.5199074074074075,0.09420975848664517,0.052810037185037184,0.09089288810046986,-0.16666666666666666,9.555555555555555,1.0
Talib Zanna,27.694444444444443,102.94444444444444,20.27777777777778,11.833333333333334,3.111111111111111,4.916666666666667,0.5277777777777778,1.4166666666666667,0.7222222222222222,0.5833333333333334,2.388888888888889,0.5127269335602669,0.0,0.6027246673080006,0.18507532338756538,0.003527336860670194,0.23057352643040202,-0.2222222222222222,9.555555555555555,1.0
