,MP,ORtg,%Ps,Pts,OR,DR,A,TO,Blk,Stl,PF,2Pt %,3Pt %,FT %,2Pt %Att,3Pt %Att,FT %Att,Pnts-Prev,Marg,Maj Cont
Andrew Dakich,2.861111111111111,4.75,0.6388888888888888,0.3888888888888889,0.08333333333333333,0.3055555555555556,0.3888888888888889,0.2222222222222222,0.0,0.16666666666666666,0.25,0.08333333333333333,0.027777777777777776,0.05555555555555555,0.004921307862484334,0.005921934024437169,0.006786616161616163,-0.1111111111111111,6.444444444444445,0.0
Aubrey Dawkins,15.222222222222221,99.22222222222223,14.972222222222221,6.388888888888889,0.6111111111111112,1.75,0.5,0.5555555555555556,0.1388888888888889,0.4444444444444444,1.2222222222222223,0.4467592592592593,0.3467592592592592,0.2222222222222222,0.061526367305117034,0.10794067332519743,0.045933837170396306,0.05555555555555555,6.444444444444445,0.0
Caris LeVert,12.88888888888889,52.388888888888886,10.694444444444445,6.861111111111111,0.25,1.9722222222222223,2.0555555555555554,0.6944444444444444,0.08333333333333333,0.4166666666666667,0.5,0.21781305114638447,0.16630291005291006,0.2701388888888889,0.08770811028464968,0.07205312200262641,0.1181243139576473,-0.3888888888888889,6.444444444444445,0.0
Derrick Walton,28.916666666666668,93.44444444444444,18.36111111111111,10.055555555555555,0.4444444444444444,4.444444444444445,3.8333333333333335,1.7222222222222223,0.08333333333333333,1.4166666666666667,1.6388888888888888,0.30451940035273367,0.31512646304312975,0.6296296296296295,0.11555741573217938,0.16954772043508357,0.1934113083166379,-0.4444444444444444,6.444444444444445,1.0
DJ Wilson,4.388888888888889,13.36111111111111,2.75,1.9444444444444444,0.1111111111111111,0.3888888888888889,0.2222222222222222,0.25,0.2777777777777778,0.1388888888888889,0.5833333333333334,0.26388888888888895,0.11203703703703703,0.10416666666666667,0.02755497331886221,0.02547672537188196,0.01875242812742813,0.3333333333333333,6.444444444444445,0.0
Duncan Robinson,26.86111111111111,113.44444444444444,16.22222222222222,10.555555555555555,0.5833333333333334,2.5,1.6388888888888888,0.9444444444444444,0.16666666666666666,0.6111111111111112,2.111111111111111,0.39722222222222225,0.3913470017636684,0.318452380952381,0.06674088742142929,0.22564395298219425,0.06452725677392578,-0.3333333333333333,6.444444444444445,1.0
Kameron Chatman,5.472222222222222,19.555555555555557,4.166666666666667,2.1666666666666665,0.4166666666666667,0.6111111111111112,0.3888888888888889,0.19444444444444445,0.1111111111111111,0.16666666666666666,0.6111111111111112,0.2207010582010582,0.1435185185185185,0.125,0.03281146058126769,0.033264040931763446,0.03089385922719256,0.16666666666666666,6.444444444444445,0.0
Mark Donnal,17.13888888888889,90.25,14.472222222222221,7.055555555555555,1.5277777777777777,1.8333333333333333,0.3055555555555556,0.6666666666666666,0.6666666666666666,0.3333333333333333,2.1944444444444446,0.5151726360059695,0.11342592592592592,0.375,0.12426723302720916,0.033673722586798856,0.10960410452316717,0.6666666666666666,6.444444444444445,1.0
Moritz Wagner,6.333333333333333,31.11111111111111,4.0,2.111111111111111,0.4444444444444444,0.6111111111111112,0.08333333333333333,0.3611111111111111,0.05555555555555555,0.1111111111111111,1.1388888888888888,0.30902777777777785,0.05555555555555555,0.125,0.039670906791644575,0.013200897542211428,0.03136319698819699,-0.3888888888888889,6.444444444444445,0.0
Muhammad-Ali Abdur-Rahkman,25.694444444444443,95.77777777777777,13.555555555555555,7.777777777777778,0.5555555555555556,1.9722222222222223,1.5555555555555556,0.75,0.25,0.5833333333333334,1.6111111111111112,0.43040123456790125,0.2811507936507937,0.35648148148148145,0.1255045073745686,0.08571130051928473,0.09921504569617005,0.16666666666666666,6.444444444444445,1.0
Ricky Doyle,11.916666666666666,68.5,10.055555555555555,3.6944444444444446,0.8611111111111112,1.0833333333333333,0.05555555555555555,0.6111111111111112,0.19444444444444445,0.05555555555555555,1.6944444444444444,0.5077380952380953,0.0,0.2916666666666667,0.06927212589887025,0.0,0.08367893560390055,-0.7222222222222222,6.444444444444445,0.0
Spike Albrecht,2.0277777777777777,11.583333333333334,1.4722222222222223,0.4166666666666667,0.027777777777777776,0.1388888888888889,0.3055555555555556,0.027777777777777776,0.0,0.08333333333333333,0.05555555555555555,0.013888888888888888,0.041666666666666664,0.04861111111111111,0.0030864197530864196,0.007920563400635865,0.011528286528286528,0.1111111111111111,6.444444444444445,0.0
Zak Irvin,29.86111111111111,90.36111111111111,20.72222222222222,10.75,0.4444444444444444,3.75,2.8055555555555554,1.7222222222222223,0.027777777777777776,0.6944444444444444,1.1111111111111112,0.46458132916466255,0.2580026455026455,0.3417989417989418,0.1858227290930757,0.1640897913223294,0.13062525536987904,-2.0,6.444444444444445,1.0
