,MP,ORtg,%Ps,Pts,OR,DR,A,TO,Blk,Stl,PF,2Pt %,3Pt %,FT %,2Pt %Att,3Pt %Att,FT %Att,Pnts-Prev,Marg,Maj Cont
Anthony Drmic,7.294117647058823,23.058823529411764,4.4411764705882355,3.088235294117647,0.20588235294117646,0.8235294117647058,0.3235294117647059,0.2647058823529412,0.0,0.14705882352941177,0.47058823529411764,0.11397058823529412,0.07965686274509805,0.14142156862745098,0.02960803987313275,0.06222520396207774,0.03635834982584209,-0.23529411764705882,10.176470588235293,0.0
Chandler Hutchison,10.0,51.470588235294116,9.617647058823529,2.5294117647058822,0.6470588235294118,1.0294117647058822,0.6470588235294118,0.4117647058823529,0.11764705882352941,0.4117647058823529,1.2058823529411764,0.26225490196078427,0.08823529411764706,0.25735294117647056,0.06752617214566549,0.019050987988102477,0.0587100686953819,0.23529411764705882,10.176470588235293,1.0
David Wacker,7.617647058823529,29.11764705882353,4.529411764705882,1.8823529411764706,0.4411764705882353,0.7647058823529411,0.14705882352941177,0.38235294117647056,0.17647058823529413,0.0,0.9117647058823529,0.24474789915966386,0.0,0.15637254901960787,0.044652741409245064,0.0010893246187363833,0.03745841001441074,-0.4117647058823529,10.176470588235293,0.0
Derrick Marks,28.264705882352942,108.1470588235294,28.88235294117647,17.58823529411765,0.4117647058823529,2.9705882352941178,2.735294117647059,1.9411764705882353,0.4117647058823529,1.6470588235294117,2.0294117647058822,0.4816070911036586,0.39281576266870377,0.5510610304727951,0.28130779665617817,0.20501863491425465,0.20255406954687594,0.23529411764705882,10.176470588235293,1.0
Dezmyn Trent,2.911764705882353,16.5,5.176470588235294,1.1470588235294117,0.14705882352941177,0.5588235294117647,0.0,0.20588235294117646,0.029411764705882353,0.058823529411764705,0.14705882352941177,0.0980392156862745,0.09656862745098038,0.07352941176470588,0.016155604856543635,0.027420061430022392,0.016465018529981137,-0.23529411764705882,10.176470588235293,0.0
Igor Hadziomerovic,22.735294117647058,93.91176470588235,14.705882352941176,4.794117647058823,0.7058823529411765,2.235294117647059,2.588235294117647,1.5294117647058822,0.17647058823529413,0.47058823529411764,1.4411764705882353,0.4334733893557423,0.2549019607843137,0.30147058823529416,0.08425602536051931,0.04472893194000065,0.09669837121017498,-1.7647058823529411,10.176470588235293,1.0
Jake Ness,2.5294117647058822,13.147058823529411,0.20588235294117646,0.20588235294117646,0.058823529411764705,0.35294117647058826,0.058823529411764705,0.08823529411764706,0.029411764705882353,0.058823529411764705,0.35294117647058826,0.04411764705882353,0.0,0.04411764705882353,0.002816650853889943,0.0021008403361344537,0.005538579067990833,0.0,10.176470588235293,0.0
James Webb,24.91176470588235,106.6470588235294,15.882352941176471,10.323529411764707,1.7941176470588236,5.382352941176471,0.5294117647058824,0.8529411764705882,0.5882352941176471,1.0588235294117647,2.3529411764705883,0.522373949579832,0.32591036414565827,0.34523809523809523,0.11931763838535706,0.14543706966438236,0.10717297535306182,1.588235294117647,10.176470588235293,1.0
Joe Hanstad,6.088235294117647,31.705882352941178,4.5,1.2647058823529411,0.058823529411764705,0.47058823529411764,0.4411764705882353,0.17647058823529413,0.029411764705882353,0.11764705882352941,0.3235294117647059,0.1372549019607843,0.07941176470588235,0.058823529411764705,0.013117484251171442,0.03575760615026449,0.016509634156692977,-0.058823529411764705,10.176470588235293,0.0
Kevin Allen,4.823529411764706,28.323529411764707,5.5,2.176470588235294,0.29411764705882354,0.7647058823529411,0.029411764705882353,0.3235294117647059,0.029411764705882353,0.058823529411764705,0.8529411764705882,0.3406862745098039,0.0,0.19852941176470587,0.04207874587682531,0.0,0.03249181222216276,-0.47058823529411764,10.176470588235293,0.0
Mikey Thompson,21.91176470588235,85.23529411764706,18.029411764705884,6.970588235294118,0.38235294117647056,1.6470588235294117,1.6176470588235294,1.3823529411764706,0.0,0.47058823529411764,1.1764705882352942,0.2952444614209321,0.19117647058823528,0.6224758085052202,0.12289098564261207,0.05718232022910429,0.19759707822297046,-1.8235294117647058,10.176470588235293,0.0
Montigo Alford,9.676470588235293,45.088235294117645,11.970588235294118,3.235294117647059,0.029411764705882353,0.7647058823529411,1.0588235294117647,0.8529411764705882,0.11764705882352941,0.35294117647058826,0.9411764705882353,0.2534313725490196,0.26666666666666666,0.14705882352941174,0.05688713732512944,0.05532932074563439,0.0406658383728193,-0.7647058823529411,10.176470588235293,1.0
Nick Duncan,28.41176470588235,103.70588235294117,14.029411764705882,8.823529411764707,0.7058823529411765,2.411764705882353,0.8235294117647058,0.7352941176470589,0.38235294117647056,0.5588235294117647,2.588235294117647,0.28725490196078435,0.35718684909861376,0.35539215686274506,0.044972180336977155,0.24621243028795306,0.05742586029145853,0.4117647058823529,10.176470588235293,0.0
Robert Heyer,20.058823529411764,100.3529411764706,9.735294117647058,4.588235294117647,1.1764705882352942,1.8823529411764706,0.7058823529411765,0.6764705882352942,0.20588235294117646,0.4117647058823529,1.7058823529411764,0.48039215686274517,0.30098039215686273,0.4117647058823529,0.04500103232087085,0.06903550302745032,0.06494216978429414,-0.11764705882352941,10.176470588235293,1.0
