,MP,ORtg,%Ps,Pts,OR,DR,A,TO,Blk,Stl,PF,2Pt %,3Pt %,FT %,2Pt %Att,3Pt %Att,FT %Att,Pnts-Prev,Marg
Braian Angola,27.451612903225808,108.93548387096774,22.29032258064516,12.870967741935484,0.9032258064516129,2.935483870967742,2.967741935483871,2.096774193548387,0.1935483870967742,1.3548387096774193,2.4516129032258065,0.44011776753712234,0.33285504817762884,0.6380440348182284,0.11212808411852483,0.22879120681377127,0.1490318045485656,-1.096774193548387,7.290322580645161
Brandon Allen,2.870967741935484,12.0,0.6451612903225806,0.6774193548387096,0.06451612903225806,0.1935483870967742,0.1935483870967742,0.2903225806451613,0.0,0.0967741935483871,0.3548387096774194,0.14516129032258066,0.05376344086021505,0.0,0.006984043726765993,0.016709777441950614,0.0,-0.3870967741935484,7.290322580645161
Christ Koumadje,11.193548387096774,64.83870967741936,10.64516129032258,4.741935483870968,1.2258064516129032,1.8064516129032258,0.0967741935483871,0.5806451612903226,1.032258064516129,0.0,1.6129032258064515,0.3888074291300098,0.0,0.14823348694316435,0.08062050528450175,0.0,0.03699455560660188,0.9032258064516129,7.290322580645161
CJ Walker,23.967741935483872,97.19354838709677,18.806451612903224,8.451612903225806,0.1935483870967742,2.5161290322580645,2.6451612903225805,1.6774193548387097,0.12903225806451613,1.032258064516129,2.4838709677419355,0.4915514592933948,0.3170506912442396,0.38431783270492953,0.08701624052076382,0.1525729155756767,0.08881231785055325,-1.032258064516129,7.290322580645161
Ike Obiagu,10.838709677419354,47.03225806451613,7.387096774193548,2.2580645161290325,0.967741935483871,1.5806451612903225,0.06451612903225806,0.7741935483870968,2.161290322580645,0.22580645161290322,1.7096774193548387,0.4134408602150538,0.0,0.12741935483870967,0.04626960293192516,0.0,0.053302871381821236,3.225806451612903,7.290322580645161
Mfiondu Kabengele,13.67741935483871,90.45161290322581,20.967741935483872,6.838709677419355,1.8387096774193548,2.5161290322580645,0.3225806451612903,0.967741935483871,0.6774193548387096,0.45161290322580644,2.032258064516129,0.49161546338965695,0.14516129032258063,0.3777754503560955,0.10537609015869348,0.031987528701087245,0.1160362521043527,0.3225806451612903,7.290322580645161
MJ Walker,19.483870967741936,90.12903225806451,17.451612903225808,7.612903225806452,0.1935483870967742,1.4838709677419355,1.096774193548387,1.2258064516129032,0.12903225806451613,0.5483870967741935,2.3225806451612905,0.35645161290322586,0.27649769585253453,0.40134408602150534,0.07063073550808167,0.15701636909860897,0.07945130996770808,-1.096774193548387,7.290322580645161
Phil Cofer,29.29032258064516,113.29032258064517,19.161290322580644,13.129032258064516,1.6451612903225807,3.4516129032258065,0.7419354838709677,1.1290322580645162,0.1935483870967742,0.4838709677419355,1.3548387096774193,0.5226877065586742,0.33869687660010245,0.5277265745007681,0.1696411899441151,0.17084256362695352,0.12564880470606496,-0.9032258064516129,7.290322580645161
PJ Savoy,9.0,41.354838709677416,9.225806451612904,4.548387096774194,0.16129032258064516,0.8064516129032258,0.4838709677419355,0.45161290322580644,0.0,0.16129032258064516,0.6774193548387096,0.12634408602150538,0.20122887864823352,0.06774193548387097,0.014914565850685462,0.14618578499779133,0.031374807987711216,-0.5806451612903226,7.290322580645161
Terance Mann,28.548387096774192,113.58064516129032,20.129032258064516,12.741935483870968,2.032258064516129,3.4516129032258065,2.5806451612903225,1.7096774193548387,0.25806451612903225,0.9032258064516129,1.5806451612903225,0.5927497391918644,0.1935483870967742,0.47515360983102917,0.19160136501506908,0.06982378003986682,0.15246728912256327,-1.096774193548387,7.290322580645161
Trent Forrest,24.580645161290324,107.51612903225806,17.35483870967742,7.451612903225806,1.2580645161290323,3.4516129032258065,3.838709677419355,1.7096774193548387,0.3225806451612903,1.3870967741935485,1.5483870967741935,0.5199902248289344,0.06451612903225806,0.6030303030303029,0.11293649201243128,0.01798832570319068,0.164191814681047,0.0,7.290322580645161
Wyatt Wilkes,1.4193548387096775,4.838709677419355,0.9354838709677419,0.12903225806451613,0.06451612903225806,0.22580645161290322,0.0967741935483871,0.16129032258064516,0.06451612903225806,0.03225806451612903,0.06451612903225806,0.06451612903225806,0.0,0.0,0.0018810849284425126,0.00808174800110284,0.0026881720430107525,-0.12903225806451613,7.290322580645161
