,MP,ORtg,%Ps,Pts,OR,DR,A,TO,Blk,Stl,PF,2Pt %,3Pt %,FT %,2Pt %Att,3Pt %Att,FT %Att,Pnts-Prev,Marg,Maj Cont
Anthony White,20.0,104.52777777777777,14.333333333333334,7.833333333333333,0.6111111111111112,1.7222222222222223,1.0833333333333333,0.5277777777777778,0.027777777777777776,0.5,1.3888888888888888,0.38346560846560845,0.3384259259259259,0.3777777777777778,0.07694757793621884,0.14574891337604576,0.07253991913647613,0.0,12.194444444444445,1.0
Bud Thomas,24.555555555555557,97.05555555555556,14.36111111111111,8.63888888888889,0.6388888888888888,3.2222222222222223,1.8055555555555556,0.8888888888888888,0.3611111111111111,0.6111111111111112,1.8055555555555556,0.46937830687830684,0.27908950617283945,0.05555555555555555,0.06906151583897623,0.2145480085308459,0.018391022790516867,0.16666666666666666,12.194444444444445,1.0
Daniel Coursey,22.11111111111111,115.97222222222223,18.97222222222222,9.38888888888889,2.1944444444444446,4.055555555555555,0.3611111111111111,0.75,1.9722222222222223,0.3333333333333333,2.9722222222222223,0.5562545479212146,0.0,0.4497685185185186,0.19254707130262344,0.0,0.08416757163081057,3.111111111111111,12.194444444444445,1.0
Darious Moten,11.277777777777779,88.30555555555556,13.805555555555555,4.583333333333333,0.7222222222222222,0.9166666666666666,0.6944444444444444,0.5277777777777778,0.3055555555555556,0.1388888888888889,0.8611111111111112,0.4566137566137566,0.12962962962962962,0.32837301587301587,0.0666751166420418,0.03143890303298561,0.07200780467836268,-0.16666666666666666,12.194444444444445,0.0
Ike Nwamu,16.944444444444443,81.0,18.444444444444443,7.444444444444445,0.6666666666666666,2.0277777777777777,0.9444444444444444,1.6111111111111112,0.25,0.5833333333333334,1.5277777777777777,0.36355218855218846,0.287037037037037,0.489781746031746,0.1085078734245225,0.052342559620785434,0.12522007505770552,-1.5555555555555556,12.194444444444445,1.0
Jakob Gollon,24.02777777777778,102.08333333333333,17.833333333333332,7.388888888888889,1.3055555555555556,2.9722222222222223,2.4444444444444446,1.7222222222222223,0.16666666666666666,0.9166666666666666,2.0,0.43508944758944756,0.2082010582010582,0.45077330077330074,0.11840176536874189,0.06450688132578034,0.10349870101081296,-1.2777777777777777,12.194444444444445,1.0
Jibri Bryan,9.083333333333334,50.94444444444444,9.666666666666666,3.5555555555555554,0.3611111111111111,1.1944444444444444,0.4166666666666667,0.6388888888888888,0.027777777777777776,0.25,1.25,0.20833333333333334,0.22414021164021167,0.22916666666666666,0.026019919646347332,0.09478488524012132,0.049205971484617944,-0.7222222222222222,12.194444444444445,0.0
Kevin Canevari,8.722222222222221,53.02777777777778,4.694444444444445,1.4722222222222223,0.05555555555555555,0.4444444444444444,1.6388888888888888,0.5555555555555556,0.0,0.4166666666666667,0.5833333333333334,0.1388888888888889,0.18518518518518517,0.1111111111111111,0.01403451727841546,0.02812733819678264,0.009148285094989161,-0.2777777777777778,12.194444444444445,0.0
Langston Hall,30.13888888888889,112.61111111111111,24.13888888888889,13.88888888888889,0.3888888888888889,2.5833333333333335,5.277777777777778,2.25,0.1388888888888889,1.4444444444444444,1.3611111111111112,0.30023402523402526,0.3418184439017773,0.6537037037037037,0.11286655803960555,0.27897307205301136,0.1987282306298942,-1.3333333333333333,12.194444444444445,1.0
Monty Brown,9.0,72.47222222222223,10.75,4.166666666666667,0.8611111111111112,1.3888888888888888,0.1111111111111111,0.6944444444444444,0.3611111111111111,0.05555555555555555,1.4722222222222223,0.4824074074074074,0.0,0.36250000000000004,0.06072274094477356,0.0,0.06735794082912323,-0.5555555555555556,12.194444444444445,0.0
Phillip Leonard,7.944444444444445,42.75,8.472222222222221,3.5555555555555554,0.4166666666666667,0.7777777777777778,0.4722222222222222,0.4444444444444444,0.0,0.16666666666666666,0.8888888888888888,0.3035714285714286,0.06018518518518518,0.3248456790123457,0.047743551952034356,0.02482986350739974,0.10096014954876269,-0.5555555555555556,12.194444444444445,0.0
T.J. Hallice,11.194444444444445,70.63888888888889,8.38888888888889,2.75,1.0833333333333333,1.25,0.2222222222222222,0.5,0.3611111111111111,0.2777777777777778,1.1666666666666667,0.35787037037037034,0.013888888888888888,0.15925925925925924,0.050916236070143395,0.009144019560686228,0.043218772552372574,0.2777777777777778,12.194444444444445,0.0
