,MP,ORtg,%Ps,Pts,OR,DR,A,TO,Blk,Stl,PF,2Pt %,3Pt %,FT %,2Pt %Att,3Pt %Att,FT %Att,Pnts-Prev,Marg,Maj Cont
Anson Winder,15.914285714285715,99.62857142857143,10.028571428571428,6.314285714285714,0.17142857142857143,1.542857142857143,1.2285714285714286,0.5142857142857142,0.05714285714285714,0.5142857142857142,1.5142857142857142,0.4170408163265306,0.29047619047619044,0.2995238095238095,0.04677577849793527,0.12249432922475825,0.07231350173113682,0.11428571428571428,6.9714285714285715,0.0
Eric Mika,23.34285714285714,99.28571428571429,20.457142857142856,10.685714285714285,2.6,3.2285714285714286,0.8857142857142857,1.3428571428571427,0.6857142857142857,0.42857142857142855,2.942857142857143,0.4863662131519274,0.0,0.5623386930529789,0.15181903824073473,0.0,0.15828646461247947,-0.45714285714285713,6.9714285714285715,1.0
Frank Bartley,10.0,49.457142857142856,8.314285714285715,3.4857142857142858,0.5714285714285714,1.3714285714285714,0.7142857142857143,0.42857142857142855,0.17142857142857143,0.37142857142857144,0.7142857142857143,0.2219047619047619,0.16285714285714287,0.17758503401360543,0.04223310901893807,0.06923274548440404,0.05489018257405244,0.22857142857142856,6.9714285714285715,1.0
Josh Sharp,9.4,45.48571428571429,2.8,1.2857142857142858,0.6571428571428571,1.457142857142857,0.3142857142857143,0.17142857142857143,0.22857142857142856,0.14285714285714285,1.4,0.25,0.0,0.12285714285714285,0.01556144918098909,0.004101161995898839,0.01664710619324175,0.4,6.9714285714285715,0.0
Kyle Collinsworth,32.457142857142856,104.94285714285714,23.314285714285713,13.571428571428571,2.4285714285714284,5.428571428571429,4.457142857142857,2.5428571428571427,0.42857142857142855,1.6285714285714286,2.342857142857143,0.48753984111126974,0.15714285714285714,0.5293599257884972,0.1977332540005673,0.043424771945338066,0.1866936657775282,-0.9714285714285714,6.9714285714285715,0.0
Luke Worthington,6.942857142857143,24.428571428571427,3.2,0.9142857142857143,0.37142857142857144,0.4,0.11428571428571428,0.37142857142857144,0.05714285714285714,0.11428571428571428,1.5142857142857142,0.2019047619047619,0.0,0.10714285714285714,0.01528023113942652,0.0,0.018189711051948842,-0.4,6.9714285714285715,0.0
Matt Carlino,26.34285714285714,99.51428571428572,25.6,13.314285714285715,0.5428571428571428,2.7714285714285714,4.171428571428572,2.0,0.14285714285714285,1.7428571428571429,1.7428571428571429,0.3893431964860536,0.26668157239585805,0.566031746031746,0.13577257490997927,0.34372514666521753,0.12056793512864751,-0.22857142857142856,6.9714285714285715,1.0
Nate Austin,26.228571428571428,107.2,8.457142857142857,3.7142857142857144,2.4571428571428573,5.3428571428571425,0.9142857142857143,1.0285714285714285,0.8857142857142857,0.7142857142857143,3.2857142857142856,0.5019047619047619,0.04285714285714286,0.2871428571428571,0.047840358944125444,0.010035044320758607,0.0495255580168763,1.1428571428571428,6.9714285714285715,1.0
Skyler Halford,14.8,75.91428571428571,12.8,7.0285714285714285,0.17142857142857143,1.2285714285714286,0.9428571428571428,0.8285714285714286,0.02857142857142857,0.42857142857142855,1.3142857142857143,0.4148979591836735,0.26380952380952377,0.39166666666666666,0.06148173737155615,0.18183324022775585,0.051284148823362505,-0.7428571428571429,6.9714285714285715,1.0
Tyler Haws,31.65714285714286,108.08571428571429,24.914285714285715,21.37142857142857,0.9142857142857143,2.5714285714285716,1.3714285714285714,1.7428571428571429,0.2571428571428571,0.9428571428571428,2.057142857142857,0.4450477624493546,0.369047619047619,0.7829250114964401,0.25693104012431967,0.1965821315644403,0.24303029751929764,-1.0857142857142856,6.9714285714285715,1.0
