,MP,ORtg,%Ps,Pts,OR,DR,A,TO,Blk,Stl,PF,2Pt %,3Pt %,FT %,2Pt %Att,3Pt %Att,FT %Att,Pnts-Prev,Marg,Maj Cont
Alec Peters,29.5,121.11764705882354,23.970588235294116,16.235294117647058,1.8235294117647058,4.735294117647059,1.2058823529411764,1.3823529411764706,0.3235294117647059,0.6764705882352942,1.8529411764705883,0.49136321195144733,0.44496965452847803,0.6357142857142857,0.17711362237912534,0.28359870177981633,0.16017170202560427,-0.7647058823529411,10.235294117647058,1.0
Darien Walker,26.470588235294116,96.44117647058823,22.705882352941178,10.529411764705882,0.8823529411764706,3.5294117647058822,1.7647058823529411,1.6176470588235294,0.2647058823529412,0.7352941176470589,1.4705882352941178,0.3975606909430438,0.33278478057889815,0.424264705882353,0.1502999050519955,0.23262834681792977,0.127516633042108,-1.2352941176470589,10.235294117647058,1.0
David Chadwick,3.088235294117647,12.529411764705882,1.9411764705882353,0.8235294117647058,0.11764705882352941,0.3235294117647059,0.058823529411764705,0.14705882352941177,0.11764705882352941,0.0,0.23529411764705882,0.10196078431372549,0.04901960784313725,0.026960784313725488,0.011140787250860505,0.015193540120010706,0.011542052718523306,-0.058823529411764705,10.235294117647058,0.0
David Skara,19.323529411764707,94.58823529411765,16.88235294117647,5.352941176470588,0.8235294117647058,2.323529411764706,1.6470588235294117,1.3529411764705883,0.29411764705882354,0.5882352941176471,1.8529411764705883,0.49404761904761896,0.2303921568627451,0.375,0.07454071446008836,0.0758094131311669,0.0665404959090955,-0.9411764705882353,10.235294117647058,1.0
E Victor Nickerson,18.0,86.11764705882354,21.264705882352942,5.823529411764706,0.5,1.5588235294117647,1.8529411764705883,1.9411764705882353,0.14705882352941177,0.6176470588235294,1.6176470588235294,0.36687675070028014,0.20833333333333334,0.5413165266106441,0.10017267926369344,0.07216321021229052,0.12673898171333348,-2.3529411764705883,10.235294117647058,1.0
Jubril Adekoya,18.058823529411764,92.29411764705883,14.588235294117647,4.352941176470588,1.411764705882353,2.4411764705882355,0.6176470588235294,0.8235294117647058,0.23529411764705882,0.5,2.1470588235294117,0.46505602240896365,0.029411764705882353,0.38480392156862747,0.09379789791977694,0.005623787976729154,0.088713455131131,-0.17647058823529413,10.235294117647058,1.0
Keith Carter,18.529411764705884,74.70588235294117,12.411764705882353,5.764705882352941,0.35294117647058826,2.0294117647058822,2.4705882352941178,1.2352941176470589,0.17647058823529413,0.8529411764705882,1.3235294117647058,0.36050420168067226,0.2745098039215686,0.21568627450980393,0.059791622258686415,0.11702256274351519,0.04509891531296536,-0.4117647058823529,10.235294117647058,1.0
Max Joseph,9.0,43.85294117647059,6.617647058823529,1.5,0.2647058823529412,0.5588235294117647,0.9117647058823529,0.7941176470588235,0.08823529411764706,0.23529411764705882,0.9117647058823529,0.20882352941176469,0.07352941176470588,0.1715686274509804,0.018052607273628153,0.02221831657385291,0.04111711067404406,-0.9411764705882353,10.235294117647058,0.0
Nick Davidson,2.764705882352941,12.852941176470589,2.0588235294117645,0.8235294117647058,0.08823529411764706,0.14705882352941177,0.17647058823529413,0.17647058823529413,0.0,0.08823529411764706,0.08823529411764706,0.04411764705882353,0.09313725490196079,0.08823529411764706,0.0058026491081838915,0.020153865742101037,0.009326457855869622,-0.17647058823529413,10.235294117647058,0.0
Tevonn Walker,26.147058823529413,97.20588235294117,19.764705882352942,9.852941176470589,1.0588235294117647,2.2058823529411766,1.6470588235294117,1.5,0.08823529411764706,1.088235294117647,1.7941176470588236,0.46979034037857564,0.28781512605042026,0.5218954248366012,0.14691054222418912,0.12617649019670507,0.16420373208445707,-0.6470588235294118,10.235294117647058,1.0
Vashil Fernandez,23.970588235294116,105.3529411764706,15.264705882352942,6.705882352941177,2.235294117647059,3.5,0.3235294117647059,0.9117647058823529,2.8823529411764706,0.4411764705882353,2.676470588235294,0.5379901960784315,0.0,0.3450980392156864,0.1329652081038899,0.0,0.129618698826986,4.823529411764706,10.235294117647058,1.0
