,MP,ORtg,%Ps,Pts,OR,DR,A,TO,Blk,Stl,PF,2Pt %,3Pt %,FT %,2Pt %Att,3Pt %Att,FT %Att,Pnts-Prev,Marg,Maj Cont
Alvin Ellis,6.0,20.205128205128204,3.1794871794871793,1.358974358974359,0.02564102564102564,0.38461538461538464,0.38461538461538464,0.4358974358974359,0.1282051282051282,0.2564102564102564,0.7435897435897436,0.1358974358974359,0.08547008547008546,0.11068376068376068,0.017974417602320006,0.029327382096791484,0.03803069620526158,-0.10256410256410256,7.384615384615385,0.0
Branden Dawson,23.102564102564102,78.33333333333333,18.025641025641026,9.205128205128204,2.3076923076923075,4.717948717948718,1.435897435897436,1.4615384615384615,1.1538461538461537,0.9487179487179487,1.564102564102564,0.40987122039753615,0.0,0.2916056166056166,0.2012662219080524,0.0,0.13725118452220963,1.2820512820512822,7.384615384615385,1.0
Bryn Forbes,22.794871794871796,103.76923076923077,12.76923076923077,7.538461538461538,0.20512820512820512,1.0256410256410255,0.8717948717948718,0.717948717948718,0.1282051282051282,0.5897435897435898,1.3076923076923077,0.39999999999999997,0.38203093203093197,0.38461538461538464,0.05252760619585768,0.19208865403439424,0.06861413950675763,0.0,7.384615384615385,1.0
Colby Wollenman,4.9743589743589745,10.35897435897436,1.8974358974358974,0.8717948717948718,0.3076923076923077,0.7435897435897436,0.15384615384615385,0.2564102564102564,0.10256410256410256,0.05128205128205128,0.6153846153846154,0.26495726495726496,0.0,0.01282051282051282,0.01763398548490948,0.0,0.008604566495033026,-0.20512820512820512,7.384615384615385,0.0
Denzel Valentine,29.025641025641026,98.56410256410257,21.307692307692307,12.615384615384615,1.0256410256410255,4.358974358974359,3.8205128205128207,2.1794871794871793,0.20512820512820512,0.7692307692307693,1.8974358974358974,0.42952161798315647,0.3416259666259666,0.46709401709401716,0.11996967012221862,0.2830869436536935,0.10951231281157946,-2.41025641025641,7.384615384615385,1.0
Gavin Schilling,15.051282051282051,79.92307692307692,14.205128205128204,4.641025641025641,1.5384615384615385,2.076923076923077,0.358974358974359,0.8205128205128205,0.5641025641025641,0.1794871794871795,2.4615384615384617,0.4636548636548636,0.0,0.27008547008547007,0.09072817799008938,0.0,0.09123206246092647,-0.15384615384615385,7.384615384615385,0.0
Javon Bess,3.7948717948717947,15.615384615384615,3.2051282051282053,0.8205128205128205,0.38461538461538464,0.5128205128205128,0.3076923076923077,0.2564102564102564,0.07692307692307693,0.10256410256410256,0.41025641025641024,0.09017094017094017,0.02564102564102564,0.06196581196581196,0.01346874315890198,0.0023358284227849445,0.02702456338083869,-0.15384615384615385,7.384615384615385,0.0
Keenan Wetzel,0.7948717948717948,0.0,0.0,0.07692307692307693,0.02564102564102564,0.07692307692307693,0.0,0.02564102564102564,0.0,0.0,0.05128205128205128,0.0,0.01282051282051282,0.0,0.0007122507122507122,0.008769182886829947,0.0,-0.05128205128205128,7.384615384615385,0.0
Lourawls Nairn,17.256410256410255,77.02564102564102,9.794871794871796,1.9487179487179487,0.1282051282051282,1.2307692307692308,2.1538461538461537,0.8461538461538461,0.02564102564102564,0.23076923076923078,1.8461538461538463,0.2205128205128205,0.07692307692307693,0.22008547008547005,0.04831134201780672,0.013346919964567024,0.05523079821890706,-1.1794871794871795,7.384615384615385,1.0
Marvin Clark,9.692307692307692,57.743589743589745,10.307692307692308,4.153846153846154,0.717948717948718,1.2820512820512822,0.23076923076923078,0.6410256410256411,0.3076923076923077,0.1794871794871795,1.3846153846153846,0.38247863247863245,0.18632478632478633,0.24017094017094015,0.04178546609419798,0.072641893299115,0.04386511498943852,-0.3076923076923077,7.384615384615385,1.0
Matt Costello,17.743589743589745,104.48717948717949,15.64102564102564,6.487179487179487,1.8205128205128205,2.8205128205128207,0.6923076923076923,0.7435897435897436,1.1282051282051282,0.358974358974359,2.2051282051282053,0.5404761904761906,0.0,0.3967032967032967,0.11509688397338146,0.004930815135418716,0.09754577182158464,1.4871794871794872,7.384615384615385,1.0
Travis Trice,28.71794871794872,97.28205128205128,22.82051282051282,12.897435897435898,0.4358974358974359,2.3333333333333335,4.512820512820513,1.4871794871794872,0.15384615384615385,0.9743589743589743,1.6666666666666667,0.3679320679320679,0.2930985680985682,0.4199743276666354,0.15232010653488537,0.265267252301277,0.19488366138233515,-0.717948717948718,7.384615384615385,1.0
