,MP,ORtg,%Ps,Pts,OR,DR,A,TO,Blk,Stl,PF,2Pt %,3Pt %,FT %,2Pt %Att,3Pt %Att,FT %Att,Pnts-Prev,Marg
Blake Harris,6.09375,30.4375,7.1875,1.65625,0.1875,0.875,1.375,0.75,0.0,0.4375,0.625,0.15014880952380952,0.0,0.11458333333333333,0.04935092937560042,0.007472530074831865,0.021861518111518107,-0.625,5.1875
Brett Rau,1.15625,2.09375,0.6875,0.21875,0.03125,0.03125,0.0625,0.0625,0.0,0.03125,0.0625,0.0625,0.03125,0.0,0.003513511326011326,0.002790178571428571,0.0017857142857142854,-0.0625,5.1875
Cullen VanLeer,13.75,61.34375,8.40625,2.28125,0.0625,1.28125,0.9375,0.65625,0.0,0.40625,0.875,0.1875,0.21651785714285712,0.0,0.009772121745805955,0.08389816497001214,0.007024684873949579,-0.5,5.1875
Jeremiah Tilmon,19.625,84.6875,22.96875,8.3125,1.96875,2.28125,0.46875,2.15625,1.0,0.25,3.625,0.5699224386724386,0.0,0.31961805555555556,0.21461083499483294,0.0,0.10702294868714461,-1.8125,5.1875
Jontay Porter,24.40625,105.25,23.25,10.125,1.5625,5.25,2.15625,1.90625,1.65625,0.84375,2.90625,0.4410094246031746,0.32559523809523805,0.6194568452380953,0.13339425649575673,0.13899962974614485,0.1625276466507788,1.1875,5.1875
Jordan Barnett,34.0625,114.71875,18.0625,13.71875,1.5625,4.34375,1.09375,1.5625,0.59375,0.71875,1.59375,0.4730902777777777,0.3809275793650794,0.5319196428571429,0.12855711744821466,0.2597320817893501,0.11531404996345104,-0.5,5.1875
Jordan Geist,25.75,105.3125,15.1875,7.4375,0.59375,3.28125,2.875,1.71875,0.0,0.84375,1.84375,0.3692708333333333,0.3111979166666667,0.5288690476190475,0.07805960866589269,0.10723585308505287,0.1304277983183492,-1.75,5.1875
Kassius Robertson,35.90625,112.15625,21.375,16.1875,0.28125,2.6875,2.40625,2.28125,0.0625,1.0,1.71875,0.4123511904761904,0.4220970869408369,0.719828869047619,0.1363314004954205,0.30187658706631804,0.21895783507026392,-2.4375,5.1875
Kevin Puryear,24.96875,104.75,19.3125,8.65625,1.5625,2.6875,0.84375,1.46875,0.25,0.3125,2.25,0.5021701388888888,0.1953125,0.7007440476190477,0.16844331118141587,0.06475856021828934,0.1536365501586535,-1.8125,5.1875
Michael Porter,0.78125,2.71875,1.125,0.4375,0.09375,0.21875,0.03125,0.0,0.03125,0.0,0.0625,0.03977272727272727,0.010416666666666666,0.0,0.009930173992673992,0.0075,0.0,0.0625,5.1875
Reed Nikko,8.0625,36.46875,5.625,2.40625,0.65625,1.375,0.1875,0.5,0.65625,0.125,1.125,0.35416666666666663,0.0,0.20647321428571427,0.053341710163545955,0.0,0.06316052997445314,0.5625,5.1875
Terrence Phillips,6.625,33.40625,4.65625,1.5625,0.21875,0.6875,1.15625,0.6875,0.0,0.15625,1.21875,0.171875,0.15625,0.14732142857142858,0.014695024114829015,0.025736414478572278,0.018280723905723904,-1.0625,5.1875
