,MP,ORtg,%Ps,Pts,OR,DR,A,TO,Blk,Stl,PF,2Pt %,3Pt %,FT %,2Pt %Att,3Pt %Att,FT %Att,Pnts-Prev,Marg,Maj Cont
Adam Pickett,7.606060606060606,36.27272727272727,7.454545454545454,2.757575757575758,0.24242424242424243,1.0606060606060606,0.5454545454545454,0.7878787878787878,0.18181818181818182,0.6666666666666666,1.2727272727272727,0.27994227994227994,0.06060606060606061,0.3055555555555555,0.039833131718182424,0.021590625245428863,0.0499179205478195,0.12121212121212122,9.242424242424242,0.0
Anders Broman,21.757575757575758,107.93939393939394,15.0,8.030303030303031,0.12121212121212122,1.2424242424242424,1.2121212121212122,0.9090909090909091,0.12121212121212122,0.7575757575757576,1.4242424242424243,0.3647186147186147,0.37756132756132754,0.2828282828282828,0.048702473936969186,0.1722565260100837,0.046252502796717325,-0.06060606060606061,9.242424242424242,1.0
Bjorn Broman,27.09090909090909,94.75757575757575,10.636363636363637,5.303030303030303,0.24242424242424243,1.393939393939394,2.090909090909091,1.0303030303030303,0.18181818181818182,0.7878787878787878,1.7575757575757576,0.1747474747474747,0.27976190476190477,0.21616161616161617,0.022367460562897908,0.15441746863154476,0.0385747418569243,-0.12121212121212122,9.242424242424242,1.0
Duby Okeke,13.666666666666666,76.12121212121212,14.515151515151516,3.1818181818181817,1.5454545454545454,2.272727272727273,0.09090909090909091,1.1818181818181819,1.4242424242424243,0.12121212121212122,2.6363636363636362,0.5722222222222223,0.0,0.15454545454545454,0.06862186306702525,0.0,0.07783924936912613,0.7272727272727273,9.242424242424242,0.0
Josh Ferguson,8.303030303030303,46.484848484848484,8.303030303030303,2.3636363636363638,0.696969696969697,1.393939393939394,0.21212121212121213,0.5757575757575758,0.5151515151515151,0.30303030303030304,0.8484848484848485,0.2853535353535354,0.08838383838383838,0.27575757575757576,0.035623593583896114,0.023734129029409193,0.04112329198898214,0.48484848484848486,9.242424242424242,0.0
Joshua Davenport,19.12121212121212,94.0,17.151515151515152,5.515151515151516,0.9696969696969697,3.393939393939394,1.6666666666666667,1.3636363636363635,0.30303030303030304,0.7878787878787878,1.5454545454545454,0.43138528138528137,0.030303030303030304,0.5062289562289563,0.11201901363219835,0.013047646765386825,0.10424844685928049,-0.5454545454545454,9.242424242424242,1.0
Keon Johnson,32.90909090909091,107.66666666666667,26.606060606060606,21.151515151515152,0.3939393939393939,3.303030303030303,2.4242424242424243,2.1818181818181817,0.0,0.6363636363636364,1.7272727272727273,0.4101177862541499,0.3711519961519962,0.6907368725550544,0.22455688242622018,0.29821747073462784,0.2597562697833418,-3.090909090909091,9.242424242424242,1.0
Roderick Perkins,18.939393939393938,100.45454545454545,18.363636363636363,7.2727272727272725,0.7575757575757576,1.606060606060606,1.0303030303030303,0.9696969696969697,0.21212121212121213,0.6666666666666666,1.2121212121212122,0.4353535353535354,0.3408894136166863,0.2904040404040404,0.060771796375347666,0.15689394997076048,0.06143077405341996,-0.18181818181818182,9.242424242424242,1.0
Tevin Prescott,18.03030303030303,112.33333333333333,11.121212121212121,4.909090909090909,1.2121212121212122,1.8181818181818181,0.30303030303030304,0.48484848484848486,0.45454545454545453,0.7272727272727273,2.3636363636363638,0.5163660413660414,0.0,0.35404040404040404,0.10436094438948862,0.001443001443001443,0.054527959632973966,1.393939393939394,9.242424242424242,1.0
Xavier Cooks,27.87878787878788,105.75757575757575,28.818181818181817,15.757575757575758,1.5757575757575757,7.333333333333333,2.727272727272727,2.8484848484848486,1.696969696969697,0.8484848484848485,2.5757575757575757,0.5361821680003498,0.3090187590187591,0.6740379990379989,0.25283981000474404,0.12809615186672646,0.23602581280838403,-0.6060606060606061,9.242424242424242,1.0
