,MP,ORtg,%Ps,Pts,OR,DR,A,TO,Blk,Stl,PF,2Pt %,3Pt %,FT %,2Pt %Att,3Pt %Att,FT %Att,Pnts-Prev,Marg,Maj Cont
Ben Carter,8.558823529411764,46.705882352941174,5.676470588235294,1.7941176470588236,0.7647058823529411,1.0,0.5,0.4411764705882353,0.35294117647058826,0.29411764705882354,1.5,0.1750700280112045,0.0,0.26225490196078427,0.032082529202008776,0.001547987616099071,0.044411066257665686,0.4117647058823529,7.382352941176471,0.0
Damyean Dotson,21.941176470588236,94.02941176470588,17.88235294117647,8.882352941176471,0.6470588235294118,2.264705882352941,1.088235294117647,1.1176470588235294,0.14705882352941177,0.4411764705882353,1.6176470588235294,0.48017040149393087,0.26960784313725494,0.56781045751634,0.12980962502904664,0.12377731308231218,0.08129255828980557,-1.0588235294117647,7.382352941176471,1.0
Dominic Artis,11.882352941176471,51.1764705882353,11.0,2.8823529411764706,0.23529411764705882,1.0588235294117647,1.5588235294117647,0.9411764705882353,0.058823529411764705,0.5882352941176471,1.1176470588235294,0.1808823529411765,0.12745098039215685,0.27941176470588236,0.0468378046057274,0.044838012599007854,0.055163409231692426,-0.5882352941176471,7.382352941176471,0.0
Elgin Cook,15.294117647058824,98.58823529411765,15.823529411764707,5.882352941176471,1.5,1.8823529411764706,0.38235294117647056,0.7647058823529411,0.4411764705882353,0.5882352941176471,2.3823529411764706,0.4757352941176471,0.04411764705882353,0.41767570664629483,0.08293945171827175,0.019805243561048513,0.1005715220971108,0.5294117647058824,7.382352941176471,1.0
Jalil Abdul-Bassit,3.0,12.705882352941176,1.9411764705882353,0.8823529411764706,0.029411764705882353,0.23529411764705882,0.11764705882352941,0.14705882352941177,0.0,0.11764705882352941,0.2647058823529412,0.058823529411764705,0.08823529411764706,0.029411764705882353,0.011386259390088426,0.03198304230220093,0.007136761587225983,-0.058823529411764705,7.382352941176471,0.0
Jason Calliste,24.88235294117647,120.0,17.058823529411764,11.705882352941176,0.5,1.3823529411764706,1.5588235294117647,1.3823529411764706,0.058823529411764705,1.0294117647058822,2.0,0.48872549019607847,0.49327731092436977,0.701610644257703,0.06564820626874172,0.18032703462031,0.15104754695444,-0.5882352941176471,7.382352941176471,1.0
Johnathan Loyd,23.705882352941178,109.61764705882354,16.558823529411764,6.794117647058823,0.23529411764705882,1.4705882352941178,4.411764705882353,1.7352941176470589,0.11764705882352941,1.0294117647058822,2.1470588235294117,0.4556022408963585,0.23683473389355741,0.5276960784313726,0.07482889375807306,0.07279462711351259,0.10091382448497807,-1.1764705882352942,7.382352941176471,1.0
Joseph Young,29.323529411764707,118.20588235294117,22.11764705882353,17.5,0.7058823529411765,1.9411764705882353,1.8235294117647058,1.088235294117647,0.029411764705882353,1.2647058823529411,1.3823529411764706,0.4773963373228079,0.40995458789576444,0.7738826412918107,0.17102808838050224,0.2502712699010049,0.19339460941812966,0.4117647058823529,7.382352941176471,1.0
Mike Moser,27.147058823529413,101.47058823529412,21.352941176470587,12.676470588235293,1.7941176470588236,5.705882352941177,1.588235294117647,1.6764705882352942,0.7352941176470589,1.1176470588235294,2.3823529411764706,0.4699866310160429,0.311624649859944,0.4088680926916221,0.16590005206821512,0.21049230393839755,0.08857285914037136,0.35294117647058826,7.382352941176471,1.0
Richard Amardi,15.176470588235293,84.0,19.88235294117647,6.235294117647059,1.2352941176470589,2.4411764705882355,0.35294117647058826,1.1176470588235294,0.47058823529411764,0.7058823529411765,3.176470588235294,0.4504318394024277,0.029411764705882353,0.32808123249299714,0.12388275598499282,0.005339635854341737,0.08429454778929808,0.11764705882352941,7.382352941176471,0.0
Waverly Austin,9.264705882352942,47.73529411764706,4.352941176470588,1.5588235294117647,0.8235294117647058,1.2352941176470589,0.20588235294117646,0.38235294117647056,0.7647058823529411,0.2647058823529412,1.7647058823529411,0.25,0.0,0.17205882352941176,0.036832804182567375,0.0,0.03437776533751766,1.2941176470588236,7.382352941176471,0.0
