,MP,ORtg,%Ps,Pts,OR,DR,A,TO,Blk,Stl,PF,2Pt %,3Pt %,FT %,2Pt %Att,3Pt %Att,FT %Att,Pnts-Prev,Marg,Maj Cont
Christian Watford,25.305555555555557,115.22222222222223,19.52777777777778,11.472222222222221,1.2777777777777777,4.444444444444445,0.75,1.4722222222222223,0.3888888888888889,0.6111111111111112,2.138888888888889,0.39176587301587307,0.42731481481481476,0.6899250440917108,0.12373214921078196,0.19332411422489162,0.15742588534285268,-0.9444444444444444,16.083333333333332,1.0
Cody Zeller,26.944444444444443,114.30555555555556,26.055555555555557,15.5,2.5833333333333335,4.888888888888889,1.1388888888888888,1.9444444444444444,1.1944444444444444,1.0277777777777777,2.111111111111111,0.5298276305403499,0.0,0.7041114749448084,0.2479279312095296,0.0026193957115009745,0.29902570284802804,0.5555555555555556,16.083333333333332,1.0
Jeremy Hollowell,8.13888888888889,42.888888888888886,9.194444444444445,2.4722222222222223,0.7222222222222222,0.9444444444444444,0.2777777777777778,0.75,0.3333333333333333,0.1388888888888889,1.0555555555555556,0.24999999999999994,0.08564814814814815,0.16898148148148148,0.0350365897306989,0.04169279734098911,0.03436059387426777,-0.5555555555555556,16.083333333333332,0.0
Jordan Hulls,26.805555555555557,126.33333333333333,15.0,9.25,0.2777777777777778,1.9444444444444444,2.8055555555555554,1.1388888888888888,0.027777777777777776,0.8055555555555556,1.5833333333333333,0.3324514991181658,0.41200396825396823,0.31587301587301586,0.055951882201992986,0.2617734541905583,0.04611262405479093,-0.6111111111111112,16.083333333333332,1.0
Maurice Creek,5.027777777777778,27.77777777777778,3.4166666666666665,1.2222222222222223,0.16666666666666666,0.4166666666666667,0.25,0.16666666666666666,0.05555555555555555,0.19444444444444445,0.3611111111111111,0.0625,0.1212962962962963,0.06944444444444445,0.014130005528513857,0.04308229234994277,0.007120811287477953,0.16666666666666666,16.083333333333332,0.0
Remy Abell,11.38888888888889,83.55555555555556,11.083333333333334,3.7222222222222223,0.6388888888888888,0.7777777777777778,0.9166666666666666,0.6944444444444444,0.0,0.2777777777777778,0.9444444444444444,0.38055555555555554,0.2361111111111111,0.349537037037037,0.046371497908285673,0.047013558898430126,0.04979854288619247,-0.8333333333333334,16.083333333333332,1.0
Victor Oladipo,25.75,117.97222222222223,22.11111111111111,12.444444444444445,2.4444444444444446,3.4444444444444446,1.9444444444444444,2.138888888888889,0.75,2.0555555555555554,2.3055555555555554,0.5958082812249479,0.4523148148148148,0.6471560846560848,0.16488040434365037,0.0966068775590582,0.13660734160984384,1.3333333333333333,16.083333333333332,1.0
Will Sheehey,20.22222222222222,103.5,19.13888888888889,8.583333333333334,0.9444444444444444,2.3055555555555554,1.1666666666666667,1.0,0.16666666666666666,0.7222222222222222,2.1666666666666665,0.4817129629629629,0.2708333333333333,0.41388888888888886,0.12333952099042864,0.1161695858952107,0.09561917857667482,-0.2222222222222222,16.083333333333332,1.0
Yogi Ferrell,25.86111111111111,100.05555555555556,17.166666666666668,7.111111111111111,0.3333333333333333,2.111111111111111,3.8055555555555554,1.8611111111111112,0.16666666666666666,0.75,1.5833333333333333,0.4072420634920635,0.1962962962962963,0.5139309764309764,0.10529668554278473,0.11438459049608489,0.09059598618653812,-1.8888888888888888,16.083333333333332,1.0
