,MP,ORtg,%Ps,Pts,OR,DR,A,TO,Blk,Stl,PF,2Pt %,3Pt %,FT %,2Pt %Att,3Pt %Att,FT %Att,Pnts-Prev,Marg,Maj Cont
Aaron Bright,3.75,19.36111111111111,3.111111111111111,1.1388888888888888,0.0,0.2222222222222222,0.4444444444444444,0.19444444444444445,0.0,0.05555555555555555,0.3055555555555556,0.05555555555555555,0.0625,0.10416666666666667,0.007067197366749438,0.028891376113598335,0.019975340563575857,-0.2777777777777778,4.472222222222222,0.0
Anthony Brown,30.5,101.83333333333333,17.38888888888889,11.63888888888889,0.8888888888888888,3.6666666666666665,1.8611111111111112,1.75,0.08333333333333333,0.8055555555555556,1.7222222222222223,0.46382275132275136,0.39768518518518525,0.5822851531184865,0.12243440946607537,0.20459379709657338,0.13221300715406079,-1.7222222222222223,4.472222222222222,1.0
Chasson Randle,31.77777777777778,104.47222222222223,23.25,17.166666666666668,0.4722222222222222,2.7222222222222223,1.9722222222222223,2.0277777777777777,0.05555555555555555,0.8055555555555556,2.4444444444444446,0.4855634720218054,0.34672619047619047,0.6600219225219227,0.18142895715670318,0.2784311217157907,0.2369976320715891,-2.3333333333333335,4.472222222222222,1.0
Dwight Powell,29.86111111111111,94.94444444444444,25.083333333333332,13.055555555555555,1.75,4.555555555555555,2.9722222222222223,2.6666666666666665,0.7777777777777778,1.1666666666666667,2.7777777777777777,0.45761395240561903,0.1597222222222222,0.5916295895462562,0.2288417969965242,0.06515025285922184,0.22070003875469843,-1.4444444444444444,4.472222222222222,1.0
Grant Verhoeven,4.861111111111111,13.694444444444445,1.1111111111111112,0.5277777777777778,0.3055555555555556,0.6388888888888888,0.19444444444444445,0.19444444444444445,0.027777777777777776,0.08333333333333333,1.0555555555555556,0.08333333333333333,0.0,0.1388888888888889,0.01053671206631733,0.0,0.016086224151988657,-0.16666666666666666,4.472222222222222,0.0
John Gage,9.63888888888889,55.861111111111114,7.055555555555555,2.861111111111111,0.3611111111111111,0.7777777777777778,0.25,0.3888888888888889,0.3055555555555556,0.3055555555555556,1.3333333333333333,0.1712962962962963,0.20694444444444446,0.1597222222222222,0.013545853015124518,0.10699988438996419,0.015853563647681295,0.4444444444444444,4.472222222222222,1.0
Josh Huestis,32.05555555555556,98.5,16.666666666666668,10.444444444444445,2.3333333333333335,5.305555555555555,1.0833333333333333,1.1388888888888888,1.6666666666666667,0.4722222222222222,1.8888888888888888,0.4463474025974026,0.22460317460317458,0.45092592592592595,0.18330575909157762,0.12510158880833677,0.1113980738261458,2.0,4.472222222222222,1.0
Malcolm Allen,2.0277777777777777,9.166666666666666,0.5277777777777778,0.3611111111111111,0.027777777777777776,0.05555555555555555,0.027777777777777776,0.027777777777777776,0.0,0.027777777777777776,0.1388888888888889,0.09722222222222222,0.0,0.05555555555555555,0.006514455075501587,0.0014619883040935672,0.006944444444444444,0.0,4.472222222222222,0.0
Marcus Allen,7.416666666666667,34.77777777777778,6.472222222222222,1.5277777777777777,0.4722222222222222,0.4722222222222222,0.4444444444444444,0.25,0.05555555555555555,0.25,0.6666666666666666,0.23564814814814813,0.05555555555555555,0.06944444444444445,0.032561233082658916,0.02777635495643752,0.015432411789747826,0.1111111111111111,4.472222222222222,0.0
Robbie Lemons,11.61111111111111,50.44444444444444,5.861111111111111,1.9166666666666667,0.2777777777777778,0.6944444444444444,0.3333333333333333,0.2222222222222222,0.027777777777777776,0.3888888888888889,0.8888888888888888,0.12037037037037039,0.1833333333333333,0.09722222222222222,0.01599237342038625,0.07719192635427435,0.014097129138675703,0.3888888888888889,4.472222222222222,0.0
Schuyler Rimmer,1.8888888888888888,0.0,0.6388888888888888,0.19444444444444445,0.0,0.2222222222222222,0.0,0.1388888888888889,0.027777777777777776,0.0,0.3055555555555556,0.037037037037037035,0.0,0.013888888888888888,0.0054934105515500875,0.0,0.00894880174291939,-0.2222222222222222,4.472222222222222,0.0
Stefan Nastic,17.61111111111111,94.47222222222223,19.083333333333332,6.444444444444445,0.8333333333333334,1.6944444444444444,1.1388888888888888,1.1388888888888888,0.8611111111111112,0.19444444444444445,2.9444444444444446,0.5315255731922399,0.0,0.5046296296296295,0.10894450937749815,0.0010683760683760685,0.1180199993811394,-0.16666666666666666,4.472222222222222,1.0
