,MP,ORtg,%Ps,Pts,OR,DR,A,TO,Blk,Stl,PF,2Pt %,3Pt %,FT %,2Pt %Att,3Pt %Att,FT %Att,Pnts-Prev,Marg,Maj Cont
Aaron Ross,21.21875,114.0625,21.0,9.9375,0.90625,3.4375,0.8125,1.09375,0.28125,0.21875,2.25,0.5270957341269841,0.3690104166666667,0.6845982142857143,0.10273140999227649,0.15512059516993723,0.14101884228644568,-1.1875,2.46875,1.0
CJ Williamson,4.34375,20.3125,3.84375,1.125,0.09375,0.4375,0.25,0.4375,0.03125,0.1875,0.59375,0.14583333333333331,0.049479166666666664,0.0875,0.018636750725280083,0.031138242240215927,0.017770500469924812,-0.4375,2.46875,0.0
Devaugntah Williams,25.6875,90.46875,21.875,10.28125,1.0,2.0625,1.59375,1.53125,0.21875,0.78125,1.71875,0.40138888888888885,0.22199900793650792,0.5567708333333333,0.1464257096599612,0.1960055303188527,0.1299913614833361,-1.0625,2.46875,1.0
Devon Thomas,12.125,70.25,11.9375,2.375,0.15625,1.0625,1.375,0.84375,0.03125,0.4375,1.0,0.3864583333333333,0.078125,0.1484375,0.04566347650203409,0.03216616701402885,0.026654571954311063,-0.75,2.46875,0.0
Isaiah Manderson,1.0625,7.59375,2.25,0.375,0.0625,0.15625,0.0,0.125,0.0,0.0,0.09375,0.04427083333333333,0.0,0.03125,0.008759920634920634,0.001644736842105263,0.0036102484472049683,-0.25,2.46875,0.0
Jordan Jackson,3.8125,6.3125,1.125,0.8125,0.125,0.40625,0.21875,0.1875,0.0625,0.0625,0.28125,0.1484375,0.03125,0.015625,0.01951364847979118,0.017369779952016794,0.01232263652862564,-0.125,2.46875,0.0
Justin Gray,21.4375,96.65625,15.625,8.15625,1.40625,2.03125,0.75,1.09375,0.53125,0.8125,2.0,0.4954613095238095,0.1947172619047619,0.5345982142857142,0.09558999035677435,0.08748850823275166,0.12483223675834666,0.5,2.46875,1.0
Keenan Evans,24.78125,98.90625,20.09375,8.5,0.46875,2.25,2.6875,1.71875,0.3125,1.0,2.34375,0.44305555555555554,0.2375,0.5796750992063492,0.11830555373919578,0.08937652031813216,0.1635163949690353,-0.8125,2.46875,1.0
Matthew Temple,9.4375,46.125,8.8125,2.6875,0.5625,0.75,0.5,0.59375,0.25,0.1875,2.0,0.33753720238095236,0.09375,0.14791666666666667,0.05823586889390566,0.009286964406207828,0.03573288690476191,-0.3125,2.46875,0.0
Norense Odiase,11.1875,45.03125,12.0,5.21875,1.0,1.59375,0.53125,1.0,0.4375,0.15625,1.6875,0.3105829066766567,0.0,0.1958333333333333,0.10697419451972792,0.0014204545454545455,0.05302540615657083,-0.8125,2.46875,1.0
Toddrick Gotcher,27.75,120.125,17.25,10.75,0.96875,2.5,2.1875,0.78125,0.3125,1.0,2.09375,0.40974702380952377,0.34620535714285716,0.58203125,0.07864806513002108,0.30718455216810475,0.10016679991674053,1.0625,2.46875,1.0
Zach Smith,31.90625,106.125,16.59375,9.78125,1.78125,5.40625,1.71875,1.46875,1.40625,0.84375,1.59375,0.5133775946275946,0.08333333333333333,0.5809771825396826,0.16926541136611165,0.040547948792192215,0.1601081141246965,1.5625,2.46875,1.0
