,MP,ORtg,%Ps,Pts,OR,DR,A,TO,Blk,Stl,PF,2Pt %,3Pt %,FT %,2Pt %Att,3Pt %Att,FT %Att,Pnts-Prev,Marg,Maj Cont
Bennie Boatwright,11.972222222222221,48.138888888888886,10.277777777777779,6.472222222222222,0.6388888888888888,1.2777777777777777,0.7222222222222222,0.7222222222222222,0.16666666666666666,0.19444444444444445,0.9166666666666666,0.2041666666666667,0.14323693282026614,0.3460648148148148,0.04660410930044326,0.1282720517854789,0.07883150506152177,-0.7222222222222222,5.055555555555555,1.0
Charles Buggs,5.777777777777778,26.77777777777778,2.388888888888889,1.5277777777777777,0.2222222222222222,0.9166666666666666,0.1111111111111111,0.25,0.2777777777777778,0.19444444444444445,1.0277777777777777,0.24537037037037035,0.19444444444444445,0.09722222222222222,0.015578133480992132,0.017990775874547803,0.009469899820777013,0.4444444444444444,5.055555555555555,0.0
Chimezie Metu,28.583333333333332,98.86111111111111,20.61111111111111,13.25,1.7777777777777777,5.416666666666667,1.2222222222222223,2.0277777777777777,1.4166666666666667,0.75,2.361111111111111,0.5035182772927871,0.027777777777777776,0.6465939153439153,0.24624826411159795,0.002380952380952381,0.2019687653476729,0.2777777777777778,5.055555555555555,1.0
De'Anthony Melton,25.055555555555557,99.69444444444444,17.583333333333332,7.972222222222222,1.2777777777777777,3.1944444444444446,3.138888888888889,1.6666666666666667,0.9166666666666666,1.8333333333333333,2.0555555555555554,0.43766233766233764,0.20879629629629629,0.5131613756613755,0.10468566502996995,0.0964483748691938,0.12771031004632583,2.1666666666666665,5.055555555555555,1.0
Elijah Stewart,26.916666666666668,97.97222222222223,17.083333333333332,11.36111111111111,1.1944444444444444,2.5,1.1111111111111112,0.9722222222222222,1.1111111111111112,0.7222222222222222,2.4722222222222223,0.43377425044091716,0.31312745896079236,0.4826388888888889,0.1110222620670939,0.22738956803976956,0.09475635363762111,1.7222222222222223,5.055555555555555,1.0
Harrison Henderson,1.3888888888888888,2.9722222222222223,1.0833333333333333,0.4722222222222222,0.027777777777777776,0.3055555555555556,0.05555555555555555,0.05555555555555555,0.1111111111111111,0.05555555555555555,0.1388888888888889,0.06481481481481483,0.041666666666666664,0.05555555555555555,0.006336713485647242,0.006222253796848852,0.014432234432234434,0.2222222222222222,5.055555555555555,0.0
Jonah Mathews,18.305555555555557,80.5,14.333333333333334,6.472222222222222,0.3333333333333333,1.3333333333333333,1.0555555555555556,0.5,0.05555555555555555,0.8611111111111112,1.1388888888888888,0.3498456790123457,0.2443452380952381,0.32499999999999996,0.06308960256934806,0.15589131850340737,0.06797308744795069,0.8333333333333334,5.055555555555555,1.0
Jordan McLaughlin,31.083333333333332,106.52777777777777,18.805555555555557,12.0,0.6944444444444444,2.4166666666666665,5.027777777777778,2.0277777777777777,0.1111111111111111,1.3888888888888888,0.8055555555555556,0.4253444222806968,0.40892857142857136,0.6894290123456791,0.15446573949709463,0.14624210701017434,0.1307765872820315,-1.0555555555555556,5.055555555555555,1.0
Nick Rakocevic,13.777777777777779,92.16666666666667,14.472222222222221,4.777777777777778,1.6388888888888888,1.9166666666666667,0.4444444444444444,0.8333333333333334,0.6388888888888888,0.2222222222222222,2.2777777777777777,0.47572751322751317,0.0,0.4217592592592593,0.08036136960575575,0.0,0.10179640567004858,0.05555555555555555,5.055555555555555,0.0
Shaqquan Aaron,20.11111111111111,92.44444444444444,17.27777777777778,7.583333333333333,0.8611111111111112,2.2222222222222223,1.1388888888888888,0.8888888888888888,0.16666666666666666,0.3888888888888889,1.2222222222222223,0.4057098765432099,0.2534501763668431,0.4444444444444444,0.0882748075187239,0.13582926440629361,0.08895151792048278,-0.6666666666666666,5.055555555555555,0.0
