,MP,ORtg,%Ps,Pts,OR,DR,A,TO,Blk,Stl,PF,2Pt %,3Pt %,FT %,2Pt %Att,3Pt %Att,FT %Att,Pnts-Prev,Marg,Maj Cont
Ahmad Walker,28.21212121212121,95.75757575757575,23.78787878787879,10.121212121212121,1.4545454545454546,5.0606060606060606,4.121212121212121,3.0606060606060606,0.24242424242424243,1.0,2.757575757575758,0.5045454545454547,0.17979797979797982,0.6056965761511216,0.1342027060465587,0.10350199561521285,0.20809168821473176,-3.6363636363636362,12.969696969696969,1.0
Bryan Sekunda,15.151515151515152,84.57575757575758,11.333333333333334,5.515151515151516,0.3333333333333333,0.8787878787878788,1.0303030303030303,0.5151515151515151,0.030303030303030304,0.30303030303030304,0.7272727272727273,0.21464646464646464,0.31529581529581535,0.08333333333333333,0.030068588757946102,0.1934443520600351,0.015514894462262884,-0.36363636363636365,12.969696969696969,0.0
Carson Puriefoy,32.63636363636363,105.0,22.757575757575758,14.636363636363637,0.6363636363636364,2.515151515151515,3.0,2.3636363636363638,0.36363636363636365,1.2121212121212122,2.212121212121212,0.36992544492544494,0.3908739408739408,0.7016955266955268,0.1307706146994948,0.34677885369334127,0.2026917657632669,-1.5757575757575757,12.969696969696969,1.0
Deshaun Thrower,6.545454545454546,20.90909090909091,3.696969696969697,1.3333333333333333,0.09090909090909091,0.42424242424242425,0.3939393939393939,0.18181818181818182,0.030303030303030304,0.12121212121212122,0.6060606060606061,0.1356060606060606,0.027777777777777776,0.09595959595959595,0.02637146219275936,0.04089582470993158,0.011761221234905445,-0.06060606060606061,12.969696969696969,1.0
Jakub Petras,2.696969696969697,12.93939393939394,1.393939393939394,0.6666666666666666,0.24242424242424243,0.36363636363636365,0.12121212121212122,0.06060606060606061,0.09090909090909091,0.06060606060606061,0.30303030303030304,0.1414141414141414,0.0,0.045454545454545456,0.01479464925216797,0.0,0.005339105339105339,0.18181818181818182,12.969696969696969,0.0
Jameel Warney,31.87878787878788,126.3030303030303,24.696969696969695,19.151515151515152,4.2727272727272725,6.090909090909091,1.5757575757575757,1.2424242424242424,2.909090909090909,0.9393939393939394,2.090909090909091,0.6201245328250677,0.0,0.621933621933622,0.29906173224826604,0.0,0.27171961001413153,5.212121212121212,12.969696969696969,1.0
Kameron Mitchell,6.696969696969697,27.757575757575758,3.121212121212121,0.8484848484848485,0.12121212121212122,0.30303030303030304,0.3939393939393939,0.24242424242424243,0.0,0.21212121212121213,0.6666666666666666,0.0707070707070707,0.06060606060606061,0.0101010101010101,0.010176428367957848,0.030201778498992124,0.0018181818181818182,-0.06060606060606061,12.969696969696969,0.0
Lucas Woodhouse,23.96969696969697,108.45454545454545,11.878787878787879,6.121212121212121,0.15151515151515152,2.1818181818181817,3.303030303030303,1.0909090909090908,0.030303030303030304,0.9090909090909091,1.303030303030303,0.3059163059163059,0.3813852813852813,0.2893939393939394,0.02786213406819951,0.1829048644437049,0.04339606727888523,-0.30303030303030304,12.969696969696969,1.0
Rayshaun McGrew,25.87878787878788,97.81818181818181,19.333333333333332,10.121212121212121,1.7878787878787878,3.8484848484848486,1.1818181818181819,1.1515151515151516,0.30303030303030304,0.5151515151515151,1.9090909090909092,0.4794088066815339,0.0,0.312950937950938,0.21235499107066533,0.0056353003721424785,0.12246148564483343,-0.6666666666666666,12.969696969696969,1.0
Roland Nyama,9.212121212121213,58.18181818181818,6.9393939393939394,2.878787878787879,0.30303030303030304,1.0909090909090908,0.3939393939393939,0.3939393939393939,0.18181818181818182,0.15151515151515152,1.1515151515151516,0.22727272727272727,0.22474747474747475,0.1790633608815427,0.0226319090000427,0.0646504986201079,0.04128321612511336,-0.12121212121212122,12.969696969696969,0.0
Tyrell Sturdivant,11.484848484848484,69.24242424242425,11.090909090909092,3.0,1.5454545454545454,1.9696969696969697,0.5757575757575758,0.5757575757575758,0.2727272727272727,0.5757575757575758,1.696969696969697,0.3798701298701299,0.030303030303030304,0.21212121212121213,0.061401753992911416,0.0016835016835016834,0.04561973380155197,0.5454545454545454,12.969696969696969,1.0
