,MP,ORtg,%Ps,Pts,OR,DR,A,TO,Blk,Stl,PF,2Pt %,3Pt %,FT %,2Pt %Att,3Pt %Att,FT %Att,Pnts-Prev,Marg,Maj Cont
Chris Silva,17.37837837837838,86.89189189189189,20.027027027027028,8.45945945945946,1.8108108108108107,3.081081081081081,0.2702702702702703,1.7297297297297298,1.162162162162162,0.5135135135135135,3.324324324324324,0.4783510783510784,0.0,0.5502895752895753,0.13281850028915113,0.001801801801801802,0.16618011860248152,-0.10810810810810811,6.5675675675675675,1.0
Duane Notice,28.37837837837838,86.62162162162163,13.783783783783784,8.72972972972973,0.6756756756756757,1.3783783783783783,1.945945945945946,1.2432432432432432,0.1891891891891892,0.8918918918918919,1.2702702702702702,0.337966537966538,0.2543221793221793,0.4424710424710425,0.060713042939001774,0.24144537688265622,0.10381325326599544,-0.32432432432432434,6.5675675675675675,1.0
Hassani Gravett,14.702702702702704,55.513513513513516,10.891891891891891,2.945945945945946,0.40540540540540543,0.972972972972973,1.2432432432432432,1.0,0.02702702702702703,0.3783783783783784,1.2432432432432432,0.24954954954954953,0.14144144144144144,0.19369369369369369,0.04246968511976481,0.08734320080620976,0.03859980745429662,-1.1891891891891893,6.5675675675675675,0.0
Jarrell Holliman,2.4054054054054053,11.054054054054054,0.5405405405405406,0.21621621621621623,0.10810810810810811,0.16216216216216217,0.05405405405405406,0.05405405405405406,0.02702702702702703,0.0,0.4594594594594595,0.05405405405405406,0.0,0.02702702702702703,0.006117075400912292,0.0,0.002702702702702703,-0.05405405405405406,6.5675675675675675,0.0
Justin McKie,15.162162162162161,78.86486486486487,9.378378378378379,3.675675675675676,0.5945945945945946,1.2162162162162162,1.1081081081081081,0.5405405405405406,0.08108108108108109,0.4864864864864865,1.1891891891891893,0.2531531531531532,0.29819819819819815,0.18918918918918917,0.0494005090968398,0.08743734016731294,0.028454363041477377,0.05405405405405406,6.5675675675675675,0.0
Khadim Gueye,5.351351351351352,26.43243243243243,1.3513513513513513,0.2972972972972973,0.21621621621621623,0.4864864864864865,0.05405405405405406,0.2702702702702703,0.1891891891891892,0.05405405405405406,1.1081081081081081,0.02702702702702703,0.0,0.04054054054054054,0.0076941534912926424,0.0,0.011229086229086228,-0.05405405405405406,6.5675675675675675,0.0
Maik Kotsar,20.54054054054054,77.24324324324324,13.027027027027026,5.135135135135135,1.7297297297297298,2.5675675675675675,0.5135135135135135,1.0810810810810811,0.3783783783783784,0.5675675675675675,2.7837837837837838,0.4450582450582451,0.0,0.19787644787644787,0.1178901621347514,0.0,0.05621071977589539,-0.2702702702702703,6.5675675675675675,1.0
PJ Dozier,24.135135135135137,80.27027027027027,23.324324324324323,11.432432432432432,0.918918918918919,3.108108108108108,2.4054054054054053,1.7837837837837838,0.21621621621621623,1.4054054054054055,2.3783783783783785,0.35558305631835035,0.25183397683397685,0.37807807807807814,0.1909904954937897,0.1781022829553653,0.12780818484076512,-0.32432432432432434,6.5675675675675675,1.0
Rakym Felder,11.72972972972973,52.08108108108108,12.945945945945946,4.513513513513513,0.1891891891891892,0.9459459459459459,1.0810810810810811,1.2432432432432432,0.10810810810810811,0.4864864864864865,1.054054054054054,0.17162162162162162,0.21917631917631922,0.3063063063063063,0.0401128324098564,0.0965820759517758,0.06397942302433068,-1.2972972972972974,6.5675675675675675,1.0
Ran Tut,1.6486486486486487,3.1621621621621623,0.35135135135135137,0.32432432432432434,0.10810810810810811,0.2972972972972973,0.05405405405405406,0.02702702702702703,0.08108108108108109,0.08108108108108109,0.08108108108108109,0.05405405405405406,0.0,0.0,0.009784191210242182,0.0015015015015015015,0.0,0.2702702702702703,6.5675675675675675,0.0
Sedee Keita,6.72972972972973,19.89189189189189,4.297297297297297,0.8648648648648649,0.4864864864864865,0.918918918918919,0.08108108108108109,0.40540540540540543,0.24324324324324326,0.16216216216216217,0.972972972972973,0.10225225225225225,0.0,0.07882882882882883,0.02685059840247145,0.003003003003003003,0.02423963195310444,0.0,6.5675675675675675,0.0
Sindarius Thornwell,23.945945945945947,84.13513513513513,20.10810810810811,14.72972972972973,1.7297297297297298,3.2972972972972974,2.0,1.6756756756756757,0.6486486486486487,1.5405405405405406,1.6216216216216217,0.3211773608832433,0.2595062595062595,0.5964502839502839,0.17028965173677718,0.1535994714140299,0.2351283274554828,1.027027027027027,6.5675675675675675,1.0
TeMarcus Blanton,3.2972972972972974,13.297297297297296,1.3513513513513513,0.7567567567567568,0.21621621621621623,0.3783783783783784,0.05405405405405406,0.13513513513513514,0.0,0.16216216216216217,0.2702702702702703,0.10135135135135136,0.06756756756756757,0.0472972972972973,0.009733967140014198,0.0140488103812087,0.006519246519246519,0.05405405405405406,6.5675675675675675,0.0
