,MP,ORtg,%Ps,Pts,OR,DR,A,TO,Blk,Stl,PF,2Pt %,3Pt %,FT %,2Pt %Att,3Pt %Att,FT %Att,Pnts-Prev,Marg,Maj Cont
Anthony Gill,23.5,113.41176470588235,23.705882352941178,10.823529411764707,2.823529411764706,3.3823529411764706,0.7647058823529411,1.1176470588235294,0.4411764705882353,0.8235294117647058,1.9705882352941178,0.5455091885238945,0.0,0.6036838978015449,0.18400896510249273,0.00326797385620915,0.2462752353353117,0.29411764705882354,13.735294117647058,1.0
BJ Stith,1.8529411764705883,5.5588235294117645,1.4705882352941178,0.38235294117647056,0.0,0.23529411764705882,0.11764705882352941,0.08823529411764706,0.0,0.058823529411764705,0.058823529411764705,0.04901960784313725,0.029411764705882353,0.029411764705882353,0.0057231555363945405,0.013931983049630108,0.006862745098039216,-0.058823529411764705,13.735294117647058,0.0
Darion Atkins,21.676470588235293,89.32352941176471,18.11764705882353,6.823529411764706,1.7647058823529411,3.411764705882353,0.6176470588235294,1.0588235294117647,0.9705882352941176,0.7647058823529411,1.7941176470588236,0.4909228843052373,0.0,0.29166666666666663,0.15929377425262864,0.0014005602240896359,0.09226610984083246,1.3529411764705883,13.735294117647058,1.0
Devon Hall,7.176470588235294,34.23529411764706,4.764705882352941,1.2352941176470589,0.058823529411764705,0.4411764705882353,0.5294117647058824,0.35294117647058826,0.029411764705882353,0.2647058823529412,0.5294117647058824,0.18627450980392155,0.11274509803921569,0.08823529411764706,0.019837711484900582,0.031150275138164412,0.028781219906980557,-0.11764705882352941,13.735294117647058,0.0
Evan Nolte,15.970588235294118,72.1470588235294,8.735294117647058,2.911764705882353,0.17647058823529413,1.1764705882352942,0.5882352941176471,0.4411764705882353,0.14705882352941177,0.5294117647058824,1.2058823529411764,0.2549019607843137,0.2117647058823529,0.14705882352941177,0.01740401589333989,0.16526165347532132,0.020632910763861725,0.47058823529411764,13.735294117647058,0.0
Isaiah Wilkins,7.617647058823529,38.470588235294116,7.294117647058823,1.3529411764705883,0.5588235294117647,1.411764705882353,0.3235294117647059,0.4411764705882353,0.5294117647058824,0.14705882352941177,0.7647058823529411,0.17745098039215687,0.058823529411764705,0.08823529411764706,0.03517333820530281,0.006930977519212813,0.01825396825396825,0.47058823529411764,13.735294117647058,0.0
Justin Anderson,19.794117647058822,81.29411764705883,15.764705882352942,8.647058823529411,0.5,2.411764705882353,1.2941176470588236,0.8235294117647058,0.38235294117647056,0.47058823529411764,0.7941176470588235,0.30980392156862746,0.2890522875816993,0.39834267040149396,0.08532117789662358,0.20744500597441773,0.11603336758673233,0.058823529411764705,13.735294117647058,1.0
London Perrantes,29.294117647058822,91.6470588235294,13.470588235294118,5.647058823529412,0.14705882352941177,2.0294117647058822,4.205882352941177,1.3823529411764706,0.17647058823529413,0.7352941176470589,1.1470588235294117,0.30140056022408956,0.269281045751634,0.357843137254902,0.06637539523306638,0.18178062806090486,0.0816887291472663,-0.9411764705882353,13.735294117647058,1.0
Malcolm Brogdon,30.352941176470587,106.38235294117646,23.264705882352942,13.088235294117647,0.4411764705882353,3.264705882352941,2.323529411764706,1.588235294117647,0.4117647058823529,0.6470588235294118,1.8529411764705883,0.4416358967829557,0.3151960784313725,0.6188842203548086,0.18280964135738192,0.2365644471829593,0.19225247650704042,-1.0588235294117647,13.735294117647058,1.0
Marial Shayok,13.823529411764707,74.79411764705883,11.882352941176471,3.5,0.23529411764705882,1.4705882352941178,1.0,0.5882352941176471,0.29411764705882354,0.5294117647058824,1.2647058823529411,0.2897058823529412,0.26666666666666666,0.13725490196078433,0.04790522698480116,0.09197237787203186,0.028645210998152173,0.47058823529411764,13.735294117647058,1.0
Mike Tobey,16.61764705882353,100.52941176470588,19.705882352941178,6.705882352941177,1.8235294117647058,3.0588235294117645,0.35294117647058826,0.7647058823529411,0.6470588235294118,0.2647058823529412,1.911764705882353,0.4769140989729224,0.0,0.48354341736694684,0.13732406864130314,0.0014705882352941176,0.1094844971500502,0.29411764705882354,13.735294117647058,0.0
