,MP,ORtg,%Ps,Pts,OR,DR,A,TO,Blk,Stl,PF,2Pt %,3Pt %,FT %,2Pt %Att,3Pt %Att,FT %Att,Pnts-Prev,Marg,Maj Cont
Chris Wilson,32.61764705882353,96.29411764705883,16.176470588235293,8.735294117647058,0.4117647058823529,3.088235294117647,2.676470588235294,1.7941176470588236,0.17647058823529413,0.7058823529411765,1.1470588235294117,0.4427521008403361,0.3346702317290553,0.4692577030812325,0.1045062750806232,0.1976672350928526,0.09902792874661255,-1.8235294117647058,4.205882352941177,1.0
Daryus Quarles,8.0,32.205882352941174,6.176470588235294,1.7058823529411764,0.20588235294117646,0.5294117647058824,0.23529411764705882,0.3235294117647059,0.029411764705882353,0.20588235294117646,0.6470588235294118,0.2426470588235294,0.06862745098039215,0.16470588235294117,0.02631392738350351,0.04349356910462387,0.029302127523190138,-0.17647058823529413,4.205882352941177,0.0
DeAndre' Bembry,31.235294117647058,95.97058823529412,22.0,11.676470588235293,1.0294117647058822,3.3529411764705883,2.6470588235294117,2.411764705882353,0.5588235294117647,0.9411764705882353,2.5,0.47013574660633484,0.3485294117647058,0.4988795518207283,0.17824177474092556,0.15667828120437943,0.1912778288039314,-1.8235294117647058,4.205882352941177,1.0
Evan Maschmeyer,3.588235294117647,11.558823529411764,3.0588235294117645,0.7352941176470589,0.11764705882352941,0.20588235294117646,0.23529411764705882,0.38235294117647056,0.0,0.029411764705882353,0.3235294117647059,0.06127450980392156,0.04901960784313725,0.08823529411764706,0.014901563850217188,0.01386706215053071,0.014808018603085015,-0.7058823529411765,4.205882352941177,0.0
Halil Kanacevic,30.88235294117647,103.20588235294117,21.529411764705884,10.411764705882353,1.9411764705882353,6.617647058823529,4.235294117647059,2.7941176470588234,1.5,0.6764705882352942,3.5588235294117645,0.5360612426788897,0.2534313725490196,0.45448179271708683,0.17779012114497905,0.06962444210954938,0.16883783308237077,-1.2352941176470589,4.205882352941177,1.0
Isaiah Miles,7.647058823529412,39.0,7.382352941176471,2.4705882352941178,0.5882352941176471,0.7941176470588235,0.23529411764705882,0.5588235294117647,0.2647058823529412,0.11764705882352941,0.9705882352941176,0.2181372549019608,0.17745098039215687,0.1323529411764706,0.024054539664529657,0.06648067577105018,0.021568627450980395,-0.35294117647058826,4.205882352941177,0.0
Javon Baumann,2.588235294117647,7.794117647058823,1.0294117647058822,0.6764705882352942,0.3235294117647059,0.47058823529411764,0.08823529411764706,0.20588235294117646,0.058823529411764705,0.029411764705882353,0.2647058823529412,0.11176470588235293,0.0,0.03676470588235294,0.018890938761625165,0.0,0.025701670246262277,-0.23529411764705882,4.205882352941177,0.0
Kyle Molock,0.8235294117647058,0.0,0.0,0.058823529411764705,0.0,0.0,0.029411764705882353,0.17647058823529413,0.0,0.0,0.058823529411764705,0.0,0.0,0.029411764705882353,0.0007173601147776184,0.0,0.00392156862745098,-0.35294117647058826,4.205882352941177,0.0
Langston Galloway,34.88235294117647,118.70588235294117,19.794117647058822,16.970588235294116,0.7941176470588235,3.3823529411764706,1.4705882352941178,0.7647058823529411,0.5,1.0294117647058822,2.2941176470588234,0.4258636788048552,0.38787984890926064,0.6292345726169256,0.16253970002005536,0.3582313217446347,0.16179764716241782,1.5294117647058822,4.205882352941177,1.0
Papa Ndao,10.441176470588236,66.17647058823529,6.382352941176471,2.323529411764706,0.2647058823529412,0.9117647058823529,0.5294117647058824,0.5,0.11764705882352941,0.2647058823529412,1.1470588235294117,0.20098039215686272,0.2558823529411765,0.14705882352941177,0.014984503693555026,0.06454564811649677,0.012690152984270633,-0.23529411764705882,4.205882352941177,0.0
Ronald Roberts,30.08823529411765,104.08823529411765,20.676470588235293,13.117647058823529,2.5588235294117645,4.147058823529412,1.2058823529411764,1.7941176470588236,1.2352941176470589,0.3235294117647059,2.264705882352941,0.5566447441447442,0.0,0.552471629677512,0.24764753083932647,0.0,0.24165483206354565,-0.47058823529411764,4.205882352941177,1.0
