,MP,ORtg,%Ps,Pts,OR,DR,A,TO,Blk,Stl,PF,2Pt %,3Pt %,FT %,2Pt %Att,3Pt %Att,FT %Att,Pnts-Prev,Marg,Maj Cont
Camron Justice,1.8571428571428572,6.057142857142857,1.1714285714285715,0.34285714285714286,0.0,0.17142857142857143,0.2,0.11428571428571428,0.0,0.08571428571428572,0.14285714285714285,0.05714285714285714,0.02857142857142857,0.05238095238095238,0.008396264302822578,0.009740483808806792,0.007769423558897244,-0.05714285714285714,3.0285714285714285,0.0
Clevon Brown,7.285714285714286,33.542857142857144,5.942857142857143,1.5714285714285714,0.45714285714285713,0.9714285714285714,0.08571428571428572,0.45714285714285713,0.4,0.0,1.0,0.17857142857142858,0.11428571428571428,0.09523809523809523,0.024268840969671225,0.028267872113321504,0.016059033331200824,-0.11428571428571428,3.0285714285714285,0.0
Djery Baptiste,7.771428571428571,29.4,5.3428571428571425,1.8,0.6857142857142857,1.1142857142857143,0.02857142857142857,0.6571428571428571,0.4,0.11428571428571428,1.6571428571428573,0.3609523809523809,0.0,0.17142857142857143,0.04852683844988296,0.0,0.0240214374718983,-0.2857142857142857,3.0285714285714285,0.0
Jeff Roberson,30.8,104.11428571428571,19.8,10.714285714285714,1.9428571428571428,5.0,1.7142857142857142,1.8,0.37142857142857144,0.8,2.5428571428571427,0.45921768707482996,0.3006122448979592,0.5836507936507935,0.176629350607202,0.12647330042150426,0.1901237832854908,-1.2571428571428571,3.0285714285714285,1.0
Joe Toye,20.37142857142857,86.02857142857142,16.571428571428573,6.228571428571429,0.5428571428571428,2.0,1.0571428571428572,1.2285714285714286,0.14285714285714285,0.34285714285714286,1.9142857142857144,0.3552380952380952,0.290578231292517,0.42210884353741496,0.10222348700467349,0.08160466470513739,0.12877453620708082,-1.4857142857142858,3.0285714285714285,1.0
Luke Kornet,30.485714285714284,108.22857142857143,21.485714285714284,12.82857142857143,1.4857142857142858,4.571428571428571,1.2,1.2857142857142858,1.9428571428571428,0.5142857142857142,2.1714285714285713,0.5305804512947371,0.2954308390022676,0.7202380952380951,0.18859291088566202,0.16905221424568065,0.19792848519697157,2.342857142857143,3.0285714285714285,1.0
Matthew Fisher-Davis,26.17142857142857,95.34285714285714,22.542857142857144,12.857142857142858,0.3142857142857143,2.7142857142857144,0.9714285714285714,1.457142857142857,0.2,0.5714285714285714,1.9428571428571428,0.43827664399092975,0.33052154195011346,0.5732714904143476,0.1310226795481047,0.2373339417267727,0.170366849986221,-1.3714285714285714,3.0285714285714285,1.0
Nolan Cressler,22.885714285714286,112.42857142857143,16.514285714285716,7.685714285714286,0.7714285714285715,3.2,1.7428571428571429,1.2,0.0,0.5428571428571428,1.7142857142857142,0.5532993197278911,0.4404761904761905,0.3133333333333334,0.12869278639299112,0.08551634299964961,0.059015666197775894,-1.3142857142857143,3.0285714285714285,1.0
Payton Willis,17.085714285714285,79.94285714285714,17.485714285714284,5.0285714285714285,0.34285714285714286,1.3714285714285714,1.8,1.6,0.17142857142857143,0.45714285714285713,1.0,0.58,0.23714285714285716,0.2833333333333334,0.061380927957644514,0.08442006711637437,0.07546634897214488,-1.9428571428571428,3.0285714285714285,1.0
Riley LaChance,30.285714285714285,118.77142857142857,17.057142857142857,10.17142857142857,0.2,3.0285714285714285,3.8,1.8285714285714285,0.02857142857142857,0.5714285714285714,2.0285714285714285,0.41880952380952385,0.4636054421768707,0.5045238095238095,0.1016944853099168,0.14901968429132417,0.10190300722089016,-2.4571428571428573,3.0285714285714285,1.0
