,MP,ORtg,%Ps,Pts,OR,DR,A,TO,Blk,Stl,PF,2Pt %,3Pt %,FT %,2Pt %Att,3Pt %Att,FT %Att,Pnts-Prev,Marg,Maj Cont
Alex Barlow,17.52777777777778,81.77777777777777,8.61111111111111,1.8333333333333333,0.3333333333333333,2.0833333333333335,1.8333333333333333,1.0833333333333333,0.05555555555555555,1.0555555555555556,2.4166666666666665,0.2916666666666667,0.07592592592592592,0.17129629629629628,0.01957189760704898,0.0397670157562135,0.028275526518990575,0.05555555555555555,5.166666666666667,1.0
Andrew Smith,24.833333333333332,106.72222222222223,19.36111111111111,10.13888888888889,1.8333333333333333,3.4166666666666665,1.3333333333333333,1.1111111111111112,0.5,0.5555555555555556,2.638888888888889,0.5049374236874236,0.2314814814814815,0.5275200108533443,0.15638429571263784,0.08456139654646631,0.2095482578129935,-0.1111111111111111,5.166666666666667,1.0
Chase Stigall,10.0,48.111111111111114,7.944444444444445,1.8333333333333333,0.2222222222222222,1.0555555555555556,0.7777777777777778,0.6944444444444444,0.0,0.3333333333333333,0.8888888888888888,0.05555555555555555,0.16018518518518518,0.1527777777777778,0.005894457402343166,0.08352035621337794,0.027348442620181754,-0.7222222222222222,5.166666666666667,0.0
Erik Fromm,10.555555555555555,69.0,11.63888888888889,3.1666666666666665,1.0,1.4444444444444444,0.1111111111111111,0.6111111111111112,0.08333333333333333,0.25,1.6666666666666667,0.3634259259259259,0.13518518518518519,0.12268518518518519,0.039820160033235595,0.07181265926445293,0.033473539020446294,-0.5555555555555556,5.166666666666667,1.0
Jackson Aldridge,4.027777777777778,9.11111111111111,1.8333333333333333,0.5555555555555556,0.027777777777777776,0.4722222222222222,0.4722222222222222,0.4166666666666667,0.0,0.1388888888888889,0.4166666666666667,0.03333333333333333,0.041666666666666664,0.07592592592592592,0.012318314401647735,0.012361619861619861,0.020609536662168238,-0.5555555555555556,5.166666666666667,0.0
Kameron Woods,15.916666666666666,92.22222222222223,14.416666666666666,4.361111111111111,1.2777777777777777,3.2222222222222223,0.6944444444444444,1.0277777777777777,0.5555555555555556,0.5277777777777778,1.6388888888888888,0.5007455507455507,0.027777777777777776,0.3171296296296296,0.08750966140374475,0.005347557702630166,0.06464157543054111,0.1111111111111111,5.166666666666667,1.0
Kellen Dunham,24.97222222222222,114.05555555555556,17.77777777777778,9.333333333333334,0.5555555555555556,2.111111111111111,1.0833333333333333,0.9722222222222222,0.1111111111111111,0.5555555555555556,1.1944444444444444,0.37347883597883597,0.3119598765432099,0.6567460317460319,0.07249437947051313,0.2508413709917763,0.14626118792748677,-0.6111111111111112,5.166666666666667,1.0
Khyle Marshall,20.77777777777778,105.63888888888889,21.75,9.305555555555555,1.6944444444444444,2.7222222222222223,0.3055555555555556,0.9444444444444444,0.4166666666666667,0.4166666666666667,1.5833333333333333,0.5235549943883278,0.0,0.4226851851851852,0.2064350460490753,0.003472222222222222,0.12606992769898934,-0.2222222222222222,5.166666666666667,1.0
Roosevelt Jones,28.694444444444443,94.69444444444444,23.22222222222222,9.527777777777779,2.0,3.4166666666666665,3.3055555555555554,2.6944444444444446,0.4722222222222222,0.8333333333333334,2.6666666666666665,0.4584297646797646,0.0,0.3891273849607183,0.22267215250040515,0.003472222222222222,0.18464104315938498,-2.7777777777777777,5.166666666666667,1.0
Rotnei Clarke,28.61111111111111,97.5,22.5,14.38888888888889,0.3888888888888889,2.111111111111111,2.361111111111111,2.5,0.027777777777777776,0.6388888888888888,1.3611111111111112,0.3495590828924162,0.36533027158027154,0.5480158730158731,0.12134407986379278,0.38928802366346305,0.10357540759326193,-3.6666666666666665,5.166666666666667,1.0
