,MP,ORtg,%Ps,Pts,OR,DR,A,TO,Blk,Stl,PF,2Pt %,3Pt %,FT %,2Pt %Att,3Pt %Att,FT %Att,Pnts-Prev,Marg,Maj Cont
Blake Metcalf,18.742857142857144,92.6,14.4,3.6285714285714286,1.1428571428571428,2.8,0.8857142857142857,1.1428571428571428,0.6285714285714286,0.4,1.7428571428571429,0.5273469387755102,0.0,0.16714285714285712,0.08327755276564615,0.0012987012987012987,0.06694532858977317,-0.22857142857142856,4.0,0.0
DJ Evans,9.285714285714286,37.97142857142857,8.342857142857143,2.2857142857142856,0.17142857142857143,0.6,0.4857142857142857,0.6,0.05714285714285714,0.22857142857142856,0.6857142857142857,0.1333333333333333,0.19523809523809524,0.20000000000000004,0.038137012800131695,0.05566241228426102,0.03335378595882797,-0.6285714285714286,4.0,0.0
Gary Johnson,9.285714285714286,38.74285714285714,8.142857142857142,2.2857142857142856,0.5714285714285714,0.9714285714285714,0.34285714285714286,0.6,0.14285714285714285,0.34285714285714286,0.6857142857142857,0.19897959183673466,0.0,0.18537414965986396,0.06538433071642613,0.0036796536796536794,0.061500297088532385,-0.22857142857142856,4.0,1.0
Jacob Iati,32.48571428571429,118.94285714285714,17.485714285714284,11.742857142857142,0.2857142857142857,1.6,1.542857142857143,1.2285714285714286,0.0,0.7142857142857143,1.7142857142857142,0.3580952380952381,0.39846748489605627,0.5080952380952382,0.07364687542933411,0.3848019728318268,0.10674306459856332,-1.0285714285714285,4.0,1.0
Jayson Guerrier,12.114285714285714,65.2,11.82857142857143,3.342857142857143,0.45714285714285713,0.9428571428571428,0.42857142857142855,0.6285714285714286,0.05714285714285714,0.14285714285714285,0.5428571428571428,0.3333333333333333,0.19945578231292518,0.22619047619047616,0.03642845472093594,0.12069443618448485,0.03271764751770547,-0.8571428571428571,4.0,0.0
John Puk,20.457142857142856,97.34285714285714,16.057142857142857,5.2,1.0857142857142856,3.2,0.4857142857142857,1.3142857142857143,0.42857142857142855,0.17142857142857143,2.742857142857143,0.499546485260771,0.0,0.451904761904762,0.10857930437140648,0.0,0.08758435145142211,-1.4285714285714286,4.0,1.0
Luke Devlin,10.542857142857143,58.714285714285715,10.657142857142857,3.057142857142857,0.8,1.3428571428571427,0.4,0.5714285714285714,0.02857142857142857,0.3142857142857143,0.9428571428571428,0.30897959183673473,0.04285714285714286,0.17047619047619048,0.06441130264879902,0.024176558612648835,0.037138640307287085,-0.45714285714285713,4.0,1.0
Mike Black,31.257142857142856,96.34285714285714,27.485714285714284,14.571428571428571,0.7714285714285715,2.4,2.4,2.8285714285714287,0.05714285714285714,0.9714285714285714,1.8571428571428572,0.417547928262214,0.3485034013605442,0.6472562358276645,0.21275611660616703,0.2667479909397203,0.2637557575523193,-3.6,4.0,1.0
Peter Hooley,23.571428571428573,94.91428571428571,19.02857142857143,7.142857142857143,0.5142857142857142,2.4285714285714284,2.7714285714285714,1.8857142857142857,0.14285714285714285,0.7142857142857143,1.1428571428571428,0.42417233560090706,0.24238095238095236,0.5896258503401359,0.10209613263624377,0.11268617332836706,0.13381280264733075,-2.057142857142857,4.0,1.0
Sam Rowley,24.685714285714287,97.08571428571429,21.771428571428572,8.714285714285714,1.8,4.3428571428571425,1.0285714285714285,1.9714285714285715,0.4,1.2,3.1714285714285713,0.49749330035044326,0.0,0.5508843537414966,0.18671148873348112,0.0016806722689075631,0.1478768957168098,-0.7428571428571429,4.0,1.0
