,MP,ORtg,%Ps,Pts,OR,DR,A,TO,Blk,Stl,PF,2Pt %,3Pt %,FT %,2Pt %Att,3Pt %Att,FT %Att,Pnts-Prev,Marg,Maj Cont
David Stockton,17.37142857142857,92.57142857142857,14.742857142857142,3.4285714285714284,0.08571428571428572,1.542857142857143,3.1142857142857143,1.1714285714285715,0.02857142857142857,1.5142857142857142,1.2857142857142858,0.3595238095238095,0.16666666666666669,0.19999999999999998,0.05475478427186593,0.08706846354280155,0.045520052266033256,0.7428571428571429,17.17142857142857,1.0
Drew Barham,6.228571428571429,50.6,4.4,2.4571428571428573,0.2571428571428571,0.8285714285714286,0.3142857142857143,0.2,0.14285714285714285,0.14285714285714285,0.5428571428571428,0.11428571428571428,0.21095238095238095,0.10238095238095239,0.0066372357101552,0.07614452921396753,0.022623360938578328,0.17142857142857143,17.17142857142857,0.0
Elias Harris,25.057142857142857,111.17142857142858,25.885714285714286,13.657142857142857,1.8,5.0,1.4857142857142858,1.6285714285714286,0.5428571428571428,1.0571428571428572,1.8571428571428572,0.5290094825809112,0.1,0.6718210361067505,0.23160753074606402,0.08389900473977355,0.24764441015080396,-0.05714285714285714,17.17142857142857,1.0
Gary Bell,26.228571428571428,109.6,15.971428571428572,8.428571428571429,0.2857142857142857,1.7428571428571429,2.085714285714286,1.1142857142857143,0.0,0.7428571428571429,1.5714285714285714,0.36098639455782305,0.3377551020408164,0.3119047619047619,0.09394820691649176,0.22629573182925877,0.06174189337232815,-0.7428571428571429,17.17142857142857,1.0
Guy Landry Edi,9.428571428571429,42.91428571428571,7.857142857142857,2.657142857142857,0.45714285714285713,1.4,0.2857142857142857,0.5428571428571428,0.0,0.2571428571428571,0.7428571428571429,0.15666666666666668,0.1523809523809524,0.3148979591836734,0.044143018760252735,0.037365380614808534,0.07983377214606661,-0.5714285714285714,17.17142857142857,0.0
Kelly Olynyk,22.02857142857143,113.11428571428571,27.914285714285715,14.971428571428572,1.9714285714285715,4.2,1.4857142857142858,2.0,1.0,0.5714285714285714,1.9142857142857144,0.5905855255855258,0.17619047619047618,0.5669047619047619,0.2349158167345561,0.04666829443741352,0.22391709107547614,-0.8571428571428571,17.17142857142857,1.0
Kevin Pangos,30.02857142857143,119.17142857142858,17.714285714285715,10.857142857142858,0.4,2.1714285714285713,3.0285714285714285,1.3142857142857143,0.0,1.3428571428571427,1.8,0.4231972789115645,0.40098639455782314,0.45,0.10024050956067011,0.2823077730556145,0.10383169273925577,0.05714285714285714,17.17142857142857,1.0
Kyle Dranginis,9.571428571428571,50.65714285714286,7.771428571428571,2.742857142857143,0.4857142857142857,0.8857142857142857,0.9428571428571428,0.7142857142857143,0.11428571428571428,0.4,0.8571428571428571,0.29682539682539677,0.1020408163265306,0.14285714285714285,0.03452113366719023,0.048971488235953736,0.040498612640556375,-0.4,17.17142857142857,0.0
Mike Hart,15.771428571428572,129.17142857142858,5.942857142857143,1.8285714285714285,1.7428571428571429,1.5714285714285714,1.0571428571428572,0.22857142857142856,0.14285714285714285,0.8285714285714286,1.8,0.21428571428571427,0.22857142857142856,0.17142857142857143,0.01073401375712838,0.03092141338425207,0.02968065509031896,1.4857142857142858,17.17142857142857,0.0
Sam Dower,15.657142857142857,101.48571428571428,18.114285714285714,6.771428571428571,0.8857142857142857,1.7714285714285714,0.3142857142857143,0.8285714285714286,0.4,0.45714285714285713,1.3142857142857143,0.5323024594453165,0.05714285714285714,0.37666666666666665,0.13135489273276835,0.023215063803299095,0.0875656024377252,0.05714285714285714,17.17142857142857,0.0
