,MP,ORtg,%Ps,Pts,OR,DR,A,TO,Blk,Stl,PF,2Pt %,3Pt %,FT %,2Pt %Att,3Pt %Att,FT %Att,Pnts-Prev,Marg,Maj Cont
Aaron Moesch,1.3714285714285714,6.542857142857143,0.02857142857142857,0.11428571428571428,0.05714285714285714,0.08571428571428572,0.02857142857142857,0.02857142857142857,0.0,0.05714285714285714,0.11428571428571428,0.02857142857142857,0.0,0.02857142857142857,0.0013937282229965157,0.0,0.002597402597402598,0.05714285714285714,3.942857142857143,0.0
Alex Illikainen,8.714285714285714,34.74285714285714,5.714285714285714,1.9714285714285715,0.42857142857142855,0.8857142857142857,0.37142857142857144,0.2857142857142857,0.08571428571428572,0.17142857142857143,0.8857142857142857,0.1742857142857143,0.11666666666666665,0.12142857142857143,0.026548813001869034,0.042813569422370835,0.022023835377872645,-0.05714285714285714,3.942857142857143,0.0
Bronson Koenig,31.742857142857144,103.45714285714286,18.514285714285716,12.257142857142858,0.3142857142857143,1.9714285714285715,2.3142857142857145,1.3714285714285714,0.17142857142857143,0.2857142857142857,2.085714285714286,0.35220263863121,0.37900226757369615,0.488843537414966,0.12273519651923141,0.30956083837979576,0.1251552674769023,-1.8285714285714285,3.942857142857143,1.0
Charles Thomas,7.771428571428571,31.2,6.142857142857143,2.0,0.5714285714285714,1.0571428571428572,0.08571428571428572,0.14285714285714285,0.2857142857142857,0.14285714285714285,0.9142857142857143,0.21564625850340138,0.08095238095238094,0.10904761904761905,0.04202761455695857,0.0222899374838686,0.04579850564182362,0.5714285714285714,3.942857142857143,0.0
Ethan Happ,25.514285714285716,94.88571428571429,22.82857142857143,11.057142857142857,2.2,4.942857142857143,1.1142857142857143,1.9142857142857144,0.8285714285714286,1.6571428571428573,2.742857142857143,0.4753643578643579,0.0,0.4807570207570208,0.2187279841334456,0.0,0.19788147152894872,1.1428571428571428,3.942857142857143,1.0
Jordan Hill,11.8,54.2,7.257142857142857,2.3714285714285714,0.3142857142857143,0.6857142857142857,0.6,0.4857142857142857,0.02857142857142857,0.22857142857142856,1.1142857142857143,0.14571428571428574,0.14952380952380953,0.05714285714285714,0.026203023417369208,0.07422494825974534,0.0053709321566464425,-0.45714285714285713,3.942857142857143,1.0
Khalil Iverson,11.8,46.6,7.142857142857143,2.3714285714285714,0.6285714285714286,1.0571428571428572,0.5714285714285714,0.8285714285714286,0.42857142857142855,0.3142857142857143,0.7714285714285715,0.26428571428571423,0.04285714285714286,0.18571428571428572,0.043538129669373316,0.01872661255057463,0.04333302288441539,-0.17142857142857143,3.942857142857143,0.0
Nigel Hayes,33.142857142857146,96.8,24.714285714285715,14.914285714285715,1.8857142857142857,3.4,2.742857142857143,2.057142857142857,0.37142857142857144,1.0285714285714285,1.8571428571428572,0.3643516800659658,0.31816326530612243,0.6690061358858351,0.2242561466348924,0.17974750705132972,0.34271355983540264,-1.3142857142857143,3.942857142857143,1.0
Vitto Brown,22.97142857142857,98.54285714285714,18.914285714285715,8.82857142857143,1.6857142857142857,3.0285714285714285,0.7142857142857143,1.0285714285714285,0.4857142857142857,0.5428571428571428,2.2,0.43883219954648534,0.3023809523809524,0.33877551020408164,0.14916945616618663,0.11701310183780522,0.061537299255447805,0.0,3.942857142857143,1.0
Zak Showalter,28.65714285714286,103.51428571428572,12.028571428571428,6.914285714285715,0.6857142857142857,2.857142857142857,2.0285714285714285,1.2,0.2,0.9428571428571428,2.6857142857142855,0.4866666666666667,0.27455782312925175,0.42619047619047623,0.05968562196339166,0.14990919930022417,0.06787441753085206,-0.11428571428571428,3.942857142857143,1.0
