,MP,ORtg,%Ps,Pts,OR,DR,A,TO,Blk,Stl,PF,2Pt %,3Pt %,FT %,2Pt %Att,3Pt %Att,FT %Att,Pnts-Prev,Marg
Cameron Johnson,33.03030303030303,110.60606060606061,14.787878787878787,8.848484848484848,0.7878787878787878,2.606060606060606,1.7878787878787878,1.2727272727272727,0.36363636363636365,0.7575757575757576,2.212121212121212,0.518073593073593,0.3806637806637806,0.3474747474747475,0.09847218236405607,0.16396856979210261,0.09111347678169529,-0.30303030303030304,6.333333333333333
Evan Bailey,7.181818181818182,34.90909090909091,4.909090909090909,1.9393939393939394,0.18181818181818182,0.696969696969697,0.12121212121212122,0.24242424242424243,0.0,0.15151515151515152,0.7272727272727273,0.0808080808080808,0.1292929292929293,0.13636363636363635,0.009987572486720001,0.05694385977826792,0.011961431501661388,-0.18181818181818182,6.333333333333333
Grant Riller,32.39393939393939,113.48484848484848,24.303030303030305,18.09090909090909,0.3939393939393939,2.1818181818181817,2.0,1.7272727272727273,0.42424242424242425,1.2424242424242424,2.0,0.5912676549040186,0.32525252525252524,0.6284632034632035,0.23801141880464655,0.19545256179108378,0.18316453828405985,-0.12121212121212122,6.333333333333333
Jarrell Brantley,22.333333333333332,75.51515151515152,19.636363636363637,11.818181818181818,1.2727272727272727,3.6666666666666665,1.1515151515151516,1.696969696969697,0.5454545454545454,0.7575757575757576,2.090909090909091,0.38061614311614306,0.2363636363636364,0.5403318903318903,0.18311305993970534,0.1146997541267318,0.12892271405395228,-0.7878787878787878,6.333333333333333
Jaylen McManus,15.06060606060606,75.12121212121212,9.878787878787879,3.393939393939394,0.6060606060606061,1.9090909090909092,0.42424242424242425,0.3333333333333333,0.42424242424242425,0.12121212121212122,1.3636363636363635,0.21464646464646464,0.23484848484848486,0.16414141414141412,0.028918340846298914,0.09657928130868026,0.036911858398286236,0.42424242424242425,6.333333333333333
Joe Chealey,35.81818181818182,116.9090909090909,27.424242424242426,18.454545454545453,0.6666666666666666,4.03030303030303,3.6363636363636362,1.696969696969697,0.12121212121212122,0.8484848484848485,2.212121212121212,0.4217136398954581,0.3274432638069002,0.8721456994184269,0.22073283390570836,0.2549611219040338,0.36658663103799394,-1.4545454545454546,6.333333333333333
Marquise Pointer,24.727272727272727,110.3030303030303,14.424242424242424,5.606060606060606,0.7575757575757576,2.1818181818181817,1.7878787878787878,0.8787878787878788,0.18181818181818182,0.7575757575757576,1.4545454545454546,0.4247474747474747,0.3005050505050505,0.3658008658008658,0.07169622735104178,0.1173948512990999,0.06672599085734623,0.12121212121212122,6.333333333333333
Nick Harris,24.727272727272727,99.0,13.151515151515152,5.818181818181818,1.878787878787879,4.393939393939394,0.3939393939393939,1.0606060606060606,1.2121212121212122,0.3939393939393939,2.727272727272727,0.5169880624426079,0.0,0.4069264069264069,0.12203147116650928,0.0,0.08755741162675854,1.0909090909090908,6.333333333333333
Osinachi Smart,5.090909090909091,25.727272727272727,2.757575757575758,0.7575757575757576,0.5151515151515151,0.9090909090909091,0.09090909090909091,0.12121212121212122,0.18181818181818182,0.15151515151515152,0.9393939393939394,0.11363636363636363,0.0,0.101010101010101,0.018665581625400527,0.0,0.021283941686240537,0.42424242424242425,6.333333333333333
Samba Ndiaye,2.303030303030303,0.0,0.0,0.21212121212121213,0.3333333333333333,0.42424242424242425,0.0,0.18181818181818182,0.15151515151515152,0.0,0.5454545454545454,0.045454545454545456,0.0,0.007575757575757576,0.008371311509913146,0.0,0.005772005772005772,-0.06060606060606061,6.333333333333333
