,MP,ORtg,%Ps,Pts,OR,DR,A,TO,Blk,Stl,PF,2Pt %,3Pt %,FT %,2Pt %Att,3Pt %Att,FT %Att,Pnts-Prev,Marg,Maj Cont
Connor Brooks,10.0,51.371428571428574,7.285714285714286,2.6857142857142855,0.4,0.4857142857142857,0.9714285714285714,0.6285714285714286,0.02857142857142857,0.2571428571428571,0.8857142857142857,0.35238095238095235,0.16476190476190475,0.17142857142857143,0.04195825313128595,0.04123919123876221,0.020777814638716894,-0.6857142857142857,13.057142857142857,0.0
Dallas Cameron,11.571428571428571,72.37142857142857,11.085714285714285,2.257142857142857,0.34285714285714286,0.37142857142857144,1.2285714285714286,0.6571428571428571,0.08571428571428572,0.2857142857142857,1.3142857142857143,0.3833333333333333,0.09523809523809523,0.18401360544217688,0.03412729295161532,0.03771168881269095,0.03569573007302129,-0.5714285714285714,13.057142857142857,0.0
Deshaunt Walker,20.428571428571427,108.82857142857142,22.428571428571427,11.314285714285715,0.4857142857142857,1.1714285714285715,1.1714285714285715,0.7714285714285715,0.02857142857142857,0.6285714285714286,1.3142857142857143,0.48032879818594104,0.32766955266955267,0.45714285714285713,0.09953623232638047,0.2940461884037945,0.05520266765123307,-0.22857142857142856,13.057142857142857,1.0
Desmond Haymon,28.142857142857142,104.85714285714286,23.228571428571428,13.514285714285714,1.1714285714285715,2.342857142857143,2.6857142857142855,1.542857142857143,0.05714285714285714,0.8285714285714286,1.9142857142857144,0.4257256235827665,0.30126984126984124,0.5999932607075464,0.15030904002294487,0.21577653619594603,0.23413594430957077,-1.3142857142857143,13.057142857142857,1.0
Jacob Parker,26.8,123.4,20.914285714285715,13.4,2.342857142857143,4.3428571428571425,1.8571428571428572,1.1142857142857143,0.5428571428571428,1.2857142857142858,2.6857142857142855,0.5272201607915895,0.34285714285714286,0.7509863945578233,0.20646448871294965,0.06747954637237252,0.18255757215655902,1.4285714285714286,13.057142857142857,1.0
Justin Dotson,2.8,5.0285714285714285,1.8571428571428572,0.9714285714285714,0.2857142857142857,0.37142857142857144,0.11428571428571428,0.2571428571428571,0.0,0.08571428571428572,0.4857142857142857,0.04523809523809524,0.08190476190476192,0.12857142857142856,0.012532896122834425,0.031007626821618325,0.01784392555190518,-0.34285714285714286,13.057142857142857,0.0
Nikola Gajic,21.685714285714287,106.71428571428571,18.514285714285716,9.057142857142857,1.6285714285714286,3.0,1.7428571428571429,1.2571428571428571,0.5142857142857142,1.3714285714285714,2.6285714285714286,0.4898979591836735,0.2939795918367347,0.4502380952380952,0.09244936128868897,0.1549436896403481,0.10371024516484674,1.2571428571428571,13.057142857142857,1.0
Patrick Costello,1.0571428571428572,0.0,0.0,0.08571428571428572,0.05714285714285714,0.2571428571428571,0.02857142857142857,0.2,0.02857142857142857,0.05714285714285714,0.2,0.02857142857142857,0.0,0.02857142857142857,0.002213379090455502,0.0,0.0015873015873015873,-0.22857142857142856,13.057142857142857,0.0
Reed Westbrook,1.2285714285714286,1.2285714285714286,0.37142857142857144,0.4857142857142857,0.05714285714285714,0.11428571428571428,0.08571428571428572,0.05714285714285714,0.0,0.05714285714285714,0.14285714285714285,0.04285714285714286,0.05714285714285714,0.07142857142857142,0.0035343191540181964,0.01626767134285931,0.007404090162710852,0.0,13.057142857142857,0.0
Sharife Sergeant,1.8571428571428572,3.142857142857143,0.5714285714285714,0.4,0.08571428571428572,0.14285714285714285,0.02857142857142857,0.11428571428571428,0.05714285714285714,0.02857142857142857,0.34285714285714286,0.07142857142857142,0.0,0.07142857142857142,0.009627623423231988,0.0,0.013073093573093575,-0.05714285714285714,13.057142857142857,0.0
Tanner Clayton,13.485714285714286,92.68571428571428,9.371428571428572,2.7714285714285714,1.4857142857142858,1.8285714285714285,0.4,0.5428571428571428,1.2571428571428571,0.3142857142857143,1.7714285714285714,0.38190476190476186,0.0,0.14285714285714285,0.05977072507573749,0.0,0.024792787496230165,2.057142857142857,13.057142857142857,0.0
Thomas Walkup,26.285714285714285,114.68571428571428,20.4,12.17142857142857,2.142857142857143,2.5714285714285716,2.0,1.4,0.22857142857142856,1.0,3.0285714285714285,0.5512786023500309,0.2238095238095238,0.6245578231292518,0.19447674640233695,0.05282552249945742,0.15444500715718626,-0.34285714285714286,13.057142857142857,1.0
Trey Pinkney,22.542857142857144,91.25714285714285,12.028571428571428,2.857142857142857,0.3142857142857143,1.542857142857143,3.2857142857142856,1.6285714285714286,0.02857142857142857,0.9428571428571428,2.7142857142857144,0.3980952380952381,0.05714285714285714,0.4142857142857143,0.035856785154662923,0.031559481529293616,0.09163096333476753,-1.3142857142857143,13.057142857142857,0.0
