,MP,ORtg,%Ps,Pts,OR,DR,A,TO,Blk,Stl,PF,2Pt %,3Pt %,FT %,2Pt %Att,3Pt %Att,FT %Att,Pnts-Prev,Marg,Maj Cont
Amile Jefferson,26.324324324324323,109.48648648648648,15.675675675675675,9.72972972972973,2.054054054054054,5.297297297297297,1.4054054054054055,1.1891891891891893,1.5135135135135136,0.5945945945945946,2.324324324324324,0.5479841479841481,0.0,0.482012207012207,0.16849334190399937,0.0,0.16802122402924763,1.837837837837838,10.243243243243244,1.0
Antonio Vrankovic,2.6216216216216215,15.35135135135135,1.864864864864865,0.8378378378378378,0.3783783783783784,0.4594594594594595,0.13513513513513514,0.1891891891891892,0.10810810810810811,0.0,0.40540540540540543,0.1117117117117117,0.0,0.08108108108108109,0.012124091964253488,0.0,0.01119108252348084,-0.16216216216216217,10.243243243243244,0.0
Chase Jeter,6.4324324324324325,25.675675675675677,3.7027027027027026,1.1081081081081081,0.4864864864864865,0.6756756756756757,0.16216216216216217,0.4594594594594595,0.4594594594594595,0.1891891891891892,0.8378378378378378,0.11936936936936936,0.0,0.10810810810810811,0.01918658827990548,0.0,0.026406605158358316,0.3783783783783784,10.243243243243244,0.0
Frank Jackson,22.56756756756757,104.5945945945946,18.135135135135137,9.864864864864865,0.6216216216216216,1.7567567567567568,1.5135135135135136,1.162162162162162,0.05405405405405406,0.4594594594594595,2.1621621621621623,0.45983385983385977,0.37342342342342344,0.5197876447876447,0.10420228979281863,0.1438869246222124,0.10713473299111675,-1.2972972972972974,10.243243243243244,1.0
Grayson Allen,25.56756756756757,92.83783783783784,21.62162162162162,12.18918918918919,0.5675675675675675,2.6486486486486487,3.054054054054054,1.9189189189189189,0.05405405405405406,0.6756756756756757,2.054054054054054,0.3765444015444015,0.2850961350961351,0.5861042861042861,0.10090493567114557,0.2467263342726309,0.16811996833429824,-2.3783783783783785,10.243243243243244,1.0
Harry Giles,7.702702702702703,48.45945945945946,8.054054054054054,2.7567567567567566,1.027027027027027,1.5675675675675675,0.21621621621621623,0.43243243243243246,0.40540540540540543,0.21621621621621623,1.4594594594594594,0.3637387387387387,0.0,0.15990990990990991,0.05913818950904139,0.0,0.029106739275658197,0.3783783783783784,10.243243243243244,0.0
Jack White,1.5945945945945945,9.567567567567568,1.1081081081081081,0.5675675675675675,0.05405405405405406,0.2972972972972973,0.02702702702702703,0.10810810810810811,0.05405405405405406,0.02702702702702703,0.10810810810810811,0.08558558558558559,0.02702702702702703,0.06306306306306307,0.005104708703779204,0.0028023415120189315,0.008455885875240715,-0.05405405405405406,10.243243243243244,0.0
Javin DeLaurier,2.2432432432432434,7.864864864864865,1.0810810810810811,0.4594594594594595,0.21621621621621623,0.40540540540540543,0.02702702702702703,0.21621621621621623,0.10810810810810811,0.08108108108108109,0.5405405405405406,0.14864864864864866,0.0,0.013513513513513514,0.005982135137939466,0.0011750881316098707,0.0036234036234036233,-0.05405405405405406,10.243243243243244,0.0
Jayson Tatum,24.243243243243242,80.4054054054054,18.91891891891892,12.297297297297296,0.972972972972973,4.378378378378378,1.6216216216216217,1.8918918918918919,0.7837837837837838,0.9459459459459459,2.081081081081081,0.36503151503151504,0.2258043758043758,0.5857464607464609,0.17185424833537125,0.13822296746370452,0.16355392822616793,-0.32432432432432434,10.243243243243244,1.0
Luke Kennard,33.972972972972975,122.0,21.89189189189189,19.0,1.0810810810810811,3.891891891891892,2.3513513513513513,1.5405405405405406,0.35135135135135137,0.7837837837837838,2.054054054054054,0.5270299520299521,0.43684041184041184,0.6956115206115207,0.20813179956200337,0.24587172104151345,0.21769711781779486,-0.8108108108108109,10.243243243243244,1.0
Marques Bolden,4.243243243243243,14.297297297297296,3.054054054054054,1.0,0.3783783783783784,0.32432432432432434,0.05405405405405406,0.2972972972972973,0.1891891891891892,0.05405405405405406,0.8648648648648649,0.12477477477477476,0.0,0.06756756756756757,0.02539739445578133,0.0,0.009603572103572105,-0.10810810810810811,10.243243243243244,0.0
Matt Jones,31.135135135135137,100.62162162162163,10.945945945945946,6.45945945945946,1.0,1.6216216216216217,1.7567567567567568,1.054054054054054,0.16216216216216217,1.5675675675675675,2.1621621621621623,0.41081081081081083,0.3022200772200772,0.19144144144144146,0.0654262226299075,0.16726056890225593,0.0330316859876068,1.3513513513513513,10.243243243243244,1.0
