,MP,ORtg,%Ps,Pts,OR,DR,A,TO,Blk,Stl,PF,2Pt %,3Pt %,FT %,2Pt %Att,3Pt %Att,FT %Att,Pnts-Prev,Marg
Ajdin Penava,27.58823529411765,105.79411764705883,20.264705882352942,14.617647058823529,1.8529411764705883,6.205882352941177,1.7352941176470589,1.7941176470588236,3.823529411764706,0.9117647058823529,3.3529411764705883,0.5877111450640864,0.27359943977591034,0.6281459553518377,0.19982129668238652,0.09759191581830959,0.2043665136946751,5.882352941176471,5.4411764705882355
Christian Thieneman,1.3235294117647058,1.588235294117647,0.6470588235294118,0.17647058823529413,0.029411764705882353,0.23529411764705882,0.0,0.08823529411764706,0.029411764705882353,0.0,0.23529411764705882,0.014705882352941176,0.014705882352941176,0.014705882352941176,0.0022750563640090184,0.005153632334159717,0.0033088235294117647,-0.11764705882352941,5.4411764705882355
CJ Burks,34.88235294117647,102.41176470588235,25.0,19.91176470588235,0.5,3.5,3.0,3.0588235294117645,0.11764705882352941,0.9411764705882353,2.088235294117647,0.5750798221386456,0.3468455564043799,0.7935574229691879,0.2525607783511949,0.2350792930833758,0.14867835409526098,-4.0,5.4411764705882355
Dani Koljanin,6.794117647058823,29.529411764705884,4.235294117647059,1.411764705882353,0.29411764705882354,0.7941176470588235,0.4117647058823529,0.2647058823529412,0.058823529411764705,0.058823529411764705,0.7647058823529411,0.125,0.1053921568627451,0.0980392156862745,0.018089370683100636,0.027225805212020115,0.01737192809299071,-0.29411764705882354,5.4411764705882355
Darius George,10.970588235294118,54.8235294117647,8.705882352941176,3.5294117647058822,0.7647058823529411,1.7352941176470589,0.23529411764705882,0.5294117647058824,0.2647058823529412,0.5294117647058824,1.5294117647058822,0.37745098039215685,0.16764705882352943,0.14019607843137255,0.043125713017010424,0.039907445200361824,0.05773104740824646,0.5294117647058824,5.4411764705882355
Jannson Williams,16.0,97.79411764705883,11.294117647058824,5.205882352941177,0.8529411764705882,2.3529411764705883,0.20588235294117646,0.5588235294117647,0.7941176470588235,0.47058823529411764,1.7941176470588236,0.4756302521008403,0.3292016806722689,0.29411764705882354,0.05415947813871086,0.06805369861550015,0.05777517508666503,1.411764705882353,5.4411764705882355
Jarrod West,32.294117647058826,108.76470588235294,11.735294117647058,7.911764705882353,0.3235294117647059,2.2941176470588234,2.9411764705882355,1.4411764705882353,0.058823529411764705,1.5294117647058822,2.1470588235294117,0.42156862745098034,0.3652194211017741,0.29166666666666663,0.04543794330342724,0.1552085377221962,0.05579370544620132,0.29411764705882354,5.4411764705882355
Jon Elmore,38.3235294117647,114.52941176470588,29.205882352941178,22.764705882352942,0.47058823529411764,5.529411764705882,6.9411764705882355,3.5588235294117645,0.38235294117647056,1.5294117647058822,1.5294117647058822,0.5153199741435035,0.30713134904311373,0.8402753292459175,0.23234524985759036,0.27223524520808395,0.37216117185955794,-3.2941176470588234,5.4411764705882355
Milan Mijovic,9.205882352941176,36.794117647058826,4.676470588235294,1.1470588235294117,0.35294117647058826,1.1470588235294117,0.4411764705882353,0.5588235294117647,0.17647058823529413,0.14705882352941177,1.3235294117647058,0.22058823529411764,0.0,0.07647058823529412,0.03493732072729731,0.0010893246187363833,0.016077396267707687,-0.47058823529411764,5.4411764705882355
Ot Elmore,2.2941176470588234,11.676470588235293,1.6470588235294117,0.4411764705882353,0.058823529411764705,0.11764705882352941,0.23529411764705882,0.058823529411764705,0.0,0.0,0.17647058823529413,0.0,0.03872549019607843,0.0,0.0010893246187363833,0.018142326059619785,0.0,-0.11764705882352941,5.4411764705882355
Phil Bledsoe,3.9705882352941178,21.41176470588235,3.1470588235294117,1.6176470588235294,0.38235294117647056,0.5588235294117647,0.058823529411764705,0.17647058823529413,0.029411764705882353,0.029411764705882353,0.6470588235294118,0.2568627450980392,0.07352941176470588,0.07352941176470588,0.028289922825702075,0.019528164251685316,0.008523771499550045,-0.23529411764705882,5.4411764705882355
Rondale Watson,18.029411764705884,66.52941176470588,10.764705882352942,5.5,0.8235294117647058,1.7647058823529411,0.9117647058823529,0.8529411764705882,0.20588235294117646,0.6764705882352942,1.588235294117647,0.3339635854341737,0.1869047619047619,0.25882352941176473,0.08786854543083417,0.06078461187595131,0.058212113019732996,0.058823529411764705,5.4411764705882355
