,MP,ORtg,%Ps,Pts,OR,DR,A,TO,Blk,Stl,PF,2Pt %,3Pt %,FT %,2Pt %Att,3Pt %Att,FT %Att,Pnts-Prev,Marg
Austin Davis,1.4,2.657142857142857,0.5142857142857142,0.4857142857142857,0.2,0.4,0.0,0.08571428571428572,0.17142857142857143,0.02857142857142857,0.42857142857142855,0.11428571428571427,0.0,0.014285714285714285,0.011402838560476847,0.0,0.005158730158730159,0.22857142857142856,10.914285714285715
Charles Matthews,29.571428571428573,102.85714285714286,24.885714285714286,12.628571428571428,1.4,4.0285714285714285,2.6,2.057142857142857,0.6285714285714286,0.6571428571428571,2.0285714285714285,0.5539604046746903,0.29523809523809524,0.45778911564625846,0.2207324710335034,0.09966422207716069,0.21623246427757709,-1.542857142857143,10.914285714285715
Duncan Robinson,25.8,112.94285714285714,15.942857142857143,9.571428571428571,0.5428571428571428,2.085714285714286,1.1428571428571428,0.6,0.37142857142857144,0.6571428571428571,2.2,0.4619047619047618,0.3841496598639455,0.4636363636363636,0.06187209713620372,0.20509587380555064,0.08460769890093198,0.8571428571428571,10.914285714285715
Eli Brooks,8.514285714285714,35.48571428571429,5.9714285714285715,1.542857142857143,0.22857142857142856,0.6857142857142857,0.8285714285714286,0.37142857142857144,0.08571428571428572,0.34285714285714286,0.45714285714285713,0.14761904761904762,0.08904761904761904,0.11428571428571428,0.0188308499087902,0.045794431128580816,0.021730462519936208,0.11428571428571428,10.914285714285715
Ibi Watson,3.5142857142857142,14.6,2.5142857142857142,1.5142857142857142,0.2857142857142857,0.22857142857142856,0.22857142857142856,0.11428571428571428,0.02857142857142857,0.17142857142857143,0.14285714285714285,0.15238095238095237,0.09761904761904762,0.07142857142857142,0.018236560296721854,0.030446726651088822,0.016773752563226246,0.17142857142857143,10.914285714285715
Isaiah Livers,14.771428571428572,91.11428571428571,10.914285714285715,3.8,0.8857142857142857,1.3142857142857143,0.45714285714285713,0.6285714285714286,0.3142857142857143,0.2857142857142857,1.1428571428571428,0.4171428571428572,0.2857142857142857,0.06666666666666667,0.045012859797397234,0.0611236927580874,0.012658879341210169,-0.05714285714285714,10.914285714285715
Jaaron Simmons,6.285714285714286,19.742857142857144,3.3714285714285714,1.1714285714285715,0.11428571428571428,0.45714285714285713,0.8857142857142857,0.5142857142857142,0.0,0.05714285714285714,0.6285714285714286,0.15714285714285714,0.11428571428571428,0.08857142857142858,0.022251811369392742,0.01708447885143788,0.023159901919300414,-0.9142857142857143,10.914285714285715
Jon Teske,12.857142857142858,82.25714285714285,9.82857142857143,3.6285714285714286,1.457142857142857,2.0,0.37142857142857144,0.37142857142857144,0.6285714285714286,0.6,1.6571428571428573,0.42523809523809525,0.0,0.31142857142857144,0.07924648300258104,0.001058201058201058,0.08915552409161433,1.7142857142857142,10.914285714285715
Jordan Poole,12.114285714285714,63.371428571428574,13.514285714285714,5.914285714285715,0.08571428571428572,1.2285714285714286,0.5714285714285714,0.7142857142857143,0.17142857142857143,0.4857142857142857,0.9714285714285714,0.41190476190476194,0.2776190476190476,0.40952380952380957,0.052236767630643215,0.11102707733092587,0.07912021937961787,-0.11428571428571428,10.914285714285715
Moritz Wagner,25.685714285714287,108.6,23.142857142857142,13.714285714285714,1.3142857142857143,5.371428571428571,0.7142857142857143,1.2,0.5428571428571428,0.8857142857142857,2.857142857142857,0.5736466707895281,0.32714285714285724,0.49404761904761907,0.18946550670085344,0.1586997451245188,0.15031603630287838,0.45714285714285713,10.914285714285715
Muhammad-Ali Abdur-Rahkman,34.8,123.82857142857142,18.228571428571428,12.628571428571428,0.6857142857142857,3.1714285714285713,3.3142857142857145,0.6571428571428571,0.17142857142857143,0.8857142857142857,1.6571428571428573,0.516048237476809,0.38022762951334393,0.57343537414966,0.16247439205070258,0.18652584973260228,0.17827146057785154,0.8,10.914285714285715
Zavier Simpson,25.714285714285715,101.4,18.0,7.485714285714286,0.37142857142857144,2.6857142857142855,3.6285714285714286,1.3142857142857143,0.02857142857142857,1.1714285714285715,1.3142857142857143,0.4567862296433725,0.3178571428571428,0.32904761904761903,0.11823736251273369,0.0834797014818458,0.12281486996712562,-0.22857142857142856,10.914285714285715
