,MP,ORtg,%Ps,Pts,OR,DR,A,TO,Blk,Stl,PF,2Pt %,3Pt %,FT %,2Pt %Att,3Pt %Att,FT %Att,Pnts-Prev,Marg,Maj Cont
Aaron Harrison,27.1,97.4,17.775,11.75,0.55,2.1,1.75,1.375,0.275,0.9,1.85,0.4145256132756133,0.27601190476190474,0.607564935064935,0.12918653836742652,0.23365444561458495,0.13103749677686127,-0.4,7.875,1.0
Alex Poythress,15.6,84.025,14.9,4.975,1.575,2.375,0.4,0.875,0.65,0.275,1.875,0.37487103174603176,0.15,0.3453472222222222,0.07929610159989901,0.04501945455215578,0.06601098423569066,0.1,7.875,1.0
Andrew Harrison,26.425,90.475,18.375,9.2,0.7,1.9,3.225,2.125,0.175,0.425,2.625,0.3152362221112221,0.2629761904761905,0.6154472243442832,0.11854117420279534,0.12349606297555213,0.15433156432666012,-3.05,7.875,1.0
Dakari Johnson,10.575,56.65,9.525,4.025,1.7,1.575,0.2,0.5,0.5,0.15,1.675,0.40116071428571426,0.0,0.2558333333333333,0.07345841020084912,0.0,0.06385937232626623,0.3,7.875,1.0
Derek Willis,0.975,0.0,0.0,0.4,0.025,0.175,0.0,0.1,0.0,0.025,0.0,0.0375,0.0125,0.0625,0.001894829612220917,0.0077185314685314695,0.007930211558307532,-0.15,7.875,0.0
Dominique Hawkins,5.975,24.175,2.3,0.575,0.15,0.4,0.3,0.15,0.025,0.1,0.75,0.09999999999999999,0.05,0.075,0.008791357486869308,0.026144093801795037,0.007872539282423003,-0.05,7.875,0.0
James Young,27.4,93.825,18.725,12.35,0.85,2.675,1.575,1.625,0.15,0.7,1.75,0.4088553807303807,0.29236742424242423,0.47225198412698416,0.10813432780165926,0.3456887188533861,0.12702144622170536,-1.55,7.875,1.0
Jarrod Polson,6.775,35.35,2.9,0.8,0.125,0.35,0.4,0.2,0.025,0.05,0.625,0.016666666666666666,0.12291666666666665,0.0125,0.005706810738298963,0.03230373277393401,0.004166666666666667,-0.25,7.875,0.0
Jon Hood,1.175,2.5,0.35,0.375,0.025,0.075,0.125,0.1,0.0,0.05,0.125,0.025,0.029166666666666664,0.05,0.0018143920317833361,0.013663419913419914,0.0025978407557354925,-0.1,7.875,0.0
Julius Randle,26.0,93.5,22.6,12.75,2.975,5.975,1.15,2.25,0.675,0.4,2.1,0.44380973193473194,0.0625,0.555831710321842,0.1992073296160691,0.022311540046640665,0.205756210177812,-2.35,7.875,1.0
Marcus Lee,3.125,18.15,2.325,1.125,0.35,0.325,0.05,0.1,0.275,0.0,0.4,0.17520833333333335,0.0,0.05446428571428571,0.017938950722495794,0.0,0.009830630610807956,0.35,7.875,0.0
Willie Cauley-Stein,20.625,94.4,11.675,6.15,2.225,3.125,0.6,0.75,2.525,0.95,2.25,0.45569444444444446,0.0,0.2773214285714286,0.10602977761963325,0.0,0.06958503706106361,5.45,7.875,0.0
