,MP,ORtg,%Ps,Pts,OR,DR,A,TO,Blk,Stl,PF,2Pt %,3Pt %,FT %,2Pt %Att,3Pt %Att,FT %Att,Pnts-Prev,Marg
Chase Harler,9.441176470588236,49.588235294117645,3.823529411764706,1.588235294117647,0.20588235294117646,0.4411764705882353,0.7058823529411765,0.23529411764705882,0.08823529411764706,0.38235294117647056,0.9411764705882353,0.10294117647058823,0.11764705882352941,0.0784313725490196,0.015382856247542601,0.040733105804545096,0.011122509204350636,0.47058823529411764,10.617647058823529
D'Angelo Hunter,2.7941176470588234,7.294117647058823,0.9117647058823529,0.7352941176470589,0.17647058823529413,0.29411764705882354,0.08823529411764706,0.058823529411764705,0.08823529411764706,0.058823529411764705,0.35294117647058826,0.00980392156862745,0.0784313725490196,0.07352941176470588,0.007437030348215061,0.01872057192356567,0.009326053470389969,0.17647058823529413,10.617647058823529
Daxter Miles,28.323529411764707,114.91176470588235,20.176470588235293,12.647058823529411,1.2647058823529411,1.5294117647058822,3.1176470588235294,1.4411764705882353,0.0,1.2352941176470589,2.911764705882353,0.5056022408963585,0.26966619981325873,0.5525560224089636,0.12651120056930593,0.1933722978443681,0.15608502520877893,-0.4117647058823529,10.617647058823529
Esa Ahmad,14.441176470588236,49.85294117647059,10.764705882352942,5.323529411764706,0.9411764705882353,1.8823529411764706,0.9117647058823529,0.8529411764705882,0.17647058823529413,0.4411764705882353,1.0294117647058822,0.25854766148883795,0.11470588235294117,0.2733543417366947,0.08676658323927627,0.03801798088243101,0.10689163022168346,-0.47058823529411764,10.617647058823529
James Bolden,17.441176470588236,105.32352941176471,18.0,8.852941176470589,0.7058823529411765,1.2352941176470589,1.0588235294117647,0.8529411764705882,0.23529411764705882,0.9705882352941176,2.0294117647058822,0.42941176470588227,0.3690645955351838,0.28088235294117647,0.059239795256453336,0.19428866465956462,0.03988710868915309,0.7058823529411765,10.617647058823529
Jevon Carter,35.529411764705884,117.38235294117646,25.647058823529413,17.029411764705884,0.8529411764705882,3.8823529411764706,6.617647058823529,2.764705882352941,0.38235294117647056,2.8529411764705883,3.0588235294117645,0.4269719659425542,0.37018928783634664,0.7398459383753501,0.20817455981260843,0.21590206273864065,0.22446873346792004,0.9411764705882353,10.617647058823529
Lamont West,21.764705882352942,99.26470588235294,17.705882352941178,9.205882352941176,1.2941176470588236,2.3823529411764706,0.6176470588235294,1.0294117647058822,0.14705882352941177,0.4117647058823529,1.8823529411764706,0.43841036414565826,0.2839285714285715,0.44510342598577896,0.08068935601035118,0.17393819501059216,0.09855239809415198,-0.9411764705882353,10.617647058823529
Logan Routt,5.9411764705882355,30.91176470588235,2.7058823529411766,0.8235294117647058,1.0588235294117647,0.5882352941176471,0.2647058823529412,0.29411764705882354,0.29411764705882354,0.0,1.0294117647058822,0.19362745098039216,0.0,0.058823529411764705,0.014697048527638158,0.0,0.00906620859328329,0.0,10.617647058823529
Maciej Bender,9.0,44.14705882352941,4.382352941176471,1.1764705882352942,0.9411764705882353,1.0,0.17647058823529413,0.4117647058823529,0.2647058823529412,0.2647058823529412,1.1764705882352942,0.29411764705882354,0.0,0.08088235294117647,0.025426575954588436,0.0030429864253393667,0.016394743968273378,0.23529411764705882,10.617647058823529
Sagaba Konate,24.676470588235293,107.47058823529412,19.205882352941178,10.441176470588236,2.323529411764706,5.088235294117647,0.5882352941176471,1.1176470588235294,3.2058823529411766,0.4117647058823529,2.823529411764706,0.49848150215797277,0.0,0.5785714285714286,0.20988241059868723,0.0,0.16529774407711403,5.0,10.617647058823529
Teddy Allen,10.676470588235293,62.470588235294116,16.294117647058822,6.176470588235294,1.1764705882352942,1.3529411764705883,0.5294117647058824,0.8529411764705882,0.0,0.35294117647058826,1.588235294117647,0.32767534752828875,0.021568627450980395,0.39992997198879554,0.10893499794163004,0.025824758612981034,0.09033978755841411,-1.0,10.617647058823529
Wesley Harris,20.764705882352942,99.0,13.764705882352942,5.617647058823529,1.2352941176470589,2.4705882352941178,0.38235294117647056,1.0294117647058822,0.38235294117647056,0.6470588235294118,2.5,0.42780112044817925,0.2851307189542484,0.38795518207282914,0.056857585493703275,0.09615937609797232,0.07256805744648703,0.0,10.617647058823529
