,MP,ORtg,%Ps,Pts,OR,DR,A,TO,Blk,Stl,PF,2Pt %,3Pt %,FT %,2Pt %Att,3Pt %Att,FT %Att,Pnts-Prev,Marg
Eral Penn,8.714285714285714,57.51428571428571,5.828571428571428,2.142857142857143,0.9142857142857143,1.6,0.14285714285714285,0.2857142857142857,0.6857142857142857,0.2857142857142857,1.542857142857143,0.3347619047619048,0.0,0.18734693877551023,0.02764803812296214,0.0,0.048650548331220594,1.3714285714285714,0.9142857142857143
Jamall Robinson,16.62857142857143,80.08571428571429,10.17142857142857,3.7714285714285714,0.5142857142857142,1.3142857142857143,0.5428571428571428,0.34285714285714286,0.17142857142857143,0.5142857142857142,1.457142857142857,0.2476190476190476,0.23312925170068027,0.04285714285714286,0.028713496414086593,0.12414050804556473,0.006530612244897959,0.6857142857142857,0.9142857142857143
Jashaun Agosto,34.22857142857143,95.85714285714286,17.571428571428573,11.028571428571428,0.4,3.4857142857142858,3.857142857142857,2.2857142857142856,0.05714285714285714,0.6571428571428571,2.4,0.3950226757369615,0.2985034013605442,0.5982539682539683,0.13841416254823904,0.1996979135332803,0.11882369154638064,-3.142857142857143,0.9142857142857143
Joel Hernandez,31.914285714285715,103.45714285714286,30.714285714285715,20.285714285714285,1.8285714285714285,3.914285714285714,2.4857142857142858,2.8,0.4857142857142857,0.5428571428571428,2.4571428571428573,0.4855575237087842,0.35263038548752834,0.6538754895897754,0.3208405202543958,0.19145212566570668,0.29154254008035513,-3.5428571428571427,0.9142857142857143
Julian Batts,28.8,109.4,14.314285714285715,9.742857142857142,0.42857142857142855,3.7142857142857144,2.2285714285714286,1.2,0.2571428571428571,1.3428571428571427,2.657142857142857,0.4961904761904762,0.34538461538461535,0.46357142857142863,0.07234982573595931,0.19178096035144027,0.09956090759452103,0.8,0.9142857142857143
Julius van Sauers,10.771428571428572,61.8,5.628571428571429,1.9428571428571428,0.6285714285714286,1.5142857142857142,0.2857142857142857,0.6,0.11428571428571428,0.22857142857142856,2.057142857142857,0.20476190476190478,0.19523809523809527,0.1476190476190476,0.0226734674669201,0.024426560426079685,0.024742722314150884,-0.5142857142857142,0.9142857142857143
Raiquan Clark,31.485714285714284,96.54285714285714,26.457142857142856,16.857142857142858,2.085714285714286,4.8,1.4857142857142858,4.0,0.4,1.1142857142857143,3.0285714285714285,0.5537592962592963,0.09047619047619047,0.7203138924567495,0.26631083921065185,0.03384013403092109,0.30055141568586946,-4.9714285714285715,0.9142857142857143
Raul Frias,10.057142857142857,67.97142857142858,8.114285714285714,2.8857142857142857,0.34285714285714286,0.9142857142857143,0.37142857142857144,0.2857142857142857,0.08571428571428572,0.2,0.6571428571428571,0.24285714285714285,0.2569387755102041,0.09047619047619047,0.016029938876055472,0.09566181496788867,0.008342134056419771,0.0,0.9142857142857143
Shyheim Hicks,1.5714285714285714,6.314285714285714,0.8857142857142857,0.6,0.05714285714285714,0.11428571428571428,0.02857142857142857,0.11428571428571428,0.0,0.0,0.3142857142857143,0.04285714285714286,0.03809523809523809,0.05714285714285714,0.003183023872679045,0.011690441693918948,0.005658627087198516,-0.22857142857142856,0.9142857142857143
Zach Coleman,20.085714285714285,81.82857142857142,14.742857142857142,5.714285714285714,1.8857142857142857,3.857142857142857,0.8285714285714286,1.457142857142857,0.9142857142857143,0.5428571428571428,2.4857142857142858,0.4882086167800453,0.1681868131868132,0.2476190476190476,0.07526525892662209,0.0987381127137711,0.06702537248755737,0.0,0.9142857142857143
