,MP,ORtg,%Ps,Pts,OR,DR,A,TO,Blk,Stl,PF,2Pt %,3Pt %,FT %,2Pt %Att,3Pt %Att,FT %Att,Pnts-Prev,Marg,Maj Cont
Cameron Ridley,23.82857142857143,100.94285714285714,20.82857142857143,10.542857142857143,3.0285714285714285,4.571428571428571,0.3142857142857143,1.5714285714285714,2.0285714285714285,0.4857142857142857,2.6857142857142855,0.5029871715586001,0.0,0.553104514533086,0.15129570277622423,0.0,0.20777799331905553,1.8857142857142857,3.857142857142857,1.0
Connor Lammert,19.37142857142857,101.14285714285714,12.885714285714286,5.542857142857143,1.6571428571428573,3.2285714285714286,0.8,0.6285714285714286,0.4857142857142857,0.22857142857142856,1.7428571428571429,0.44608843537414966,0.20476190476190476,0.27380952380952384,0.07034146259031027,0.09214276729665266,0.04203384644755584,0.17142857142857143,3.857142857142857,1.0
Damarcus Croaker,8.971428571428572,37.97142857142857,7.457142857142857,3.085714285714286,0.3142857142857143,0.5714285714285714,0.3142857142857143,0.6285714285714286,0.0,0.17142857142857143,0.8285714285714286,0.29523809523809524,0.1769047619047619,0.1,0.023304071758657386,0.12566802527660556,0.01260556082287831,-0.9142857142857143,3.857142857142857,0.0
Demarcus Holland,27.97142857142857,85.25714285714285,14.914285714285715,6.6571428571428575,1.4285714285714286,3.1714285714285713,2.257142857142857,1.7714285714285714,0.11428571428571428,1.0857142857142856,1.8,0.34633580705009276,0.1419047619047619,0.37891156462585035,0.10799855741465311,0.09016970363166738,0.0924440986126039,-1.1428571428571428,3.857142857142857,1.0
Isaiah Taylor,28.114285714285714,92.51428571428572,23.114285714285714,11.742857142857142,0.2857142857142857,2.857142857142857,3.7142857142857144,2.257142857142857,0.08571428571428572,1.0285714285714285,2.3714285714285714,0.3635885167464114,0.07142857142857142,0.6209369202226344,0.20352906830759676,0.03245947693912234,0.20987290674151643,-2.2857142857142856,3.857142857142857,1.0
Javan Felix,24.4,90.54285714285714,21.17142857142857,10.771428571428572,0.34285714285714286,1.3142857142857143,2.6285714285714286,1.2285714285714286,0.0,0.8285714285714286,1.8571428571428572,0.32421372278515137,0.26130385487528346,0.4933333333333333,0.12972719577798977,0.30323754968587957,0.07702691265345238,-0.8,3.857142857142857,1.0
Jonathan Holmes,20.514285714285716,99.22857142857143,20.17142857142857,11.114285714285714,2.3142857142857145,3.8857142857142857,0.7428571428571429,1.4,1.0857142857142856,0.5142857142857142,2.142857142857143,0.5018078746650173,0.25870748299319724,0.5361224489795919,0.117525777510523,0.15255847142642137,0.14005563916971747,0.4,3.857142857142857,1.0
Kendal Yancy,11.428571428571429,58.25714285714286,8.942857142857143,3.1714285714285713,0.6857142857142857,1.4,0.8,0.5142857142857142,0.08571428571428572,0.34285714285714286,0.9714285714285714,0.34846938775510206,0.1,0.3857142857142858,0.047224201775772974,0.026788076535975692,0.06765682453816102,-0.17142857142857143,3.857142857142857,0.0
Martez Walker,10.657142857142857,56.0,9.2,3.6,0.7714285714285715,1.0857142857142856,0.3142857142857143,0.6285714285714286,0.02857142857142857,0.42857142857142855,0.6857142857142857,0.2238095238095238,0.20564625850340137,0.20714285714285716,0.034292479897686565,0.11779225573828772,0.027661691907640496,-0.34285714285714286,3.857142857142857,1.0
Prince Ibeh,13.257142857142858,74.31428571428572,11.028571428571428,3.5142857142857142,1.4857142857142858,1.9142857142857144,0.14285714285714285,0.7142857142857143,1.7142857142857142,0.3142857142857143,2.7714285714285714,0.4313832199546485,0.0,0.3162585034013605,0.05761862504772879,0.002040816326530612,0.06572166864456143,2.6285714285714286,3.857142857142857,0.0
