,MP,ORtg,%Ps,Pts,OR,DR,A,TO,Blk,Stl,PF,2Pt %,3Pt %,FT %,2Pt %Att,3Pt %Att,FT %Att,Pnts-Prev,Marg,Maj Cont
Cameron Biedscheid,16.4,80.54285714285714,17.742857142857144,5.9714285714285715,0.2,1.0857142857142856,0.9142857142857143,0.8285714285714286,0.22857142857142856,0.17142857142857143,0.9714285714285714,0.2876190476190476,0.27493197278911563,0.36428571428571427,0.05603169770319909,0.18614382865156862,0.0655373882206194,-0.8571428571428571,7.0285714285714285,1.0
Eric Atkins,37.17142857142857,114.62857142857143,19.2,11.028571428571428,0.7142857142857143,1.8285714285714285,5.457142857142857,2.057142857142857,0.11428571428571428,1.3428571428571427,1.9142857142857144,0.4643083900226758,0.41931972789115657,0.4825824175824176,0.14503423384324612,0.1855533105648099,0.16733946990296902,-1.2,7.0285714285714285,1.0
Garrick Sherman,13.028571428571428,75.02857142857142,17.428571428571427,5.914285714285715,1.0285714285714285,1.8285714285714285,0.2857142857142857,0.9714285714285714,0.37142857142857144,0.17142857142857143,1.1714285714285715,0.36382086167800454,0.0,0.2735374149659864,0.1208880632581217,0.0,0.07401564421972585,-0.8571428571428571,7.0285714285714285,1.0
Jack Cooley,28.714285714285715,119.34285714285714,24.142857142857142,12.685714285714285,3.942857142857143,6.0285714285714285,0.8285714285714286,1.3428571428571427,1.1714285714285715,0.6571428571428571,2.6285714285714286,0.5567526124668983,0.02857142857142857,0.5757142857142857,0.22332618099586493,0.0038784744667097614,0.2603607750126357,0.9714285714285714,7.0285714285714285,1.0
Jerian Grant,35.42857142857143,105.0,24.571428571428573,13.028571428571428,0.3142857142857143,2.4285714285714284,5.485714285714286,2.7142857142857144,0.22857142857142856,1.2285714285714286,1.7428571428571429,0.44797797440654585,0.31523809523809526,0.6395093795093796,0.17476057863148675,0.23900521472237526,0.21619551701010598,-2.5142857142857142,7.0285714285714285,1.0
Pat Connaughton,31.285714285714285,116.57142857142857,14.942857142857143,8.771428571428572,0.7142857142857143,3.8285714285714287,2.1142857142857143,0.8857142857142857,0.34285714285714286,0.45714285714285713,1.542857142857143,0.45285714285714285,0.3671768707482993,0.3298412698412698,0.06866977580332322,0.2513902523345248,0.07004642160420262,-0.17142857142857143,7.0285714285714285,0.0
Scott Martin,15.285714285714286,60.57142857142857,6.857142857142857,4.085714285714285,0.2857142857142857,2.7714285714285714,0.6571428571428571,0.34285714285714286,0.2,0.34285714285714286,1.0571428571428572,0.21476190476190476,0.20295918367346935,0.12142857142857143,0.034785146956165414,0.10545749068858312,0.028517616836944565,0.4,7.0285714285714285,0.0
Tom Knight,13.142857142857142,56.51428571428571,9.6,4.0,0.9428571428571428,1.7428571428571429,0.5428571428571428,0.4857142857142857,0.7142857142857143,0.22857142857142856,1.542857142857143,0.32543083900226755,0.0,0.24591836734693878,0.09499416559652533,0.0,0.046195321373024026,0.9142857142857143,7.0285714285714285,1.0
Zach Auguste,7.2,33.08571428571429,8.857142857142858,2.4857142857142858,0.6571428571428571,1.0857142857142856,0.14285714285714285,0.6,0.34285714285714286,0.2857142857142857,1.1428571428571428,0.29047619047619044,0.0,0.18571428571428572,0.052938728640638984,0.0,0.0432204172483442,0.05714285714285714,7.0285714285714285,1.0
