,MP,ORtg,%Ps,Pts,OR,DR,A,TO,Blk,Stl,PF,2Pt %,3Pt %,FT %,2Pt %Att,3Pt %Att,FT %Att,Pnts-Prev,Marg,Maj Cont
Aaron Bowen,14.333333333333334,77.27272727272727,16.454545454545453,5.333333333333333,0.7878787878787878,1.2121212121212122,0.9696969696969697,1.0909090909090908,0.24242424242424243,0.8484848484848485,1.4848484848484849,0.45613056976693345,0.12626262626262624,0.32828282828282823,0.08335523577392762,0.05179076273925698,0.06752412124820419,0.0,5.696969696969697,1.0
Bradley Hayes,1.5454545454545454,4.181818181818182,0.2727272727272727,0.24242424242424243,0.18181818181818182,0.24242424242424243,0.030303030303030304,0.06060606060606061,0.06060606060606061,0.030303030303030304,0.2727272727272727,0.0808080808080808,0.0,0.0,0.006734177474542587,0.0,0.003759820426487093,0.06060606060606061,5.696969696969697,1.0
D'Vauntes Smith-Rivera,31.09090909090909,109.36363636363636,20.87878787878788,14.696969696969697,0.7575757575757576,3.0,2.8181818181818183,1.3333333333333333,0.18181818181818182,1.4545454545454546,1.9090909090909092,0.39072106344833624,0.3465848965848966,0.7705322455322456,0.1487004324166813,0.3136426927466445,0.194734654924829,0.6060606060606061,5.696969696969697,1.0
Isaac Copeland,18.515151515151516,78.54545454545455,14.696969696969697,6.393939393939394,0.9090909090909091,2.757575757575758,0.6666666666666666,1.0303030303030303,0.5757575757575758,0.24242424242424243,1.2727272727272727,0.42687590187590185,0.22676767676767676,0.3623737373737374,0.10381423903318597,0.07893043562216785,0.054278223067488716,-0.42424242424242425,5.696969696969697,1.0
Jabril Trawick,26.03030303030303,104.12121212121212,16.939393939393938,8.454545454545455,0.696969696969697,2.787878787878788,2.272727272727273,1.7272727272727273,0.36363636363636365,0.9090909090909091,2.606060606060606,0.5327922077922078,0.33434343434343433,0.5220298220298221,0.09392303326962065,0.12887892489515124,0.13101484030779853,-0.9090909090909091,5.696969696969697,1.0
Joshua Smith,19.78787878787879,103.93939393939394,25.242424242424242,10.393939393939394,2.4545454545454546,3.121212121212121,1.1515151515151516,2.0,0.6666666666666666,1.0,3.272727272727273,0.6068274318274318,0.0,0.5806508306508307,0.17015196819683043,0.0,0.18277647685083026,-0.6666666666666666,5.696969696969697,1.0
LJ Peak,24.12121212121212,78.9090909090909,17.303030303030305,7.333333333333333,0.7272727272727273,1.4848484848484849,0.9696969696969697,1.2727272727272727,0.36363636363636365,0.8181818181818182,1.9696969696969697,0.382984607984608,0.16717171717171717,0.5166666666666667,0.12773140622366705,0.12219283666861137,0.10392703690307879,-0.18181818181818182,5.696969696969697,0.0
Mikael Hopkins,21.151515151515152,84.27272727272727,17.575757575757574,4.757575757575758,2.212121212121212,3.1818181818181817,1.2121212121212122,1.7575757575757576,1.4848484848484849,0.9393939393939394,3.121212121212121,0.39185906685906685,0.0,0.41363636363636364,0.09957823987812418,0.0,0.1161047561832875,1.3333333333333333,5.696969696969697,1.0
Paul White,17.12121212121212,89.60606060606061,15.545454545454545,4.696969696969697,0.36363636363636365,2.303030303030303,1.1818181818181819,0.8787878787878788,0.5757575757575758,0.42424242424242425,1.8181818181818181,0.37696007696007694,0.255050505050505,0.32575757575757575,0.06749174352939932,0.10117608712243986,0.046836461577290926,0.24242424242424243,5.696969696969697,1.0
Reggie Cameron,3.1818181818181817,12.969696969696969,1.9696969696969697,0.8181818181818182,0.030303030303030304,0.18181818181818182,0.15151515151515152,0.18181818181818182,0.06060606060606061,0.030303030303030304,0.21212121212121213,0.09090909090909091,0.06666666666666667,0.09090909090909091,0.004325964772212237,0.04537330730688457,0.00919938352155258,-0.18181818181818182,5.696969696969697,0.0
Tre Campbell,12.757575757575758,73.81818181818181,8.090909090909092,3.1515151515151514,0.12121212121212122,0.8787878787878788,0.8484848484848485,0.30303030303030304,0.0,0.5454545454545454,0.7878787878787878,0.20454545454545456,0.22979797979797975,0.18686868686868685,0.03358749882574807,0.097408892292783,0.029238164383091916,0.48484848484848486,5.696969696969697,0.0
