,MP,ORtg,%Ps,Pts,OR,DR,A,TO,Blk,Stl,PF,2Pt %,3Pt %,FT %,2Pt %Att,3Pt %Att,FT %Att,Pnts-Prev,Marg
Arkim Robertson,15.580645161290322,96.70967741935483,15.580645161290322,5.354838709677419,1.7096774193548387,2.5806451612903225,0.22580645161290322,1.0,0.8709677419354839,0.3548387096774194,2.6774193548387095,0.5531490015360983,0.0,0.3994623655913979,0.08352474522499662,0.0,0.08509504447761519,0.45161290322580644,3.193548387096774
Austen Awosika,27.258064516129032,92.09677419354838,18.419354838709676,7.387096774193548,0.5806451612903226,3.129032258064516,2.6774193548387095,1.7741935483870968,0.22580645161290322,1.0,1.2903225806451613,0.44202974444909926,0.1021505376344086,0.5011579818031431,0.1362546356892907,0.07033967245067814,0.13711299677113045,-1.096774193548387,3.193548387096774
Daniel Venzant,4.387096774193548,20.612903225806452,3.6774193548387095,1.3225806451612903,0.0,0.45161290322580644,0.3870967741935484,0.2903225806451613,0.0,0.0967741935483871,0.45161290322580644,0.15591397849462366,0.06451612903225806,0.03494623655913978,0.016093228462862225,0.020403588970701724,0.014626039514804809,-0.3870967741935484,3.193548387096774
Davon Clare,17.419354838709676,77.64516129032258,12.935483870967742,3.3548387096774195,1.0,2.4193548387096775,1.1290322580645162,1.1612903225806452,0.3548387096774194,0.4838709677419355,1.4193548387096775,0.3543778801843318,0.16666666666666669,0.28763440860215056,0.05601066898350995,0.05963506432646551,0.0364843999502417,-0.6451612903225806,3.193548387096774
Dominik Heinzl,9.483870967741936,39.29032258064516,6.774193548387097,2.161290322580645,0.4838709677419355,1.1290322580645162,0.12903225806451613,0.6451612903225806,0.16129032258064516,0.1935483870967742,1.096774193548387,0.3204301075268817,0.0,0.18064516129032257,0.03987990376795726,0.0,0.02459353957793084,-0.5806451612903226,3.193548387096774
Dwight Ramos,3.838709677419355,10.741935483870968,3.4516129032258065,1.1935483870967742,0.2903225806451613,0.22580645161290322,0.2903225806451613,0.3548387096774194,0.0,0.12903225806451613,0.41935483870967744,0.11962365591397849,0.06935483870967742,0.05376344086021505,0.018768966092088887,0.05067896998637037,0.013316505518952682,-0.45161290322580644,3.193548387096774
Jackson Rowe,28.967741935483872,111.70967741935483,18.838709677419356,11.806451612903226,1.3548387096774193,5.258064516129032,1.5806451612903225,1.967741935483871,0.967741935483871,0.9032258064516129,2.193548387096774,0.5617325327002747,0.3172043010752688,0.6530337941628264,0.1463658624189243,0.12528464896511435,0.13939557817674716,-0.1935483870967742,3.193548387096774
Jamal Smith,22.677419354838708,102.83870967741936,11.903225806451612,4.0,0.1935483870967742,2.3225806451612905,1.903225806451613,1.6451612903225807,0.12903225806451613,0.5483870967741935,3.0,0.30053763440860215,0.25806451612903225,0.44713261648745517,0.03738665334556704,0.07387157628593762,0.06552227197279237,-1.935483870967742,3.193548387096774
Johnny Wang,2.2580645161290325,5.67741935483871,1.1290322580645162,0.3225806451612903,0.06451612903225806,0.5161290322580645,0.0967741935483871,0.12903225806451613,0.06451612903225806,0.03225806451612903,0.22580645161290322,0.016129032258064516,0.03225806451612903,0.03225806451612903,0.003708580206276058,0.010775688574550057,0.010459596504477293,-0.06451612903225806,3.193548387096774
Josh Pitts,2.6774193548387095,2.7096774193548385,0.6451612903225806,0.7096774193548387,0.3548387096774194,0.3548387096774194,0.0967741935483871,0.0967741935483871,0.03225806451612903,0.06451612903225806,0.7096774193548387,0.12096774193548387,0.0,0.04032258064516129,0.01844786822116984,0.0,0.01256381734690967,0.0,3.193548387096774
Khalil Ahmad,31.258064516129032,93.7741935483871,25.580645161290324,15.32258064516129,0.5483870967741935,3.225806451612903,1.6774193548387097,2.4193548387096775,0.22580645161290322,1.2580645161290323,2.064516129032258,0.4645485339033727,0.26152369136240106,0.6247311827956988,0.1923188925392574,0.37186267603475237,0.13093134090207884,-1.8709677419354838,3.193548387096774
Kyle Allman,32.87096774193548,112.6774193548387,27.387096774193548,19.419354838709676,0.3225806451612903,3.096774193548387,2.3548387096774195,2.2580645161290325,0.1935483870967742,1.1612903225806452,2.161290322580645,0.49839600100510917,0.33348694316436256,0.7422407341762182,0.24794835581176017,0.20513831048386127,0.32989886928631906,-1.8064516129032258,3.193548387096774
Landon Kirkwood,1.5806451612903225,4.387096774193548,0.6451612903225806,0.5483870967741935,0.06451612903225806,0.12903225806451613,0.0967741935483871,0.06451612903225806,0.0,0.06451612903225806,0.16129032258064516,0.05376344086021505,0.06451612903225806,0.0,0.003291639236339697,0.012009803921568626,0.0,0.0,3.193548387096774
