,MP,ORtg,%Ps,Pts,OR,DR,A,TO,Blk,Stl,PF,2Pt %,3Pt %,FT %,2Pt %Att,3Pt %Att,FT %Att,Pnts-Prev,Marg
Amaad Wainright,13.181818181818182,61.39393939393939,7.393939393939394,2.696969696969697,0.696969696969697,1.5151515151515151,0.5151515151515151,0.45454545454545453,0.12121212121212122,0.5757575757575758,1.303030303030303,0.3368686868686869,0.24494949494949492,0.10858585858585859,0.03695162633406309,0.05547347686414182,0.029806045715136627,0.48484848484848486,4.484848484848484
Barry Brown,34.303030303030305,101.24242424242425,24.96969696969697,15.969696969696969,0.5757575757575758,2.5454545454545454,3.393939393939394,2.484848484848485,0.09090909090909091,1.8181818181818181,2.1515151515151514,0.490092231001322,0.321981721981722,0.6757450882450882,0.23926566022369053,0.1804657874759279,0.25059162908830673,-1.1515151515151516,4.484848484848484
Brian Patrick,6.121212121212121,31.78787878787879,3.303030303030303,1.2727272727272727,0.15151515151515152,0.3333333333333333,0.30303030303030304,0.18181818181818182,0.0,0.15151515151515152,0.8181818181818182,0.09090909090909091,0.12474747474747476,0.030303030303030304,0.006035728404149457,0.05688253920266977,0.0030303030303030303,-0.06060606060606061,4.484848484848484
Cartier Diarra,23.515151515151516,94.33333333333333,17.151515151515152,7.181818181818182,0.5757575757575758,1.6666666666666667,2.0606060606060606,1.9696969696969697,0.06060606060606061,0.696969696969697,2.242424242424242,0.44514189514189517,0.3287878787878788,0.47811447811447816,0.08050621132394833,0.12266633703687815,0.0868201848987631,-2.4242424242424243,4.484848484848484
Dean Wade,32.57575757575758,118.9090909090909,22.484848484848484,16.03030303030303,1.2727272727272727,4.848484848484849,2.696969696969697,1.4242424242424243,0.8181818181818182,1.5151515151515151,1.9090909090909092,0.5681510408783136,0.34831649831649836,0.6164622414622414,0.24190301129137357,0.13888950257825614,0.22773338665236514,1.8181818181818181,4.484848484848484
James Love,2.0303030303030303,8.424242424242424,0.8181818181818182,0.30303030303030304,0.030303030303030304,0.12121212121212122,0.0,0.030303030303030304,0.15151515151515152,0.030303030303030304,0.6060606060606061,0.06060606060606061,0.0,0.030303030303030304,0.008734058734058733,0.0,0.006237701692247147,0.30303030303030304,4.484848484848484
Kamau Stokes,20.303030303030305,72.81818181818181,17.545454545454547,7.151515151515151,0.21212121212121213,1.5454545454545454,2.757575757575758,1.4242424242424243,0.0,0.8484848484848485,1.0,0.29866522366522363,0.20784030784030783,0.38167388167388167,0.07357374929853369,0.16295721825150417,0.10980007320376961,-1.1515151515151516,4.484848484848484
Levi Stockard,8.666666666666666,36.75757575757576,5.0606060606060606,1.8484848484848484,0.6060606060606061,1.121212121212121,0.09090909090909091,0.42424242424242425,0.06060606060606061,0.15151515151515152,1.8181818181818181,0.3787878787878788,0.0,0.10101010101010101,0.04036941899071091,0.0,0.02490337797355341,-0.42424242424242425,4.484848484848484
Makol Mawien,19.303030303030305,105.33333333333333,15.090909090909092,7.0606060606060606,1.2121212121212122,2.242424242424242,0.2727272727272727,1.0303030303030303,1.0909090909090908,0.36363636363636365,3.090909090909091,0.6413292183627113,0.06060606060606061,0.38838383838383844,0.12260859467816716,0.012885593257558977,0.0892891587881737,0.8484848484848485,4.484848484848484
Mawdo Sallah,4.818181818181818,22.636363636363637,2.3333333333333335,1.121212121212121,0.30303030303030304,0.9090909090909091,0.12121212121212122,0.2727272727272727,0.21212121212121213,0.06060606060606061,0.7878787878787878,0.19191919191919188,0.0,0.07575757575757576,0.022894552537904934,0.0,0.021092815476873448,0.0,4.484848484848484
Mike McGuirl,1.9393939393939394,8.757575757575758,1.5454545454545454,0.3939393939393939,0.06060606060606061,0.18181818181818182,0.21212121212121213,0.09090909090909091,0.030303030303030304,0.0,0.15151515151515152,0.05555555555555555,0.0101010101010101,0.045454545454545456,0.006964488375462619,0.009374476286240992,0.012354312354312355,-0.12121212121212122,4.484848484848484
Nigel Shadd,1.5151515151515151,6.909090909090909,1.121212121212121,0.2727272727272727,0.21212121212121213,0.2727272727272727,0.0,0.09090909090909091,0.0,0.0,0.21212121212121213,0.06060606060606061,0.0,0.06060606060606061,0.006566635978400685,0.0,0.006673881673881674,-0.18181818181818182,4.484848484848484
Xavier Sneed,31.03030303030303,107.45454545454545,18.90909090909091,10.818181818181818,1.0909090909090908,3.757575757575758,1.8181818181818181,1.0909090909090908,0.3333333333333333,1.5757575757575757,2.272727272727273,0.47171717171717176,0.3035353535353535,0.5961399711399712,0.11362626382953633,0.2604050690468221,0.13166712945231404,1.6363636363636365,4.484848484848484
