,MP,ORtg,%Ps,Pts,OR,DR,A,TO,Blk,Stl,PF,2Pt %,3Pt %,FT %,2Pt %Att,3Pt %Att,FT %Att,Pnts-Prev,Marg,Maj Cont
Cheikh N'diaye,3.96875,9.875,1.1875,0.78125,0.15625,0.5,0.0,0.28125,0.25,0.125,0.75,0.203125,0.0,0.0859375,0.007877531586770717,0.0,0.0167833741359447,0.1875,2.03125,0.0
Daniel Gomis,2.4375,3.125,0.34375,0.4375,0.09375,0.125,0.0,0.15625,0.03125,0.03125,0.78125,0.15625,0.0,0.03125,0.007763936270135187,0.0,0.0023148148148148147,-0.1875,2.03125,0.0
Derrick Bruce,9.71875,48.71875,8.90625,3.28125,0.03125,0.8125,1.0625,0.65625,0.03125,0.21875,0.96875,0.17760416666666667,0.20625000000000002,0.24895833333333334,0.03628562632545812,0.05618394440956361,0.06359597373480497,-0.8125,2.03125,1.0
Drew Eubanks,20.59375,93.15625,17.09375,7.21875,1.40625,3.0,0.34375,1.28125,1.21875,0.4375,2.71875,0.5128968253968255,0.0,0.35598958333333336,0.13454176389260494,0.0,0.07719534741063137,0.75,2.03125,1.0
Gary Payton,33.0,107.875,26.1875,15.375,2.34375,5.3125,4.90625,2.28125,0.5,2.375,2.59375,0.5128531905419776,0.24270833333333333,0.528794642857143,0.267857020832251,0.12176643342687099,0.16713947962241157,1.1875,2.03125,1.0
Gligorije Rakocevic,5.8125,24.6875,2.75,1.25,0.40625,0.65625,0.09375,0.3125,0.0,0.125,1.03125,0.24479166666666666,0.0,0.109375,0.025446672711656203,0.0,0.017208909186279875,-0.375,2.03125,0.0
Jarmal Reid,9.25,40.21875,9.9375,2.5625,0.4375,0.90625,0.34375,0.78125,0.15625,0.375,1.75,0.18625992063492064,0.0,0.2700520833333333,0.05788347777409951,0.0,0.0573895309485018,-0.5,2.03125,1.0
Langston Morris-Walker,16.46875,78.90625,13.625,5.03125,0.59375,1.78125,0.875,0.59375,0.03125,0.625,0.90625,0.2997395833333334,0.27968750000000003,0.40513392857142855,0.05956791268485103,0.11845733859710968,0.0805129900578019,0.125,2.03125,0.0
Malcolm Duvivier,24.5625,84.125,15.78125,5.96875,0.375,1.96875,2.125,1.5625,0.15625,0.375,1.65625,0.30848214285714287,0.28816964285714286,0.32135416666666666,0.07107541797428811,0.1384151717571109,0.07091774715106705,-2.0625,2.03125,1.0
Olaf Schaftenaar,23.15625,99.1875,13.40625,6.34375,0.65625,2.1875,1.5625,0.8125,0.15625,0.40625,2.375,0.3046875,0.3190104166666667,0.3869791666666667,0.04232473761431763,0.18384569053752958,0.06426093403568374,-0.5,2.03125,0.0
Stephen Thompson,20.8125,100.125,24.03125,10.5,0.75,1.0,0.78125,0.84375,0.28125,1.125,1.6875,0.4260416666666667,0.37574404761904767,0.47235863095238095,0.12721165673992307,0.21173000500540795,0.1229425441952298,1.125,2.03125,1.0
Tres Tinkle,23.375,91.34375,19.78125,11.03125,1.25,3.3125,0.9375,1.1875,0.4375,1.0,2.25,0.39118303571428575,0.2707589285714286,0.5379261363636364,0.13091424559364453,0.13835141626640735,0.22848835470682832,0.5,2.03125,0.0
