,MP,ORtg,%Ps,Pts,OR,DR,A,TO,Blk,Stl,PF,2Pt %,3Pt %,FT %,2Pt %Att,3Pt %Att,FT %Att,Pnts-Prev,Marg,Maj Cont
Brandon Watkins,10.945945945945946,65.4054054054054,10.513513513513514,4.027027027027027,0.8918918918918919,1.6216216216216217,0.21621621621621623,0.5405405405405406,0.4864864864864865,0.32432432432432434,1.5945945945945945,0.39354354354354354,0.0,0.21480051480051482,0.0661446940588736,0.0,0.04766470305143204,0.5405405405405406,14.378378378378379,0.0
Chase Harler,2.5675675675675675,9.702702702702704,1.5135135135135136,0.6216216216216216,0.02702702702702703,0.13513513513513514,0.21621621621621623,0.10810810810810811,0.0,0.16216216216216217,0.2972972972972973,0.05855855855855856,0.02972972972972973,0.04054054054054054,0.008162595780896191,0.017025129525129523,0.006693150030708558,0.10810810810810811,14.378378378378379,0.0
Daxter Miles,16.56756756756757,88.45945945945945,14.837837837837839,7.108108108108108,0.8918918918918919,0.8918918918918919,1.2432432432432432,0.7027027027027027,0.05405405405405406,1.027027027027027,1.6216216216216217,0.46339066339066337,0.26245173745173744,0.31576576576576576,0.06606593648723993,0.14455024954385573,0.06326332475614226,0.7567567567567568,14.378378378378379,1.0
Elijah Macon,13.297297297297296,83.35135135135135,13.837837837837839,5.324324324324325,1.4324324324324325,2.081081081081081,0.4864864864864865,0.7567567567567568,0.35135135135135137,0.21621621621621623,1.8918918918918919,0.45684743184743176,0.0,0.38378378378378375,0.09113055535910705,0.0,0.06990176284034907,-0.3783783783783784,14.378378378378379,1.0
Esa Ahmad,19.83783783783784,86.24324324324324,20.72972972972973,9.405405405405405,1.5675675675675675,1.972972972972973,1.4594594594594594,1.6756756756756757,0.5135135135135135,0.8108108108108109,1.7297297297297298,0.4080895830895831,0.20045045045045043,0.5268447018447018,0.1365743452992628,0.0451229604115255,0.15963505486701562,-0.7027027027027027,14.378378378378379,1.0
James Bolden,4.135135135135135,23.81081081081081,4.675675675675675,2.5405405405405403,0.1891891891891892,0.3783783783783784,0.21621621621621623,0.24324324324324326,0.02702702702702703,0.21621621621621623,0.5675675675675675,0.16036036036036036,0.21891891891891885,0.10810810810810811,0.01238709892723222,0.06369570918770004,0.015041537902286047,0.0,14.378378378378379,0.0
James Long,1.945945945945946,0.0,0.21621621621621623,0.6756756756756757,0.02702702702702703,0.05405405405405406,0.08108108108108109,0.05405405405405406,0.0,0.21621621621621623,0.1891891891891892,0.02702702702702703,0.0990990990990991,0.018018018018018018,0.0022999600585807485,0.01810635031997261,0.0018856065367693277,0.32432432432432434,14.378378378378379,0.0
Jevon Carter,29.16216216216216,108.78378378378379,18.2972972972973,12.0,0.918918918918919,3.5945945945945947,3.5675675675675675,1.7027027027027026,0.21621621621621623,2.4054054054054053,2.27027027027027,0.4559309309309309,0.34693264693264697,0.5553088803088803,0.11261729404873397,0.22227486267145044,0.11796934091761069,1.837837837837838,14.378378378378379,1.0
Lamont West,11.08108108108108,49.78378378378378,8.702702702702704,5.162162162162162,0.6486486486486487,1.1081081081081081,0.43243243243243246,0.2972972972972973,0.21621621621621623,0.24324324324324326,1.4864864864864864,0.31891891891891894,0.2247747747747748,0.3581081081081081,0.03448143823259345,0.11847683161689086,0.052333067063802835,0.32432432432432434,14.378378378378379,0.0
Logan Routt,0.8378378378378378,0.0,0.0,0.32432432432432434,0.21621621621621623,0.10810810810810811,0.02702702702702703,0.05405405405405406,0.08108108108108109,0.0,0.16216216216216217,0.0945945945945946,0.0,0.05405405405405406,0.0028363528363528363,0.0,0.005002752189548889,0.05405405405405406,14.378378378378379,0.0
Maciej Bender,4.0,16.783783783783782,2.7837837837837838,0.972972972972973,0.3783783783783784,0.40540540540540543,0.21621621621621623,0.13513513513513514,0.2702702702702703,0.05405405405405406,0.40540540540540543,0.14144144144144144,0.02702702702702703,0.08783783783783784,0.018667731703735688,0.007564886314886316,0.01563624789431241,0.3783783783783784,14.378378378378379,0.0
Nathan Adrian,27.783783783783782,102.64864864864865,16.513513513513512,9.054054054054054,2.3783783783783785,3.081081081081081,2.7027027027027026,1.3783783783783783,0.3783783783783784,1.2432432432432432,1.8918918918918919,0.4453775203775204,0.2513513513513514,0.4698198198198198,0.10587187864866804,0.13474083512884158,0.11317790768277652,0.4864864864864865,14.378378378378379,1.0
Sagaba Konate,10.243243243243244,63.13513513513514,10.621621621621621,3.918918918918919,1.162162162162162,1.5405405405405406,0.24324324324324326,0.8378378378378378,1.3783783783783783,0.3783783783783784,1.9189189189189189,0.4578185328185329,0.0,0.2927927927927928,0.06474651565318437,0.0,0.04676336882260833,1.837837837837838,14.378378378378379,0.0
Tarik Phillip,22.43243243243243,101.45945945945945,19.027027027027028,8.594594594594595,0.5945945945945946,2.081081081081081,2.864864864864865,1.4324324324324325,0.2972972972972973,1.6756756756756757,1.7567567567567568,0.3967415467415467,0.3184684684684685,0.5763620763620764,0.10440316956398682,0.11031677369071366,0.14158291919639848,1.0810810810810811,14.378378378378379,1.0
Teyvon Myers,12.324324324324325,80.4054054054054,17.18918918918919,5.594594594594595,0.40540540540540543,0.8918918918918919,1.4054054054054055,0.972972972972973,0.02702702702702703,0.5675675675675675,0.972972972972973,0.3803088803088803,0.1936936936936937,0.3792792792792793,0.09252935226047118,0.037044330507952805,0.06236817516715775,-0.7567567567567568,14.378378378378379,0.0
