,MP,ORtg,%Ps,Pts,OR,DR,A,TO,Blk,Stl,PF,2Pt %,3Pt %,FT %,2Pt %Att,3Pt %Att,FT %Att,Pnts-Prev,Marg,Maj Cont
Brian Williams,0.0,0.0,0.0,0.0,0.0,0.0,0.0,0.0,0.0,0.0,0.0,0.0,0.0,0.0,0.0,0.0,0.0,0.0,10.911764705882353,0.0
Christien Sager,5.088235294117647,22.11764705882353,1.9705882352941178,0.7352941176470589,0.38235294117647056,0.38235294117647056,0.17647058823529413,0.14705882352941177,0.058823529411764705,0.08823529411764706,0.5294117647058824,0.058823529411764705,0.07352941176470588,0.08823529411764706,0.0038178997089031693,0.016714273972873773,0.016005003680400667,0.0,10.911764705882353,0.0
Gary Gaskins,1.0,0.0,0.0,0.2647058823529412,0.20588235294117646,0.23529411764705882,0.029411764705882353,0.14705882352941177,0.0,0.0,0.20588235294117646,0.07352941176470588,0.0,0.014705882352941176,0.007176012093369528,0.0,0.0015898251192368843,-0.29411764705882354,10.911764705882353,0.0
Kamari Murphy,24.294117647058822,99.05882352941177,12.882352941176471,5.647058823529412,1.7352941176470589,4.117647058823529,0.6764705882352942,1.0588235294117647,1.1764705882352942,0.5,3.176470588235294,0.5199463118580766,0.0,0.32009803921568625,0.1282157027332289,0.0,0.07410727599788404,1.2352941176470589,10.911764705882353,1.0
Le'Bryan Nash,29.41176470588235,105.79411764705883,23.147058823529413,13.764705882352942,1.5,4.0,1.588235294117647,1.8529411764705883,0.7941176470588235,0.5,3.2058823529411766,0.5248030837108419,0.0,0.67062324929972,0.27656135110203006,0.011722591134355842,0.21802067482946838,-1.1176470588235294,10.911764705882353,1.0
Leyton Hammonds,6.352941176470588,22.764705882352942,4.0,1.3529411764705883,0.3235294117647059,0.7647058823529411,0.17647058823529413,0.2647058823529412,0.029411764705882353,0.20588235294117646,1.2352941176470589,0.17156862745098042,0.07401960784313726,0.08088235294117647,0.016960143795919053,0.045270175473042996,0.01984363383157451,-0.058823529411764705,10.911764705882353,1.0
Marcus Smart,28.705882352941178,98.8529411764706,26.529411764705884,15.705882352941176,1.1176470588235294,3.8823529411764706,4.147058823529412,2.235294117647059,0.5,2.4411764705882355,2.5588235294117645,0.47658942364824713,0.24943128766658185,0.5557711079769904,0.19272721031911635,0.2536145379015762,0.2571513597167643,1.411764705882353,10.911764705882353,1.0
Marek Soucek,2.0294117647058822,0.0,0.0,0.20588235294117646,0.029411764705882353,0.2647058823529412,0.058823529411764705,0.17647058823529413,0.058823529411764705,0.0,0.5882352941176471,0.07352941176470588,0.0,0.014705882352941176,0.00454318476889135,0.00979331246483948,0.0024552429667519184,-0.23529411764705882,10.911764705882353,0.0
Markel Brown,34.26470588235294,114.82352941176471,22.08823529411765,16.58823529411765,1.0294117647058822,4.147058823529412,2.8529411764705883,1.588235294117647,1.0294117647058822,0.9411764705882353,2.411764705882353,0.5132495772201654,0.3131886087768441,0.6142090752384872,0.21334559701684896,0.21901059283140734,0.20167398838198536,0.7647058823529411,10.911764705882353,1.0
Mason Cox,1.0,0.0,0.0,0.17647058823529413,0.029411764705882353,0.4117647058823529,0.029411764705882353,0.058823529411764705,0.058823529411764705,0.058823529411764705,0.29411764705882354,0.058823529411764705,0.0,0.029411764705882353,0.0020955882352941177,0.001730103806228374,0.012191650853889943,0.11764705882352941,10.911764705882353,1.0
Michael Cobbins,7.529411764705882,34.94117647058823,4.735294117647059,1.7058823529411764,0.5882352941176471,1.0588235294117647,0.14705882352941177,0.29411764705882354,0.5588235294117647,0.23529411764705882,0.9411764705882353,0.18760504201680675,0.0,0.05637254901960784,0.04562802142180201,0.0,0.020710856004973657,1.0,10.911764705882353,0.0
Phil Forte,27.558823529411764,117.91176470588235,16.970588235294116,12.911764705882353,0.3235294117647059,1.411764705882353,1.2941176470588236,0.5882352941176471,0.029411764705882353,0.8235294117647058,1.3235294117647058,0.30735294117647055,0.40094007299889656,0.6390756302521008,0.06370941302694566,0.34612010536578663,0.11662208612287162,0.5294117647058824,10.911764705882353,1.0
Stevie Clark,7.529411764705882,45.294117647058826,8.441176470588236,2.5,0.17647058823529413,0.5,1.2647058823529411,0.6764705882352942,0.029411764705882353,0.4411764705882353,1.0588235294117647,0.10049019607843136,0.14313725490196078,0.10661764705882353,0.015808111071768317,0.0666125423440071,0.030216637788316344,-0.4117647058823529,10.911764705882353,0.0
