,MP,ORtg,%Ps,Pts,OR,DR,A,TO,Blk,Stl,PF,2Pt %,3Pt %,FT %,2Pt %Att,3Pt %Att,FT %Att,Pnts-Prev,Marg,Maj Cont
Austin Eastman,0.8611111111111112,0.0,0.0,0.1388888888888889,0.027777777777777776,0.1388888888888889,0.1388888888888889,0.05555555555555555,0.027777777777777776,0.027777777777777776,0.05555555555555555,0.0,0.027777777777777776,0.027777777777777776,0.0,0.007010116646339558,0.0017921146953405018,0.0,8.0,0.0
Austin Montgomery,1.0,3.4166666666666665,0.6388888888888888,0.7222222222222222,0.1388888888888889,0.19444444444444445,0.05555555555555555,0.1111111111111111,0.027777777777777776,0.0,0.1388888888888889,0.10648148148148147,0.027777777777777776,0.06944444444444445,0.008680181474299121,0.0012626262626262627,0.008162768031189083,-0.16666666666666666,8.0,0.0
Brandon Taylor,31.13888888888889,96.86111111111111,16.77777777777778,9.0,0.2222222222222222,2.0555555555555554,3.611111111111111,2.0833333333333335,0.027777777777777776,1.4722222222222223,1.2777777777777777,0.43392857142857144,0.3131613756613757,0.3591931216931217,0.07595172994566095,0.2428319604887029,0.06932855378610618,-1.1666666666666667,8.0,1.0
Brekkott Chapman,12.722222222222221,74.13888888888889,13.63888888888889,4.166666666666667,1.0277777777777777,1.6944444444444444,0.9722222222222222,0.75,0.5555555555555556,0.3611111111111111,1.8611111111111112,0.413888888888889,0.1273148148148148,0.3421296296296296,0.0692985379104288,0.04668585492171249,0.06750211865451124,0.3333333333333333,8.0,1.0
Chris Reyes,7.833333333333333,38.97222222222222,6.611111111111111,2.4444444444444446,0.6666666666666666,1.3888888888888888,0.19444444444444445,0.5277777777777778,0.19444444444444445,0.16666666666666666,0.75,0.30456349206349204,0.0,0.3217592592592593,0.0415850262764877,0.005492724867724868,0.058756276201014104,-0.3333333333333333,8.0,0.0
Dakarai Tucker,17.444444444444443,88.19444444444444,10.86111111111111,5.055555555555555,0.3333333333333333,1.9444444444444444,0.6944444444444444,0.6666666666666666,0.4444444444444444,0.3888888888888889,1.1666666666666667,0.25462962962962965,0.3638888888888888,0.21666666666666667,0.02405335902288797,0.13535627573295786,0.02832860253834726,0.3333333333333333,8.0,1.0
Gabe Bealer,2.861111111111111,21.86111111111111,4.222222222222222,1.6388888888888888,0.2222222222222222,0.3055555555555556,0.08333333333333333,0.05555555555555555,0.08333333333333333,0.05555555555555555,0.3333333333333333,0.1527777777777778,0.06712962962962962,0.11574074074074076,0.016860581715654178,0.023703374225820042,0.027906010546078455,0.16666666666666666,8.0,0.0
Isaiah Wright,10.083333333333334,55.47222222222222,5.444444444444445,1.6111111111111112,0.0,0.8055555555555556,1.1944444444444444,0.6944444444444444,0.1111111111111111,0.16666666666666666,0.8888888888888888,0.18518518518518517,0.19907407407407407,0.11574074074074073,0.013860747395524198,0.04394483009800287,0.01909149917276852,-0.8333333333333334,8.0,0.0
Jakob Poeltl,28.694444444444443,116.58333333333333,24.444444444444443,16.63888888888889,2.5833333333333335,5.888888888888889,1.7777777777777777,1.8888888888888888,1.5277777777777777,0.5555555555555556,2.2222222222222223,0.6178971876888544,0.0,0.5731496512746513,0.27189896948958603,0.0,0.2850732260503761,0.3888888888888889,8.0,1.0
Jordan Loveridge,29.02777777777778,106.52777777777777,17.22222222222222,11.11111111111111,0.3888888888888889,3.3333333333333335,1.6388888888888888,1.0555555555555556,0.1388888888888889,0.5,2.0,0.35601851851851846,0.37733686067019395,0.5513888888888889,0.07604938128637814,0.286679304891931,0.11909852561946445,-0.8333333333333334,8.0,1.0
Kenneth Ogbe,1.7222222222222223,13.777777777777779,0.9444444444444444,0.7222222222222222,0.0,0.1388888888888889,0.027777777777777776,0.027777777777777776,0.0,0.08333333333333333,0.2222222222222222,0.027777777777777776,0.06746031746031747,0.05092592592592593,0.0036651234567901237,0.01464061724359207,0.009081196581196582,0.1111111111111111,8.0,0.0
Kyle Kuzma,22.555555555555557,94.36111111111111,23.61111111111111,10.222222222222221,1.75,3.861111111111111,1.3888888888888888,1.7777777777777777,0.3888888888888889,0.3333333333333333,1.9166666666666667,0.48890392015392004,0.1898148148148148,0.40841049382716055,0.1862452551417871,0.06262456027303316,0.158145473982158,-2.111111111111111,8.0,1.0
Lorenzo Bonam,24.77777777777778,99.75,18.0,9.36111111111111,0.5277777777777778,2.5,2.888888888888889,1.4722222222222223,0.5,0.9444444444444444,1.5833333333333333,0.4682329244829244,0.2972222222222222,0.5029761904761905,0.15629555132896011,0.07421219879200125,0.09217807858589395,-0.05555555555555555,8.0,1.0
