,MP,ORtg,%Ps,Pts,OR,DR,A,TO,Blk,Stl,PF,2Pt %,3Pt %,FT %,2Pt %Att,3Pt %Att,FT %Att,Pnts-Prev,Marg
Caleb Tanner,12.942857142857143,108.62857142857143,14.028571428571428,6.285714285714286,0.05714285714285714,0.37142857142857144,0.42857142857142855,0.22857142857142856,0.0,0.17142857142857143,0.8285714285714286,0.1333333333333333,0.426156462585034,0.3047619047619048,0.0192568101213842,0.17875184677894138,0.046368184275305015,-0.11428571428571428,2.914285714285714
Carlik Jones,29.228571428571428,105.65714285714286,22.314285714285713,11.428571428571429,0.5142857142857142,3.1142857142857143,2.914285714285714,1.6,0.22857142857142856,1.0571428571428572,1.542857142857143,0.45894970109255817,0.2980952380952381,0.6146938775510203,0.1846875548314308,0.15199630415500648,0.21055545377681595,-0.6285714285714286,2.914285714285714
Christian Bradford,21.37142857142857,96.42857142857143,13.228571428571428,4.057142857142857,0.2571428571428571,1.457142857142857,1.8857142857142857,1.0,0.05714285714285714,0.5714285714285714,1.1142857142857143,0.3161904761904762,0.27904761904761904,0.2690476190476191,0.049866287607586046,0.1082036387005235,0.04666686770401941,-0.7428571428571429,2.914285714285714
Darius Bolstad,1.6571428571428573,3.4857142857142858,1.0285714285714285,0.6571428571428571,0.17142857142857143,0.22857142857142856,0.02857142857142857,0.17142857142857143,0.14285714285714285,0.0,0.4857142857142857,0.17142857142857143,0.0,0.02142857142857143,0.014201357800865897,0.0,0.012070282658517955,-0.05714285714285714,2.914285714285714
Devonnte Holland,14.457142857142857,81.25714285714285,19.02857142857143,4.685714285714286,1.4857142857142858,1.8285714285714285,0.34285714285714286,1.2857142857142858,0.4,0.2,2.4571428571428573,0.49573696145124707,0.0,0.41,0.10780924196563806,0.001142857142857143,0.08851097006094792,-1.3714285714285714,2.914285714285714
Donald Hicks,26.314285714285713,99.88571428571429,16.02857142857143,7.571428571428571,1.2,2.085714285714286,1.3142857142857143,1.0571428571428572,0.0,0.45714285714285713,2.1142857142857143,0.2704761904761905,0.3420634920634921,0.32857142857142857,0.08722830862012737,0.19371083098070963,0.047931766662416816,-1.2,2.914285714285714
Ed Polite,31.057142857142857,103.6,22.82857142857143,13.142857142857142,2.057142857142857,5.457142857142857,1.3428571428571427,1.8285714285714285,0.9142857142857143,1.8857142857142857,2.2,0.5378612657184084,0.19920634920634922,0.5607008864151721,0.21945846883458214,0.09988755626321726,0.2738054538872761,1.9428571428571428,2.914285714285714
Justin Cousin,10.028571428571428,50.42857142857143,7.257142857142857,2.3142857142857145,0.11428571428571428,0.6571428571428571,0.34285714285714286,0.4,0.02857142857142857,0.08571428571428572,0.8285714285714286,0.07142857142857142,0.20578231292517005,0.08571428571428572,0.015542081553354356,0.08958724392180155,0.012075509629689197,-0.5714285714285714,2.914285714285714
Leroy Butts,7.0,31.485714285714284,2.742857142857143,2.1142857142857143,0.45714285714285713,1.0857142857142856,0.2,0.4,0.02857142857142857,0.22857142857142856,0.45714285714285713,0.37823129251700677,0.14285714285714285,0.07142857142857142,0.03553549759497915,0.023769004571525587,0.02647623961865448,-0.2857142857142857,2.914285714285714
Randy Phillips,22.2,99.77142857142857,19.285714285714285,6.742857142857143,2.857142857142857,2.6857142857142855,0.7142857142857143,1.6,0.9428571428571428,0.4857142857142857,2.4285714285714284,0.5556184291898578,0.0,0.4472108843537415,0.13826180348227718,0.0,0.152425749705272,-0.34285714285714286,2.914285714285714
Travis Fields,18.942857142857143,94.94285714285714,19.257142857142856,5.714285714285714,0.42857142857142855,1.6,2.1142857142857143,1.2857142857142858,0.11428571428571428,0.9428571428571428,1.2571428571428571,0.35734693877551027,0.28761904761904766,0.2585714285714286,0.0941266695282433,0.10789031756787461,0.05168495059251362,-0.45714285714285713,2.914285714285714
Tristan Owens,1.5714285714285714,0.0,0.0,0.3142857142857143,0.05714285714285714,0.2,0.14285714285714285,0.14285714285714285,0.0,0.02857142857142857,0.14285714285714285,0.04285714285714286,0.04285714285714286,0.014285714285714285,0.005454489488102934,0.016488971346114205,0.002857142857142857,-0.22857142857142856,2.914285714285714
