,MP,ORtg,%Ps,Pts,OR,DR,A,TO,Blk,Stl,PF,2Pt %,3Pt %,FT %,2Pt %Att,3Pt %Att,FT %Att,Pnts-Prev,Marg
Alpha Diallo,27.823529411764707,94.17647058823529,21.323529411764707,11.823529411764707,2.0,4.0,2.0294117647058822,1.7647058823529411,0.2647058823529412,0.9117647058823529,2.6470588235294117,0.48368175941705366,0.19215686274509802,0.5845354808590103,0.1963920873506154,0.10148314549144366,0.1528682965649851,-1.1764705882352942,1.0294117647058822
Drew Edwards,9.764705882352942,43.588235294117645,5.588235294117647,1.9705882352941178,0.4117647058823529,1.0294117647058822,0.4117647058823529,0.5,0.058823529411764705,0.47058823529411764,1.088235294117647,0.2804621848739495,0.053921568627450976,0.23774509803921565,0.03040942298776471,0.038251297125106436,0.030123649223819004,0.058823529411764705,1.0294117647058822
Isaiah Jackson,20.470588235294116,89.70588235294117,17.676470588235293,7.588235294117647,0.9705882352941176,3.3529411764705883,1.1176470588235294,1.1176470588235294,0.17647058823529413,0.7352941176470589,1.7647058823529411,0.32198879551820725,0.2715686274509804,0.48049719887955183,0.0980926000322029,0.11340326353070528,0.12101939188130405,-0.4117647058823529,1.0294117647058822
Jalen Lindsey,30.91176470588235,108.38235294117646,11.264705882352942,8.382352941176471,1.0588235294117647,2.323529411764706,0.8235294117647058,0.6470588235294118,0.6176470588235294,0.9117647058823529,1.8823529411764706,0.25980392156862747,0.3915032679738562,0.357843137254902,0.029982328209484307,0.27503373029902606,0.05132418551727109,1.7647058823529411,1.0294117647058822
Kalif Young,16.58823529411765,75.67647058823529,13.205882352941176,4.352941176470588,1.4411764705882353,2.6470588235294117,0.5882352941176471,0.8823529411764706,0.6176470588235294,0.38235294117647056,1.9705882352941178,0.44950980392156864,0.0,0.2636554621848739,0.08480115453074222,0.0,0.08002664023536316,0.23529411764705882,1.0294117647058822
Kyron Cartwright,30.029411764705884,96.3529411764706,22.676470588235293,11.470588235294118,0.3235294117647059,2.5,5.5,2.6176470588235294,0.029411764705882353,1.2352941176470589,1.8235294117647058,0.3856236084177261,0.3072829131652661,0.607661701044054,0.16121977935169596,0.15388040463974995,0.14296569179220006,-2.7058823529411766,1.0294117647058822
Makai Ashton-Langford,11.941176470588236,40.61764705882353,12.323529411764707,3.823529411764706,0.11764705882352941,1.411764705882353,1.5294117647058822,1.2647058823529411,0.14705882352941177,0.5882352941176471,1.2941176470588236,0.2740896358543417,0.058823529411764705,0.25490196078431376,0.07514687804386433,0.0382804785008391,0.08319569176380319,-1.0588235294117647,1.0294117647058822
Maliek White,9.470588235294118,45.970588235294116,9.029411764705882,3.5,0.11764705882352941,0.6470588235294118,0.5294117647058824,0.5294117647058824,0.08823529411764706,0.5,0.5882352941176471,0.2647058823529412,0.17941176470588235,0.20588235294117646,0.03624527065697029,0.07592959954915882,0.03601538130300738,0.11764705882352941,1.0294117647058822
Nate Watson,13.705882352941176,79.91176470588235,15.029411764705882,6.823529411764706,0.8529411764705882,1.1176470588235294,0.11764705882352941,0.8529411764705882,0.7647058823529411,0.20588235294117646,2.0,0.5291061879297174,0.0,0.5722689075630253,0.11162803436077522,0.0,0.1042747353915518,0.23529411764705882,1.0294117647058822
Rodney Bullock,31.823529411764707,98.20588235294117,21.470588235294116,13.617647058823529,1.4411764705882353,4.235294117647059,1.1176470588235294,1.9411764705882353,0.9705882352941176,0.7647058823529411,2.411764705882353,0.47019671504965627,0.27787114845938377,0.685486694677871,0.1760824444758847,0.20373808086397066,0.19818633632669502,-0.4117647058823529,1.0294117647058822
