,MP,ORtg,%Ps,Pts,OR,DR,A,TO,Blk,Stl,PF,2Pt %,3Pt %,FT %,2Pt %Att,3Pt %Att,FT %Att,Pnts-Prev,Marg,Maj Cont
Brady Heslip,24.86842105263158,130.5,13.105263157894736,10.868421052631579,0.2894736842105263,0.9473684210526315,0.7631578947368421,0.3684210526315789,0.0,0.47368421052631576,1.1578947368421053,0.14912280701754385,0.4046155598787178,0.38333333333333336,0.02664543153418592,0.3218493340867847,0.0688921889629011,0.21052631578947367,6.2894736842105265,1.0
Cory Jefferson,26.657894736842106,106.47368421052632,21.81578947368421,12.473684210526315,2.736842105263158,5.026315789473684,0.9210526315789473,1.236842105263158,1.236842105263158,0.3684210526315789,2.0526315789473686,0.4643814518814518,0.23684210526315788,0.5784563389826548,0.21909403093798052,0.04597007836914152,0.20831820978446267,0.7368421052631579,6.2894736842105265,1.0
Gary Franklin,20.263157894736842,89.15789473684211,14.105263157894736,5.026315789473684,0.21052631578947367,1.236842105263158,2.236842105263158,1.236842105263158,0.0,0.4473684210526316,1.2105263157894737,0.29649122807017536,0.25269423558897247,0.28728070175438597,0.033131210362745786,0.1720144144467598,0.03422426911120824,-1.5789473684210527,6.2894736842105265,1.0
Isaiah Austin,25.842105263157894,91.05263157894737,20.55263157894737,10.131578947368421,2.0,3.0789473684210527,1.263157894736842,1.8157894736842106,3.0,0.42105263157894735,2.210526315789474,0.4131156124577178,0.14144736842105265,0.46193609022556387,0.19018969471261854,0.0783950251338379,0.141431033172489,3.210526315789474,6.2894736842105265,1.0
Ishmail Wainright,7.552631578947368,42.973684210526315,6.7631578947368425,1.5263157894736843,0.5263157894736842,0.7105263157894737,0.8947368421052632,0.6578947368421053,0.02631578947368421,0.21052631578947367,1.1842105263157894,0.18421052631578946,0.06578947368421052,0.1469298245614035,0.02715066021316411,0.012926854471777991,0.029023945803712953,-0.8421052631578947,6.2894736842105265,0.0
Kenny Chery,25.86842105263158,103.13157894736842,19.605263157894736,10.342105263157896,0.2894736842105263,1.9210526315789473,4.447368421052632,1.8157894736842106,0.05263157894736842,0.8947368421052632,1.4473684210526316,0.41906645985593355,0.24511278195488723,0.5393483709273182,0.14062023972554605,0.16129473334755545,0.10382961237257057,-1.736842105263158,6.2894736842105265,1.0
Rico Gathers,16.44736842105263,91.92105263157895,18.05263157894737,5.947368421052632,2.6052631578947367,3.3157894736842106,0.13157894736842105,0.7105263157894737,0.47368421052631576,0.7368421052631579,2.3684210526315788,0.3700292397660818,0.0,0.45654477101845525,0.11436138483126712,0.0,0.15334232822239421,1.0,6.2894736842105265,1.0
Royce O'Neale,24.842105263157894,110.71052631578948,14.18421052631579,6.684210526315789,1.8421052631578947,3.026315789473684,2.473684210526316,1.5263157894736843,0.15789473684210525,0.7894736842105263,2.1842105263157894,0.48677944862155387,0.31973684210526315,0.41271929824561404,0.07795213179354325,0.07416256701768603,0.09116477299279065,-1.1578947368421053,6.2894736842105265,1.0
Taurean Prince,13.473684210526315,75.73684210526316,19.763157894736842,6.026315789473684,1.0,1.631578947368421,0.6052631578947368,1.3157894736842106,0.18421052631578946,0.47368421052631576,1.9736842105263157,0.40924185463659146,0.18026315789473682,0.43220551378446115,0.09190784746789604,0.054439624705403894,0.09082627115641809,-1.3157894736842106,6.2894736842105265,0.0
