,MP,ORtg,%Ps,Pts,OR,DR,A,TO,Blk,Stl,PF,2Pt %,3Pt %,FT %,2Pt %Att,3Pt %Att,FT %Att,Pnts-Prev,Marg
Ahmed Hamdy,12.84375,84.65625,17.0625,5.84375,1.15625,1.65625,0.21875,0.84375,0.28125,0.25,2.15625,0.5024980228105229,0.0,0.4717757936507936,0.11005935119037372,0.0,0.10127909753433731,-0.625,7.0625
Alex Robinson,29.8125,90.53125,20.65625,9.15625,0.40625,2.3125,5.6875,3.0625,0.25,1.0625,2.09375,0.43321270743145746,0.3260416666666667,0.4033177759740259,0.14360132152246063,0.10689496597856259,0.14699084941860435,-3.5,7.0625
Desmond Bane,30.25,122.6875,17.21875,12.75,0.46875,3.59375,2.4375,1.71875,0.21875,0.9375,2.28125,0.6061383928571429,0.49672619047619054,0.45859374999999997,0.11254886947019833,0.18295343987526785,0.11587913125952601,-1.125,7.0625
Jaylen Fisher,14.53125,65.5625,11.1875,6.53125,0.1875,0.625,2.84375,1.0625,0.03125,0.59375,1.125,0.2505828373015873,0.2209201388888889,0.228125,0.06250046568489107,0.09285418782385542,0.0483987879711564,-0.875,7.0625
JD Miller,20.0,100.78125,19.5,8.0625,1.3125,2.625,1.03125,1.125,0.5625,0.625,1.40625,0.5247395833333334,0.16979166666666665,0.37552083333333336,0.12276894307384945,0.08840331804235747,0.0783533514086526,0.125,7.0625
Kenrich Williams,34.9375,116.9375,18.40625,12.71875,2.6875,6.34375,3.84375,1.96875,0.46875,1.75,2.4375,0.5118575868575869,0.39644886363636367,0.5207589285714286,0.16002936230332315,0.16502757368434087,0.13307385980036976,0.5,7.0625
Kouat Noi,21.90625,120.5,18.21875,10.25,1.125,2.8125,0.75,0.8125,0.09375,0.65625,1.8125,0.5505208333333333,0.38100649350649346,0.37689732142857146,0.08033689627796019,0.20190923321937077,0.10043555273353615,-0.125,7.0625
RJ Nembhard,1.03125,4.65625,2.0,0.28125,0.0625,0.125,0.15625,0.15625,0.03125,0.0,0.0625,0.034375,0.0,0.0078125,0.008198537714543812,0.0068163029100529095,0.00625,-0.25,7.0625
Shawn Olden,10.3125,44.0625,5.0,1.90625,0.09375,0.59375,0.65625,0.375,0.03125,0.375,1.09375,0.0625,0.17968749999999997,0.08333333333333333,0.006551242731692427,0.06507542057464187,0.014496527777777778,0.0625,7.0625
Vladimir Brodziansky,27.125,129.4375,21.90625,15.09375,2.09375,3.0,1.15625,1.28125,1.625,0.3125,2.1875,0.6605382464757464,0.2140625,0.7185391865079366,0.19340501003070723,0.09006555789155017,0.22359284209603958,1.3125,7.0625
