,MP,ORtg,%Ps,Pts,OR,DR,A,TO,Blk,Stl,PF,2Pt %,3Pt %,FT %,2Pt %Att,3Pt %Att,FT %Att,Pnts-Prev,Marg,Maj Cont
AJ Edwards,1.2333333333333334,0.0,0.0,0.16666666666666666,0.03333333333333333,0.03333333333333333,0.03333333333333333,0.1,0.0,0.03333333333333333,0.03333333333333333,0.03333333333333333,0.016666666666666666,0.0,0.0007407407407407409,0.010108777624762281,0.0,-0.13333333333333333,11.233333333333333,0.0
Alex Copeland,1.9666666666666666,5.4,1.2666666666666666,1.0,0.1,0.2,0.2,0.1,0.03333333333333333,0.1,0.16666666666666666,0.09166666666666666,0.03333333333333333,0.05555555555555555,0.017070009175272335,0.004991087344028521,0.018744588744588744,0.06666666666666667,11.233333333333333,0.0
Anthony Dallier,17.8,82.03333333333333,12.866666666666667,4.4,0.43333333333333335,2.433333333333333,1.1,0.9333333333333333,0.16666666666666666,0.7666666666666667,1.7666666666666666,0.32388888888888895,0.2027777777777778,0.27666666666666667,0.053124379566845334,0.08951232862375007,0.05804869630974118,0.0,11.233333333333333,1.0
Blake Reynolds,5.433333333333334,22.666666666666668,3.2666666666666666,1.6666666666666667,0.4666666666666667,0.7666666666666667,0.26666666666666666,0.2,0.03333333333333333,0.16666666666666666,0.4,0.23055555555555557,0.1,0.15555555555555556,0.018955638261568184,0.029473961082017348,0.02024943883277217,0.0,11.233333333333333,0.0
Brandon Sherrod,25.733333333333334,106.83333333333333,20.7,11.633333333333333,2.6333333333333333,3.966666666666667,1.1333333333333333,1.2,0.6333333333333333,0.6333333333333333,2.2,0.5392520442520443,0.0,0.523024383024383,0.19278638247122978,0.0027777777777777775,0.22941532987629498,0.13333333333333333,11.233333333333333,1.0
Eric Anderson,5.2,22.833333333333332,3.6666666666666665,1.3666666666666667,0.23333333333333334,0.6666666666666666,0.16666666666666666,0.3,0.06666666666666667,0.16666666666666666,0.4666666666666667,0.15777777777777777,0.04444444444444444,0.07777777777777777,0.023472043165439396,0.015694762267988813,0.018229918229918228,-0.13333333333333333,11.233333333333333,0.0
Jack Montague,18.9,71.76666666666667,11.833333333333334,6.433333333333334,0.3,1.3333333333333333,1.9666666666666666,1.3666666666666667,0.0,0.7333333333333333,1.3,0.18888888888888886,0.2786123136123136,0.3444444444444444,0.039313797162990965,0.22024735285503896,0.04771355029048762,-1.2666666666666666,11.233333333333333,0.0
Justin Sears,26.9,97.7,23.766666666666666,13.666666666666666,3.1666666666666665,3.3333333333333335,2.466666666666667,2.066666666666667,1.5333333333333334,0.7,2.3666666666666667,0.4646313653666595,0.08888888888888888,0.5192460317460318,0.24006835809887078,0.028179611303181102,0.24177298608774805,0.3333333333333333,11.233333333333333,1.0
Khaliq Ghani,9.133333333333333,42.233333333333334,5.433333333333334,2.1666666666666665,0.13333333333333333,1.1666666666666667,0.3333333333333333,0.36666666666666664,0.16666666666666666,0.26666666666666666,0.8666666666666667,0.11444444444444445,0.185,0.075,0.01553581529216371,0.07772993736245855,0.008406916233003188,0.13333333333333333,11.233333333333333,0.0
Makai Mason,30.033333333333335,99.9,24.133333333333333,14.733333333333333,0.4666666666666667,1.9666666666666666,3.466666666666667,2.8333333333333335,0.06666666666666667,0.8333333333333334,1.6333333333333333,0.4416304066304066,0.324973544973545,0.5963047138047137,0.178993194696297,0.28076913085443844,0.15640057217269418,-3.8666666666666667,11.233333333333333,1.0
Nick Victor,25.8,100.26666666666667,13.666666666666666,6.5,1.4333333333333333,5.333333333333333,2.4,1.7333333333333334,1.1666666666666667,0.6666666666666666,2.8,0.43111111111111106,0.36333333333333334,0.2805555555555556,0.06281929449278455,0.13806583308282727,0.07145807252776346,0.2,11.233333333333333,1.0
Sam Downey,13.666666666666666,97.5,11.733333333333333,5.233333333333333,1.1,2.033333333333333,0.3333333333333333,0.4,0.23333333333333334,0.16666666666666666,1.6,0.47785714285714287,0.1,0.3333333333333333,0.07649356664375381,0.017068529881997373,0.05316280121739892,0.0,11.233333333333333,1.0
Trey Phills,3.566666666666667,12.466666666666667,2.8666666666666667,0.7,0.13333333333333333,0.36666666666666664,0.2,0.4,0.13333333333333333,0.1,0.5666666666666667,0.14444444444444443,0.01111111111111111,0.1111111111111111,0.013960113565376724,0.018714243273066804,0.009730462810922581,-0.3333333333333333,11.233333333333333,0.0
