,MP,ORtg,%Ps,Pts,OR,DR,A,TO,Blk,Stl,PF,2Pt %,3Pt %,FT %,2Pt %Att,3Pt %Att,FT %Att,Pnts-Prev,Marg,Maj Cont
Austin Arians,31.685714285714287,109.51428571428572,15.342857142857143,10.571428571428571,0.8,2.5142857142857142,1.4,1.3428571428571427,0.11428571428571428,0.7714285714285715,1.9428571428571428,0.5782312925170069,0.32468253968253974,0.4071428571428571,0.09605876963312812,0.22258102645483202,0.0756126323654934,-0.9142857142857143,0.45714285714285713,1.0
Cody Wichmann,5.428571428571429,26.37142857142857,3.2,1.9428571428571428,0.11428571428571428,0.2571428571428571,0.2,0.08571428571428572,0.02857142857142857,0.08571428571428572,0.34285714285714286,0.20476190476190478,0.1661904761904762,0.047619047619047616,0.0165371798874103,0.04639250286692356,0.009712892471513163,0.05714285714285714,0.45714285714285713,0.0
Evan Richard,1.8857142857142857,5.114285714285714,0.42857142857142855,0.4,0.08571428571428572,0.05714285714285714,0.02857142857142857,0.05714285714285714,0.02857142857142857,0.02857142857142857,0.02857142857142857,0.05714285714285714,0.04285714285714286,0.05714285714285714,0.006676636256468189,0.006200460829493088,0.005092946269416858,0.0,0.45714285714285713,0.0
JJ Panoske,9.542857142857143,34.8,9.485714285714286,2.914285714285714,0.5714285714285714,1.6285714285714286,0.4,0.6857142857142857,0.7428571428571429,0.08571428571428572,0.9714285714285714,0.21142238713667286,0.11714285714285713,0.19428571428571428,0.04965886564572706,0.04908067684050336,0.028025610244097634,0.2857142857142857,0.45714285714285713,0.0
Jordan Aaron,28.228571428571428,84.02857142857142,20.314285714285713,12.857142857142858,0.3142857142857143,2.257142857142857,2.057142857142857,1.8285714285714285,0.11428571428571428,0.9428571428571428,2.142857142857143,0.35261698618841475,0.2676602762317048,0.5701814058956917,0.1444007878650341,0.26106524890963845,0.15235638606942487,-1.542857142857143,0.45714285714285713,1.0
JR Lyle,7.114285714285714,25.4,4.371428571428571,2.142857142857143,0.2,0.2857142857142857,0.5142857142857142,0.3142857142857143,0.0,0.5714285714285714,0.9714285714285714,0.19945578231292518,0.06142857142857142,0.08095238095238094,0.03433449498152343,0.04537380771292401,0.019512006512006515,0.5142857142857142,0.45714285714285713,1.0
Kyle Kelm,29.114285714285714,104.51428571428572,21.65714285714286,12.228571428571428,1.6857142857142857,3.342857142857143,1.5714285714285714,2.0,0.14285714285714285,0.5714285714285714,2.2285714285714286,0.5442238713667285,0.14761904761904762,0.6614460935889508,0.21138657537244468,0.051450142957500375,0.24297696149948292,-2.5714285714285716,0.45714285714285713,1.0
Malcolm Moore,12.257142857142858,68.77142857142857,11.857142857142858,3.6,1.1142857142857143,1.6857142857142857,0.5428571428571428,0.8285714285714286,0.42857142857142855,0.2,1.7714285714285714,0.3846938775510204,0.15714285714285714,0.2947619047619048,0.06679475283677835,0.037668243757564314,0.045293165285979944,-0.4,0.45714285714285713,1.0
Matt Tiby,26.02857142857143,96.57142857142857,26.485714285714284,11.714285714285714,1.8285714285714285,4.571428571428571,1.9142857142857144,2.6857142857142855,0.2857142857142857,0.5142857142857142,2.6857142857142855,0.46731807874665016,0.27857142857142864,0.6752931988646275,0.17453443661061163,0.09584526213388586,0.2683838900233197,-3.7714285714285714,0.45714285714285713,1.0
Mitch Roelke,3.5142857142857142,17.0,1.9428571428571428,0.7714285714285715,0.02857142857142857,0.17142857142857143,0.2571428571428571,0.22857142857142856,0.0,0.05714285714285714,0.2571428571428571,0.0,0.14285714285714285,0.02857142857142857,0.0032137592137592135,0.021275288364682746,0.010317460317460317,-0.34285714285714286,0.45714285714285713,0.0
Quinton Gustavson,1.6,0.0,0.0,0.6571428571428571,0.05714285714285714,0.3142857142857143,0.02857142857142857,0.0,0.02857142857142857,0.05714285714285714,0.17142857142857143,0.11428571428571428,0.07142857142857142,0.02857142857142857,0.007533160684421189,0.009489423355549115,0.004224270353302611,0.17142857142857143,0.45714285714285713,0.0
Steve McWhorter,33.114285714285714,94.14285714285714,16.085714285714285,7.742857142857143,0.7714285714285715,3.2857142857142856,3.857142857142857,2.085714285714286,0.45714285714285713,1.457142857142857,2.942857142857143,0.4222789115646258,0.2861904761904762,0.40571428571428575,0.13322154663753036,0.11290840161583852,0.10025019221788332,-0.34285714285714286,0.45714285714285713,1.0
Thierno Niang,6.914285714285715,26.0,5.6571428571428575,1.3714285714285714,0.08571428571428572,0.9428571428571428,0.45714285714285713,0.6571428571428571,0.0,0.2571428571428571,1.1142857142857143,0.16904761904761903,0.05714285714285714,0.1,0.027077605803734743,0.012098085629236022,0.009670157799190057,-0.8,0.45714285714285713,0.0
