,MP,ORtg,%Ps,Pts,OR,DR,A,TO,Blk,Stl,PF,2Pt %,3Pt %,FT %,2Pt %Att,3Pt %Att,FT %Att,Pnts-Prev,Marg,Maj Cont
Amar Alibegovic,5.909090909090909,24.515151515151516,3.3333333333333335,1.121212121212121,0.36363636363636365,0.7272727272727273,0.09090909090909091,0.2727272727272727,0.09090909090909091,0.12121212121212122,1.2121212121212122,0.1616161616161616,0.09595959595959595,0.015151515151515152,0.013065820060987329,0.04017882072740796,0.011489703536917159,-0.12121212121212122,3.484848484848485,0.0
Chris Obekpa,24.818181818181817,83.81818181818181,11.878787878787879,5.2727272727272725,2.1818181818181817,4.151515151515151,0.48484848484848486,1.0303030303030303,2.8484848484848486,0.9090909090909091,2.9393939393939394,0.3796176046176046,0.0,0.2907713498622589,0.10593915771475498,0.0013175230566534915,0.11601677432391524,5.454545454545454,3.484848484848485,0.0
Christian Jones,3.4545454545454546,16.09090909090909,1.393939393939394,0.7272727272727273,0.24242424242424243,0.48484848484848486,0.0,0.12121212121212122,0.030303030303030304,0.030303030303030304,0.3333333333333333,0.15656565656565657,0.0,0.045454545454545456,0.011770232058480398,0.0021645021645021645,0.010722610722610723,-0.12121212121212122,3.484848484848485,0.0
D'Angelo Harrison,33.666666666666664,105.96969696969697,24.03030303030303,16.939393939393938,1.0303030303030303,4.181818181818182,1.878787878787879,1.606060606060606,0.42424242424242425,1.0909090909090908,3.303030303030303,0.413517206699025,0.339902269447724,0.7424701561065198,0.18379153711196478,0.3139099872896481,0.28847683514428696,-0.18181818181818182,3.484848484848485,1.0
Felix Balamou,6.121212121212121,16.242424242424242,2.9696969696969697,0.8787878787878788,0.42424242424242425,0.45454545454545453,0.12121212121212122,0.42424242424242425,0.030303030303030304,0.18181818181818182,0.8484848484848485,0.11212121212121212,0.0,0.08333333333333333,0.02859321190315474,0.0,0.014946219357984064,-0.42424242424242425,3.484848484848485,0.0
Jamal Branch,19.21212121212121,92.36363636363636,11.303030303030303,4.212121212121212,0.45454545454545453,1.696969696969697,2.1515151515151514,0.8484848484848485,0.0,0.5454545454545454,1.4242424242424243,0.3477272727272727,0.17929292929292928,0.23737373737373738,0.06775191293398675,0.05161815985767576,0.03553378080467864,-0.6060606060606061,3.484848484848485,1.0
Joey De La Rosa,2.4545454545454546,3.878787878787879,0.45454545454545453,0.2727272727272727,0.18181818181818182,0.30303030303030304,0.0,0.09090909090909091,0.09090909090909091,0.030303030303030304,0.6060606060606061,0.06060606060606061,0.0,0.007575757575757576,0.007659000840819022,0.0,0.011430090377458797,0.06060606060606061,3.484848484848485,0.0
Myles Stewart,2.909090909090909,8.303030303030303,1.1818181818181819,0.8484848484848485,0.030303030303030304,0.21212121212121213,0.06060606060606061,0.09090909090909091,0.09090909090909091,0.06060606060606061,0.30303030303030304,0.045454545454545456,0.101010101010101,0.0,0.004881911566403546,0.04582309323725029,0.0,0.12121212121212122,3.484848484848485,0.0
Phil Greene,33.666666666666664,101.12121212121212,18.242424242424242,12.757575757575758,0.48484848484848486,2.606060606060606,1.5757575757575757,1.0606060606060606,0.030303030303030304,0.8787878787878788,0.8484848484848485,0.4231536140627051,0.3468734968734969,0.3542568542568542,0.16547228765449334,0.2760696105216657,0.06865624023821629,-0.30303030303030304,3.484848484848485,1.0
Rysheed Jordan,28.21212121212121,87.3030303030303,24.09090909090909,12.969696969696969,1.121212121212121,2.242424242424242,2.8484848484848486,2.757575757575758,0.30303030303030304,1.5454545454545454,2.393939393939394,0.40895863395863397,0.29161856661856667,0.5317279942279942,0.15629950979754215,0.19698007707971726,0.21997975686645094,-1.8181818181818181,3.484848484848485,1.0
Sir'Dominic Pointer,33.45454545454545,107.78787878787878,20.303030303030305,13.06060606060606,1.9090909090909092,5.454545454545454,2.909090909090909,1.878787878787879,2.3636363636363638,1.8484848484848484,2.878787878787879,0.5592315092315092,0.045454545454545456,0.5410866910866912,0.22447238805438266,0.0416351957624489,0.19244495832445088,4.666666666666667,3.484848484848485,1.0
