,MP,ORtg,%Ps,Pts,OR,DR,A,TO,Blk,Stl,PF,2Pt %,3Pt %,FT %,2Pt %Att,3Pt %Att,FT %Att,Pnts-Prev,Marg,Maj Cont
Badou Diagne,20.294117647058822,79.52941176470588,13.970588235294118,7.117647058823529,1.5294117647058822,4.411764705882353,0.7647058823529411,1.4411764705882353,0.6470588235294118,0.4411764705882353,2.2941176470588234,0.38771008403361346,0.23725490196078436,0.3924019607843137,0.08388868417920654,0.09284221118720062,0.07756434427345728,-0.7058823529411765,4.205882352941177,1.0
Colton Ray-St Cyr,9.970588235294118,49.970588235294116,8.205882352941176,3.0588235294117645,0.35294117647058826,1.2941176470588236,0.6764705882352942,0.6764705882352942,0.20588235294117646,0.2647058823529412,1.0,0.357843137254902,0.1446078431372549,0.12254901960784315,0.02854190228196931,0.07086214479407396,0.019132180062764098,-0.4117647058823529,4.205882352941177,0.0
El Hadji Ndieguene,22.11764705882353,84.08823529411765,12.0,4.029411764705882,2.176470588235294,4.117647058823529,0.5294117647058824,1.1176470588235294,0.29411764705882354,0.3235294117647059,2.4705882352941178,0.3523459383753501,0.0,0.32843137254901966,0.09136705771362193,0.0,0.06504374184669215,-1.0,4.205882352941177,1.0
Elijah Wilson,31.5,105.97058823529412,22.5,15.617647058823529,1.1470588235294117,2.823529411764706,0.8529411764705882,1.3529411764705883,0.23529411764705882,0.9411764705882353,2.411764705882353,0.5107508504567327,0.3295518207282913,0.5682404540763675,0.2161437297564571,0.2557236401728441,0.14534474480445356,-0.35294117647058826,4.205882352941177,1.0
Eric Smith,10.529411764705882,47.61764705882353,7.323529411764706,2.235294117647059,0.11764705882352941,0.6176470588235294,0.6470588235294118,0.5588235294117647,0.029411764705882353,0.38235294117647056,0.5294117647058824,0.25686274509803925,0.10588235294117648,0.23284313725490197,0.02739251644496457,0.05433798871205611,0.04785006445223164,-0.29411764705882354,4.205882352941177,1.0
Josh Cameron,27.352941176470587,98.47058823529412,27.11764705882353,13.705882352941176,0.3235294117647059,2.176470588235294,2.3823529411764706,2.7058823529411766,0.23529411764705882,0.9411764705882353,2.0588235294117645,0.39269374416433245,0.3764122315592905,0.6920624310330192,0.14737971117876306,0.27950217509058617,0.19745818997093795,-3.0588235294117645,4.205882352941177,1.0
Kyle Buffkin,1.7058823529411764,5.911764705882353,0.14705882352941177,0.11764705882352941,0.029411764705882353,0.14705882352941177,0.0,0.08823529411764706,0.029411764705882353,0.0,0.6470588235294118,0.058823529411764705,0.0,0.0,0.002158032863614329,0.0,0.005777310924369748,-0.11764705882352941,4.205882352941177,0.0
Michel Enanga,21.11764705882353,82.0,14.941176470588236,5.0588235294117645,1.911764705882353,3.264705882352941,0.9411764705882353,1.4411764705882353,0.47058823529411764,0.8823529411764706,2.9705882352941178,0.4072829131652661,0.19362745098039216,0.33725490196078434,0.06863470772045022,0.07754247658954919,0.08782060802950276,-0.17647058823529413,4.205882352941177,1.0
Ron Trapps,1.6176470588235294,1.9411764705882353,0.8823529411764706,0.7941176470588235,0.0,0.08823529411764706,0.14705882352941177,0.17647058823529413,0.029411764705882353,0.08823529411764706,0.17647058823529413,0.10294117647058823,0.07941176470588236,0.09558823529411764,0.005018125048852039,0.023935473650603112,0.012733826150781169,-0.11764705882352941,4.205882352941177,0.0
Tristian Curtis,8.441176470588236,33.05882352941177,5.264705882352941,1.5,1.0,1.5294117647058822,0.2647058823529412,0.4411764705882353,0.4411764705882353,0.11764705882352941,0.6764705882352942,0.22598039215686275,0.029411764705882353,0.09150326797385622,0.03479749736309018,0.008756585896649084,0.03650681691316365,0.23529411764705882,4.205882352941177,0.0
Uros Ljeskovic,10.882352941176471,51.44117647058823,10.558823529411764,3.0,1.4705882352941178,1.088235294117647,0.058823529411764705,0.9117647058823529,0.058823529411764705,0.2647058823529412,1.7941176470588236,0.3791316526610644,0.0,0.19124649859943976,0.054793227044307294,0.0,0.0707089047765402,-1.1764705882352942,4.205882352941177,1.0
Warren Gillis,31.794117647058822,106.29411764705883,23.323529411764707,14.352941176470589,0.6176470588235294,2.764705882352941,3.0588235294117645,2.676470588235294,0.08823529411764706,1.588235294117647,2.176470588235294,0.4739946736270266,0.33284313725490194,0.6945707070707071,0.2104730436988212,0.1070855392005553,0.20464750308922344,-2.0,4.205882352941177,1.0
