,MP,ORtg,%Ps,Pts,OR,DR,A,TO,Blk,Stl,PF,2Pt %,3Pt %,FT %,2Pt %Att,3Pt %Att,FT %Att,Pnts-Prev,Marg,Maj Cont
Austin Torres,6.944444444444445,28.666666666666668,2.5555555555555554,1.3333333333333333,0.6111111111111112,0.8611111111111112,0.19444444444444445,0.2222222222222222,0.19444444444444445,0.25,1.2222222222222223,0.3162037037037037,0.0,0.08333333333333333,0.027078626066129634,0.0,0.02838698445020284,0.4444444444444444,8.305555555555555,0.0
Bonzie Colson,30.22222222222222,115.94444444444444,24.13888888888889,16.5,2.8055555555555554,6.833333333333333,1.5,1.1944444444444444,1.3055555555555556,1.0555555555555556,2.0833333333333335,0.5066523855449295,0.25740740740740736,0.7431517556517557,0.29046339155241957,0.06451303783411058,0.2730736227533234,2.3333333333333335,8.305555555555555,1.0
Elijah Burns,1.2222222222222223,0.0,0.08333333333333333,0.25,0.1388888888888889,0.1388888888888889,0.027777777777777776,0.05555555555555555,0.027777777777777776,0.05555555555555555,0.1388888888888889,0.027777777777777776,0.0,0.05092592592592593,0.0024711957044178025,0.0008169934640522877,0.009715380405035577,0.05555555555555555,8.305555555555555,0.0
John Mooney,1.2777777777777777,3.3055555555555554,0.19444444444444445,0.3888888888888889,0.16666666666666666,0.3611111111111111,0.05555555555555555,0.027777777777777776,0.027777777777777776,0.027777777777777776,0.1388888888888889,0.05555555555555555,0.041666666666666664,0.027777777777777776,0.002896274250440917,0.0038576238576238575,0.003968253968253968,0.05555555555555555,8.305555555555555,0.0
Martinas Geben,11.36111111111111,82.72222222222223,10.0,2.861111111111111,1.1388888888888888,2.0,0.6944444444444444,0.5555555555555556,0.2777777777777778,0.3055555555555556,1.7777777777777777,0.4671296296296295,0.0,0.2523148148148148,0.04993930750426625,0.0,0.059638807640431835,0.05555555555555555,8.305555555555555,0.0
Matt Farrell,32.388888888888886,107.27777777777777,21.63888888888889,13.38888888888889,0.25,1.6388888888888888,5.166666666666667,2.3333333333333335,0.1388888888888889,1.3611111111111112,1.8611111111111112,0.4389700577200577,0.3761183261183262,0.6199294532627866,0.14207037619453075,0.21415078705104879,0.1683369464725478,-1.6666666666666667,8.305555555555555,1.0
Matt Ryan,7.388888888888889,32.30555555555556,5.444444444444445,3.25,0.16666666666666666,0.6111111111111112,0.3611111111111111,0.3611111111111111,0.027777777777777776,0.1388888888888889,0.7222222222222222,0.1388888888888889,0.2478505291005291,0.05555555555555555,0.010453492429994098,0.08216559036383518,0.010241301907968575,-0.3888888888888889,8.305555555555555,0.0
Rex Pflueger,19.63888888888889,107.75,11.5,4.388888888888889,0.5,2.0277777777777777,1.4722222222222223,0.5833333333333334,0.3333333333333333,0.8333333333333334,1.5555555555555556,0.3472222222222222,0.31759259259259254,0.2175925925925926,0.04965998558500619,0.07827628622029675,0.04808118020761699,1.1666666666666667,8.305555555555555,1.0
Steve Vasturia,32.583333333333336,107.97222222222223,18.75,12.555555555555555,0.5833333333333334,3.0,3.2222222222222223,1.5555555555555556,0.1111111111111111,1.1666666666666667,2.0277777777777777,0.4568362193362193,0.3227182539682539,0.6233465608465608,0.15543618074778023,0.1847726840886513,0.14451445614569935,-0.5555555555555556,8.305555555555555,1.0
Temple Gibbs,14.13888888888889,82.22222222222223,14.88888888888889,4.5,0.3333333333333333,1.0277777777777777,1.6944444444444444,0.6944444444444444,0.05555555555555555,0.6944444444444444,1.2777777777777777,0.3513888888888889,0.17824074074074076,0.35185185185185186,0.06352947422391808,0.058744306901119585,0.08941978344786133,0.1111111111111111,8.305555555555555,1.0
VJ Beachem,32.138888888888886,100.86111111111111,18.75,14.194444444444445,0.6111111111111112,3.2222222222222223,0.7222222222222222,1.0833333333333333,1.0277777777777777,0.8888888888888888,1.1666666666666667,0.479133597883598,0.32805535513868844,0.44133597883597886,0.15044614018554092,0.25714713466370603,0.10906772704550287,1.6666666666666667,8.305555555555555,1.0
