,MP,ORtg,%Ps,Pts,OR,DR,A,TO,Blk,Stl,PF,2Pt %,3Pt %,FT %,2Pt %Att,3Pt %Att,FT %Att,Pnts-Prev,Marg,Maj Cont
Corey Walden,30.941176470588236,114.61764705882354,21.91176470588235,13.705882352941176,0.7058823529411765,3.3529411764705883,2.8823529411764706,2.0294117647058822,0.029411764705882353,2.1470588235294117,3.411764705882353,0.5755835667600373,0.3453781512605042,0.7533952975129445,0.18048890475518461,0.15433317745590341,0.1946686368772513,0.29411764705882354,8.147058823529411,0.0
Deverin Muff,3.264705882352941,4.176470588235294,1.6470588235294117,0.5294117647058824,0.17647058823529413,0.2647058823529412,0.0,0.20588235294117646,0.14705882352941177,0.11764705882352941,0.8235294117647058,0.14705882352941177,0.0,0.08823529411764706,0.00952582456426571,0.0,0.02234927895491576,0.11764705882352941,8.147058823529411,0.0
Eric Stutz,24.205882352941178,120.94117647058823,17.058823529411764,8.176470588235293,1.4411764705882353,3.088235294117647,1.7352941176470589,1.3823529411764706,0.6764705882352942,0.7941176470588235,3.2058823529411766,0.6767507002801122,0.0,0.5813725490196079,0.15845247158638903,0.0038836277545073756,0.11140388022493966,0.17647058823529413,8.147058823529411,1.0
Glenn Cosey,35.11764705882353,119.88235294117646,24.735294117647058,18.235294117647058,0.5882352941176471,2.5588235294117645,4.088235294117647,1.8529411764705883,0.058823529411764705,1.2352941176470589,1.7352941176470589,0.44697712418300656,0.3891668788727612,0.7678284950343774,0.15928994124079504,0.3310371062297383,0.2215979522238928,-1.1176470588235294,8.147058823529411,1.0
Isaac McGlone,9.705882352941176,68.02941176470588,5.4411764705882355,2.588235294117647,0.058823529411764705,0.5,0.5294117647058824,0.23529411764705882,0.0,0.6176470588235294,0.9117647058823529,0.23529411764705882,0.25,0.1715686274509804,0.014086497551689767,0.04935985661255534,0.023423858779267944,0.7647058823529411,8.147058823529411,0.0
Jeff Johnson,10.058823529411764,68.26470588235294,5.5,1.7352941176470589,0.47058823529411764,0.9705882352941176,1.0588235294117647,0.38235294117647056,0.08823529411764706,0.11764705882352941,1.3235294117647058,0.1715686274509804,0.17647058823529413,0.16176470588235295,0.024722579857758623,0.028108727041112135,0.012432665373841845,-0.35294117647058826,8.147058823529411,0.0
Marcus Lewis,26.176470588235293,101.20588235294117,17.823529411764707,9.617647058823529,0.47058823529411764,1.5294117647058822,1.2647058823529411,1.2352941176470589,0.3235294117647059,1.5588235294117647,2.411764705882353,0.5543183940242764,0.28970588235294115,0.4192927170868347,0.17060126296153208,0.09028096890984035,0.12206607265452775,1.2941176470588236,8.147058823529411,1.0
Orlando Williams,19.294117647058822,106.29411764705883,21.38235294117647,9.323529411764707,0.20588235294117646,1.6764705882352942,1.2058823529411764,1.1470588235294117,0.11764705882352941,0.6764705882352942,2.0294117647058822,0.4951680672268908,0.3719887955182073,0.46659663865546225,0.10403544720198724,0.14728959414026757,0.08807727308950311,-0.7058823529411765,8.147058823529411,1.0
Tarius Johnson,24.529411764705884,114.5,17.823529411764707,9.235294117647058,1.088235294117647,2.3823529411764706,1.1470588235294117,0.9117647058823529,0.08823529411764706,0.8529411764705882,2.7941176470588234,0.48848781937017227,0.34852941176470587,0.5384061200237671,0.12195315788470011,0.10593860188210158,0.140866903490317,0.058823529411764705,8.147058823529411,1.0
Timmy Knipp,9.470588235294118,47.470588235294116,7.235294117647059,3.176470588235294,0.3235294117647059,0.6176470588235294,0.23529411764705882,0.5588235294117647,0.4117647058823529,0.29411764705882354,1.3235294117647058,0.22941176470588234,0.20980392156862743,0.22058823529411764,0.02743214768981545,0.06035657526809159,0.033701713625660316,0.29411764705882354,8.147058823529411,0.0
