,MP,ORtg,%Ps,Pts,OR,DR,A,TO,Blk,Stl,PF,2Pt %,3Pt %,FT %,2Pt %Att,3Pt %Att,FT %Att,Pnts-Prev,Marg,Maj Cont
Austin Reaves,10.5,82.80555555555556,9.777777777777779,3.5833333333333335,0.2777777777777778,1.3055555555555556,1.0277777777777777,0.4722222222222222,0.2777777777777778,0.3333333333333333,0.7222222222222222,0.2268518518518519,0.2884259259259259,0.25555555555555554,0.023973691654187567,0.06698374991181148,0.03592641703720573,0.2777777777777778,18.52777777777778,0.0
CJ Keyser,3.3333333333333335,8.833333333333334,1.7222222222222223,1.3055555555555556,0.19444444444444445,0.2777777777777778,0.2222222222222222,0.4166666666666667,0.05555555555555555,0.05555555555555555,0.6111111111111112,0.17824074074074076,0.041666666666666664,0.125,0.022467700016435506,0.015108856762623532,0.01564314776524079,-0.6111111111111112,18.52777777777778,0.0
Conner Frankamp,22.555555555555557,122.25,15.13888888888889,8.666666666666666,0.1388888888888889,1.3888888888888888,2.5833333333333335,0.6111111111111112,0.2222222222222222,0.75,0.75,0.35200617283950614,0.40958994708994717,0.24074074074074073,0.06228571770761108,0.2078722283928795,0.03168886794760628,0.7222222222222222,18.52777777777778,1.0
Daishon Smith,14.416666666666666,96.38888888888889,13.472222222222221,4.75,0.3055555555555556,1.8611111111111112,1.8611111111111112,1.0,0.05555555555555555,0.9722222222222222,1.3611111111111112,0.27301587301587305,0.2986111111111111,0.3048611111111111,0.03516057922677527,0.09173462635084506,0.05858796715163371,0.05555555555555555,18.52777777777778,0.0
Darral Willis,15.833333333333334,93.88888888888889,25.52777777777778,9.63888888888889,1.7777777777777777,3.2222222222222223,0.5833333333333334,1.4444444444444444,0.7777777777777778,0.4166666666666667,2.361111111111111,0.49837962962962973,0.0,0.5288061520904659,0.17199819979515224,0.0015432098765432098,0.13922977927034758,-0.5,18.52777777777778,0.0
Eric Hamilton,3.4166666666666665,6.972222222222222,1.6388888888888888,0.9444444444444444,0.16666666666666666,0.7777777777777778,0.027777777777777776,0.2222222222222222,0.1388888888888889,0.08333333333333333,0.4444444444444444,0.1597222222222222,0.05555555555555555,0.08333333333333333,0.02425525833678309,0.01707245808123001,0.017257880700663857,0.0,18.52777777777778,0.0
John Robert Simon,2.5555555555555554,1.7222222222222223,0.16666666666666666,0.6666666666666666,0.05555555555555555,0.19444444444444445,0.2777777777777778,0.1111111111111111,0.0,0.19444444444444445,0.19444444444444445,0.05555555555555555,0.06944444444444445,0.06944444444444445,0.0022805414109761937,0.01406643465466995,0.008086232924770145,0.16666666666666666,18.52777777777778,0.0
Landry Shamet,24.72222222222222,124.5,17.13888888888889,10.5,0.5555555555555556,2.138888888888889,3.111111111111111,0.9722222222222222,0.16666666666666666,0.6944444444444444,1.9166666666666667,0.4255291005291005,0.42506613756613765,0.5772486772486772,0.08455549359251585,0.2001385252057823,0.0949673578770851,-0.2222222222222222,18.52777777777778,1.0
Markis McDuffie,23.666666666666668,113.97222222222223,21.11111111111111,11.166666666666666,1.6111111111111112,3.8055555555555554,1.6111111111111112,1.3611111111111112,0.2222222222222222,1.1388888888888888,1.8888888888888888,0.4966710758377425,0.2953703703703704,0.6820767195767197,0.1417213999796046,0.11335948893222564,0.17824205194196352,0.0,18.52777777777778,1.0
Rashard Kelly,15.5,95.27777777777777,17.083333333333332,5.194444444444445,1.5833333333333333,2.75,1.1111111111111112,0.9444444444444444,0.16666666666666666,0.5277777777777778,1.6111111111111112,0.46626382876382866,0.18055555555555555,0.35694444444444445,0.0869619354968903,0.028382607030052853,0.09335599842973788,-0.5,18.52777777777778,1.0
Rauno Nurger,13.555555555555555,87.22222222222223,12.916666666666666,4.833333333333333,0.5277777777777778,1.9444444444444444,0.6111111111111112,0.7222222222222222,0.3888888888888889,0.08333333333333333,1.7222222222222223,0.45152116402116405,0.24074074074074078,0.38333333333333336,0.06618372987844923,0.036860659133172255,0.06010807607444833,-0.5,18.52777777777778,1.0
Shaquille Morris,15.805555555555555,95.27777777777777,21.166666666666668,8.444444444444445,1.0555555555555556,3.3333333333333335,0.8888888888888888,1.0277777777777777,0.8611111111111112,0.3333333333333333,2.0277777777777777,0.46846139971139966,0.09722222222222222,0.47469135802469137,0.15719432044019777,0.016616814061325806,0.09732632667019735,0.3333333333333333,18.52777777777778,1.0
Zach Brown,19.5,103.66666666666667,17.694444444444443,6.833333333333333,1.0277777777777777,1.8333333333333333,1.5277777777777777,0.9166666666666666,0.19444444444444445,0.6666666666666666,1.9444444444444444,0.42407407407407405,0.24537037037037038,0.48055555555555546,0.06540587690886575,0.1347047860512829,0.11402434065354417,-0.1111111111111111,18.52777777777778,1.0
