,MP,ORtg,%Ps,Pts,OR,DR,A,TO,Blk,Stl,PF,2Pt %,3Pt %,FT %,2Pt %Att,3Pt %Att,FT %Att,Pnts-Prev,Marg,Maj Cont
Andy Martin,6.8125,42.78125,5.125,1.78125,0.5625,0.6875,0.0625,0.25,0.625,0.09375,1.0,0.27083333333333337,0.0,0.21354166666666666,0.037775830978777555,0.0,0.03542704764332002,0.9375,5.90625,0.0
Eric Hutchison,13.8125,81.5625,11.1875,2.875,0.5625,1.28125,0.25,0.625,0.46875,0.25,1.3125,0.45014880952380953,0.0,0.1484375,0.071001172293749,0.0,0.04342646843718155,0.1875,5.90625,0.0
Jordan Gregory,24.59375,110.90625,13.625,7.53125,0.34375,2.625,1.21875,0.90625,0.0625,0.6875,1.15625,0.3746279761904762,0.3665178571428572,0.48515625,0.0570060786216093,0.16442882505472947,0.10306758348038718,-0.3125,5.90625,1.0
Kareem Jamar,33.9375,110.65625,25.03125,14.0625,1.125,4.65625,4.0,2.75,0.65625,0.90625,2.40625,0.5626984126984127,0.30319940476190477,0.6333962912087913,0.19867678899659202,0.18226345668356078,0.23004917966856298,-2.375,5.90625,1.0
Keron DeShields,20.03125,91.34375,19.3125,6.3125,0.15625,1.65625,1.75,1.09375,0.09375,0.75,1.78125,0.3468874007936508,0.2515625,0.44921875,0.1045398250040438,0.10937928771827177,0.09620441310295309,-0.5,5.90625,1.0
Kevin Henderson,10.3125,44.125,6.78125,2.375,0.375,1.3125,0.375,0.53125,0.03125,0.28125,0.875,0.2755208333333333,0.12760416666666666,0.090625,0.04094784880000123,0.047162940648794234,0.015705286561264825,-0.4375,5.90625,0.0
Mathias Ward,23.65625,84.84375,19.34375,11.125,1.0,1.9375,0.59375,1.375,0.15625,0.34375,2.25,0.4160342261904762,0.24010416666666665,0.5380494505494504,0.19098365769030967,0.10006025718193617,0.14270832922008533,-1.75,5.90625,0.0
Michael Weisner,19.9375,116.09375,14.46875,5.875,0.40625,1.96875,0.8125,0.9375,0.375,0.40625,1.8125,0.45572916666666663,0.38058035714285715,0.3125,0.03943060693255696,0.13688907648896587,0.04255412961427527,-0.3125,5.90625,1.0
Spencer Coleman,20.90625,105.25,16.21875,7.40625,0.90625,2.625,0.75,1.09375,0.21875,0.71875,2.34375,0.47023809523809523,0.3572916666666667,0.3854166666666667,0.10036208396628883,0.09776307050003247,0.07775112736702128,-0.3125,5.90625,1.0
Will Cherry,21.5625,70.53125,18.34375,9.09375,0.53125,2.25,2.6875,1.65625,0.25,1.21875,1.125,0.32576433982683983,0.16101190476190474,0.4562496097652348,0.12802610671607162,0.13080308572370927,0.1818564349049484,-0.375,5.90625,1.0
