,MP,ORtg,%Ps,Pts,OR,DR,A,TO,Blk,Stl,PF,2Pt %,3Pt %,FT %,2Pt %Att,3Pt %Att,FT %Att,Pnts-Prev,Marg,Maj Cont
Antravious Simmons,15.285714285714286,85.51428571428572,19.514285714285716,7.0285714285714285,1.542857142857143,3.0,0.6285714285714286,0.9714285714285714,0.34285714285714286,0.37142857142857144,2.7142857142857144,0.48536281179138324,0.0,0.30714285714285716,0.12156493897794601,0.002040816326530612,0.0817720900084033,-0.5142857142857142,6.142857142857143,1.0
Brian Greene,2.9714285714285715,6.2,1.0571428571428572,0.5428571428571428,0.0,0.2571428571428571,0.4,0.17142857142857143,0.02857142857142857,0.14285714285714285,0.45714285714285713,0.04285714285714286,0.07142857142857142,0.033333333333333326,0.0062923723511073846,0.013457224787148059,0.007293233082706767,0.0,6.142857142857143,0.0
Christian Terrell,27.37142857142857,107.97142857142858,20.17142857142857,11.914285714285715,1.0,3.6,2.057142857142857,1.1714285714285715,0.37142857142857144,1.1428571428571428,1.8857142857142857,0.4686769579626723,0.35757369614512463,0.5531746031746032,0.1343626644165128,0.24570845503072977,0.12522069735509345,0.6857142857142857,6.142857142857143,1.0
Demetris Morant,11.085714285714285,54.628571428571426,10.514285714285714,3.4285714285714284,1.0857142857142856,2.1714285714285713,0.17142857142857143,0.7142857142857143,0.8571428571428571,0.08571428571428572,1.9428571428571428,0.28979591836734697,0.0,0.19428571428571428,0.053788206938844445,0.0,0.07142520290330993,0.45714285714285713,6.142857142857143,1.0
Filip Cvjeticanin,12.82857142857143,70.51428571428572,8.771428571428572,3.914285714285714,0.2,1.3142857142857143,0.34285714285714286,0.3142857142857143,0.05714285714285714,0.17142857142857143,0.6857142857142857,0.09523809523809523,0.263265306122449,0.04285714285714286,0.007800093109290196,0.19567033101612838,0.010750928390679945,-0.17142857142857143,6.142857142857143,0.0
Julian DeBose,24.34285714285714,84.8,15.142857142857142,7.628571428571429,0.8,1.9142857142857144,1.0571428571428572,1.2,0.45714285714285713,0.9428571428571428,1.8285714285714285,0.4192022263450835,0.23918367346938782,0.2620408163265306,0.10311202690867159,0.1763760494329644,0.05235951883006862,0.4,6.142857142857143,1.0
Kevin Mickle,8.657142857142857,40.68571428571428,5.685714285714286,1.6571428571428573,0.7142857142857143,1.0,0.22857142857142856,0.8,0.11428571428571428,0.17142857142857143,1.0857142857142856,0.19309523809523807,0.0,0.10952380952380952,0.031148522964154556,0.0,0.023366680005335465,-1.0285714285714285,6.142857142857143,0.0
Marc-Eddy Norelia,30.97142857142857,106.25714285714285,23.771428571428572,16.2,2.8857142857142857,5.8,1.1142857142857143,1.6571428571428573,0.8,1.0857142857142856,1.9142857142857144,0.5092513392303308,0.0,0.5641217512646084,0.25612758006153924,0.003184431667403804,0.24629950200019235,0.45714285714285713,6.142857142857143,1.0
Rayjon Tucker,18.17142857142857,91.34285714285714,13.914285714285715,5.942857142857143,0.6857142857142857,2.2857142857142856,0.7142857142857143,1.1428571428571428,0.22857142857142856,0.6,1.6857142857142857,0.5223809523809524,0.2952380952380952,0.45285714285714285,0.05030273479853107,0.0817407173459709,0.12874059804836874,-0.6285714285714286,6.142857142857143,0.0
Reggie Reid,15.628571428571428,92.17142857142858,14.885714285714286,3.4571428571428573,0.11428571428571428,1.0857142857142856,2.942857142857143,1.1142857142857143,0.08571428571428572,0.6285714285714286,1.7142857142857142,0.320952380952381,0.25142857142857145,0.2404761904761905,0.0392840244526375,0.09676054065404198,0.047896017949976374,-0.8,6.142857142857143,0.0
Zach Johnson,25.142857142857142,93.48571428571428,21.4,10.571428571428571,0.3142857142857143,2.057142857142857,3.0285714285714285,2.057142857142857,0.42857142857142855,0.8,2.257142857142857,0.47501030715316434,0.25,0.5067305710162854,0.1390739778779081,0.12791857659622505,0.1477326742830079,-1.6571428571428573,6.142857142857143,1.0
