,MP,ORtg,%Ps,Pts,OR,DR,A,TO,Blk,Stl,PF,2Pt %,3Pt %,FT %,2Pt %Att,3Pt %Att,FT %Att,Pnts-Prev,Marg
Anthony Lawrence,30.70967741935484,108.70967741935483,16.258064516129032,8.935483870967742,1.4193548387096775,5.193548387096774,2.3548387096774195,1.6451612903225807,1.0,1.4193548387096775,2.4516129032258065,0.448310291858679,0.3662058371735791,0.4948540706605222,0.10623305177807454,0.13004477064377595,0.11514944292994786,1.5483870967741935,6.129032258064516
Bruce Brown,20.64516129032258,61.096774193548384,13.258064516129032,6.967741935483871,0.8064516129032258,3.5483870967741935,2.4516129032258065,1.3870967741935485,0.4838709677419355,0.8064516129032258,1.3870967741935485,0.2851859609924126,0.15591397849462366,0.3426779313876088,0.10536279312575213,0.09408913388633232,0.12145519615082569,-0.1935483870967742,6.129032258064516
Chris Lykes,21.29032258064516,98.74193548387096,24.64516129032258,9.580645161290322,0.06451612903225806,1.0,2.3548387096774195,1.8387096774193548,0.03225806451612903,0.7419354838709677,2.161290322580645,0.4338709677419355,0.3304915514592934,0.4091013824884792,0.08869221139310605,0.2060015869588713,0.14324093324398712,-2.129032258064516,6.129032258064516
Dejan Vasiljevic,22.870967741935484,102.74193548387096,14.64516129032258,9.03225806451613,0.45161290322580644,1.967741935483871,0.41935483870967744,0.5161290322580645,0.06451612903225806,0.41935483870967744,1.5806451612903225,0.44623655913978494,0.4042242703533026,0.2903225806451613,0.0595794187586213,0.24592338962907642,0.03103813639052068,-0.06451612903225806,6.129032258064516
Dewan Huell,25.806451612903224,107.51612903225806,21.129032258064516,11.419354838709678,2.064516129032258,4.580645161290323,0.41935483870967744,1.3548387096774193,0.9032258064516129,0.5161290322580645,1.935483870967742,0.5476283573057766,0.0,0.590668202764977,0.20783088164513333,0.005456989247311829,0.19541160092482304,0.12903225806451613,6.129032258064516
Ebuka Izundu,14.580645161290322,101.93548387096774,13.935483870967742,5.0,1.7096774193548387,2.0,0.22580645161290322,0.8064516129032258,0.6129032258064516,0.45161290322580644,2.3548387096774195,0.6257680491551458,0.0,0.21505376344086022,0.08991904646212003,0.0,0.05706067205015311,0.5161290322580645,6.129032258064516
Ja'Quan Newton,26.35483870967742,92.87096774193549,21.838709677419356,8.741935483870968,0.4838709677419355,1.967741935483871,2.6774193548387095,1.8387096774193548,0.12903225806451613,0.9354838709677419,1.5483870967741935,0.4538542103058231,0.1317204301075269,0.48556067588325647,0.17982100102461068,0.03911673525245727,0.16640922742164657,-1.5483870967741935,6.129032258064516
Lonnie Walker,27.419354838709676,103.41935483870968,20.483870967741936,11.483870967741936,0.41935483870967744,2.193548387096774,1.967741935483871,1.096774193548387,0.45161290322580644,0.967741935483871,1.6129032258064515,0.5192268305171531,0.29820788530465947,0.5201228878648233,0.13028385191996794,0.2319360874323711,0.13377842387422534,0.6451612903225806,6.129032258064516
Rodney Miller,1.6774193548387097,0.0,0.0,0.5806451612903226,0.0967741935483871,0.12903225806451613,0.0,0.0967741935483871,0.03225806451612903,0.0,0.22580645161290322,0.1827956989247312,0.0,0.03225806451612903,0.01224879540066748,0.0,0.024787615513421967,-0.12903225806451613,6.129032258064516
Sam Waardenburg,9.516129032258064,62.67741935483871,7.129032258064516,2.225806451612903,0.8064516129032258,1.032258064516129,0.41935483870967744,0.41935483870967744,0.25806451612903225,0.2903225806451613,1.0,0.11274961597542241,0.21774193548387097,0.08870967741935484,0.020028948491946596,0.04743130694980387,0.011668751500448556,0.25806451612903225,6.129032258064516
