,MP,ORtg,%Ps,Pts,OR,DR,A,TO,Blk,Stl,PF,2Pt %,3Pt %,FT %,2Pt %Att,3Pt %Att,FT %Att,Pnts-Prev,Marg,Maj Cont
Ben Brust,30.263157894736842,103.21052631578948,15.157894736842104,11.18421052631579,0.7894736842105263,3.210526315789474,1.1578947368421053,0.5789473684210527,0.05263157894736842,0.7631578947368421,0.6578947368421053,0.4030075187969924,0.3299498746867169,0.5241228070175438,0.09740728422418207,0.2745591264904624,0.08571968350701137,0.47368421052631576,7.7894736842105265,1.0
Bronson Koenig,12.657894736842104,69.15789473684211,8.394736842105264,2.710526315789474,0.42105263157894735,0.6842105263157895,0.9736842105263158,0.3684210526315789,0.07894736842105263,0.2631578947368421,1.105263157894737,0.32894736842105265,0.21491228070175442,0.05263157894736842,0.03332114698589343,0.06961141412897864,0.008840650012127091,-0.05263157894736842,7.7894736842105265,1.0
Duje Dukan,6.815789473684211,40.76315789473684,3.8421052631578947,2.289473684210526,0.39473684210526316,0.868421052631579,0.18421052631578946,0.18421052631578946,0.02631578947368421,0.07894736842105263,0.7631578947368421,0.3508771929824561,0.19736842105263158,0.07456140350877194,0.027860328452765135,0.04610164777646765,0.009996766108820438,-0.15789473684210525,7.7894736842105265,1.0
Evan Anderson,0.8421052631578947,0.0,0.0,0.13157894736842105,0.0,0.05263157894736842,0.02631578947368421,0.05263157894736842,0.07894736842105263,0.0,0.23684210526315788,0.02631578947368421,0.02631578947368421,0.0,0.0008771929824561404,0.004546310107251935,0.0,0.05263157894736842,7.7894736842105265,0.0
Frank Kaminsky,23.05263157894737,105.92105263157895,21.157894736842106,11.789473684210526,1.736842105263158,3.8157894736842106,1.131578947368421,0.8947368421052632,1.5,0.6052631578947368,2.1052631578947367,0.47203856085435025,0.23728070175438595,0.6037280701754386,0.18195500603695533,0.1111379152923049,0.14905004313335316,2.4210526315789473,7.7894736842105265,1.0
Josh Gasser,28.736842105263158,108.76315789473684,11.289473684210526,7.947368421052632,0.5,2.8421052631578947,1.5263157894736843,0.7105263157894737,0.15789473684210525,0.5789473684210527,2.3157894736842106,0.3048245614035087,0.3166666666666667,0.5892857142857144,0.06111357088400018,0.12315663923211866,0.13215460313480826,0.05263157894736842,7.7894736842105265,1.0
Nigel Hayes,15.526315789473685,81.42105263157895,21.842105263157894,6.947368421052632,0.7631578947368421,1.6578947368421053,0.8157894736842105,1.0789473684210527,0.5,0.7368421052631579,2.289473684210526,0.45144110275689214,0.0,0.40230277118822005,0.13840299588216692,0.0,0.17737082110648505,0.3157894736842105,7.7894736842105265,1.0
Sam Dekker,26.13157894736842,98.15789473684211,19.63157894736842,11.052631578947368,1.4736842105263157,3.8684210526315788,1.1578947368421053,0.9736842105263158,0.5526315789473685,0.6842105263157895,1.2105263157894737,0.4636107313738893,0.2637218045112782,0.4497674109516215,0.16818079262748906,0.14480828633789825,0.13546998111098604,0.5263157894736842,7.7894736842105265,1.0
Traevon Jackson,26.86842105263158,92.89473684210526,19.473684210526315,9.052631578947368,0.42105263157894735,2.6842105263157894,3.4210526315789473,1.868421052631579,0.10526315789473684,0.6052631578947368,2.026315789473684,0.35451412622465256,0.3324561403508771,0.587562656641604,0.15272514291865633,0.09449971326609645,0.16812071164871756,-2.3157894736842106,7.7894736842105265,1.0
Vitto Brown,0.9473684210526315,0.0,0.0,0.15789473684210525,0.0,0.2894736842105263,0.07894736842105263,0.05263157894736842,0.0,0.0,0.07894736842105263,0.05263157894736842,0.0,0.0,0.006577591637014388,0.0,0.001697792869269949,-0.10526315789473684,7.7894736842105265,0.0
