,MP,ORtg,%Ps,Pts,OR,DR,A,TO,Blk,Stl,PF,2Pt %,3Pt %,FT %,2Pt %Att,3Pt %Att,FT %Att,Pnts-Prev,Marg,Maj Cont
Charles Cooke,27.65625,97.4375,22.59375,14.09375,0.875,3.625,2.53125,1.875,0.84375,1.0,1.625,0.4263392857142857,0.33169642857142856,0.5143687042124541,0.18492524501912905,0.18166276805243398,0.1879260083067512,-0.0625,9.625,1.0
Darrell Davis,19.59375,85.1875,13.03125,5.375,0.21875,1.59375,1.1875,0.75,0.03125,0.4375,1.6875,0.1765625,0.3607142857142857,0.359375,0.03501080397212669,0.14863436278587733,0.0563319905765505,-0.5625,9.625,0.0
John Crosby,13.15625,57.09375,11.75,2.78125,0.28125,1.625,1.21875,1.0625,0.03125,0.375,1.09375,0.2453125,0.1875,0.16145833333333334,0.06934945570392799,0.034041007860041585,0.03489829167248522,-1.3125,9.625,0.0
Josh Cunningham,4.84375,26.875,4.25,2.09375,0.40625,0.59375,0.15625,0.375,0.03125,0.09375,0.6875,0.15729166666666666,0.0,0.20052083333333331,0.036956210485310156,0.0,0.03604338649701553,-0.5,9.625,0.0
Kendall Pollard,20.34375,84.6875,21.0,11.0,0.78125,3.21875,1.09375,1.375,0.53125,1.1875,2.1875,0.44214032495282496,0.08854166666666666,0.5002252088189588,0.18548106788536506,0.03643280305644436,0.21431415422448494,0.6875,9.625,1.0
Kyle Davis,24.96875,112.5,12.09375,7.375,0.46875,3.03125,2.4375,0.84375,0.3125,1.53125,2.03125,0.565029761904762,0.30468750000000006,0.4190104166666667,0.07909995341512428,0.09430651070846482,0.09733569800881489,2.0,9.625,0.0
Ryan Mikesell,20.53125,92.6875,14.28125,5.71875,1.125,2.75,0.875,1.0625,0.53125,0.625,2.3125,0.4985119047619047,0.26093750000000004,0.32284226190476184,0.08059854626406134,0.08712174876147462,0.06584871257072396,0.1875,9.625,0.0
Sam Miller,9.5625,44.09375,9.25,3.59375,0.625,1.1875,0.3125,0.71875,0.34375,0.1875,1.15625,0.2630208333333333,0.18749999999999997,0.2572916666666667,0.04721482406930633,0.05683206914494879,0.05139129049641854,-0.375,9.625,1.0
Scoochie Smith,30.09375,110.6875,22.34375,13.03125,0.34375,2.625,4.375,2.125,0.0625,1.46875,2.3125,0.5259176587301587,0.3819196428571429,0.6155505952380952,0.15071305344180702,0.19372453211557678,0.14952333966565837,-1.1875,9.625,1.0
Trey Landers,1.625,0.0,0.0,0.84375,0.125,0.28125,0.09375,0.09375,0.0625,0.09375,0.53125,0.12708333333333333,0.03125,0.07291666666666667,0.012762627069980916,0.004240117521367521,0.018622176434676434,0.125,9.625,0.0
Xeyrius Williams,21.75,114.09375,16.0625,8.09375,1.53125,3.09375,0.96875,1.0625,1.125,0.59375,2.4375,0.5157738095238096,0.3412574404761905,0.42578125,0.0866382126738613,0.13175407999337027,0.05651495154642033,1.3125,9.625,1.0
