,MP,ORtg,%Ps,Pts,OR,DR,A,TO,Blk,Stl,PF,2Pt %,3Pt %,FT %,2Pt %Att,3Pt %Att,FT %Att,Pnts-Prev,Marg,Maj Cont
Askia Booker,29.885714285714286,95.62857142857143,26.6,13.571428571428571,0.5428571428571428,3.057142857142857,3.3142857142857145,2.4,0.05714285714285714,1.2857142857142858,1.7714285714285714,0.4454687959099724,0.21292517006802725,0.6446258503401361,0.21408197283577804,0.23238067298631115,0.1509549777459994,-2.1142857142857143,2.8285714285714287,1.0
Ben Mills,2.7714285714285714,13.857142857142858,1.0,0.8857142857142857,0.22857142857142856,0.34285714285714286,0.11428571428571428,0.14285714285714285,0.02857142857142857,0.02857142857142857,0.2857142857142857,0.14476190476190476,0.02857142857142857,0.09285714285714286,0.016451737980996025,0.002857142857142857,0.00822904766281915,-0.17142857142857143,2.8285714285714287,0.0
Dustin Thomas,14.542857142857143,73.02857142857142,16.771428571428572,3.6,0.9428571428571428,1.457142857142857,0.5142857142857142,1.3714285714285714,0.08571428571428572,0.2,2.342857142857143,0.4461904761904761,0.10476190476190476,0.27976190476190477,0.0590458897682211,0.059285976647090434,0.05206140422071076,-2.1714285714285713,2.8285714285714287,1.0
Eli Stalzer,6.2,27.857142857142858,3.342857142857143,1.2,0.17142857142857143,0.42857142857142855,0.2,0.3142857142857143,0.0,0.2,0.5142857142857142,0.1619047619047619,0.1,0.14285714285714285,0.013024163416991771,0.026583966920101374,0.020183972954932503,-0.22857142857142856,2.8285714285714287,0.0
George King,4.171428571428572,12.371428571428572,2.857142857142857,1.1714285714285715,0.14285714285714285,1.0285714285714285,0.14285714285714285,0.34285714285714286,0.02857142857142857,0.11428571428571428,0.4,0.1333333333333333,0.05238095238095238,0.13142857142857142,0.01433373927234565,0.0337994227631364,0.01992513458080069,-0.4,2.8285714285714287,0.0
Jaron Hopkins,17.65714285714286,83.65714285714286,15.657142857142857,4.742857142857143,0.6571428571428571,1.8,1.0285714285714285,1.0857142857142856,0.08571428571428572,0.7428571428571429,2.2,0.34142857142857147,0.20714285714285713,0.21428571428571427,0.06681199927337672,0.12516881708543726,0.054500966962875465,-0.5142857142857142,2.8285714285714287,0.0
Josh Scott,30.742857142857144,114.4,21.02857142857143,13.685714285714285,2.8857142857142857,5.371428571428571,0.6285714285714286,1.4,1.1428571428571428,0.7714285714285715,1.7428571428571429,0.4895831945831945,0.0,0.7481437610009039,0.2288253799792213,0.0030158730158730157,0.2569935976864508,1.0285714285714285,2.8285714285714287,1.0
Spencer Dinwiddie,15.114285714285714,63.628571428571426,10.142857142857142,7.142857142857143,0.22857142857142856,1.2571428571428571,1.8285714285714285,0.8571428571428571,0.11428571428571428,0.7428571428571429,0.9142857142857143,0.26582766439909294,0.20687074829931973,0.38169354455068744,0.051984363837906666,0.10409151956697289,0.11166986712756435,0.0,2.8285714285714287,0.0
Tre'Shaun Fletcher,5.171428571428572,25.62857142857143,5.057142857142857,1.6,0.34285714285714286,0.4857142857142857,0.11428571428571428,0.2571428571428571,0.11428571428571428,0.11428571428571428,0.7142857142857143,0.2666666666666666,0.0738095238095238,0.1542857142857143,0.0169082260986637,0.04653861593711218,0.015484708673563162,-0.05714285714285714,2.8285714285714287,0.0
Wesley Gordon,21.62857142857143,90.08571428571429,13.142857142857142,5.0285714285714285,2.1142857142857143,3.1142857142857143,0.8,1.3428571428571427,1.1714285714285715,0.37142857142857144,1.5714285714285714,0.4392970521541951,0.05714285714285714,0.35027829313543596,0.09752614756399335,0.01814460393407762,0.0768179139053829,0.4,2.8285714285714287,1.0
Xavier Johnson,27.457142857142856,95.48571428571428,19.142857142857142,11.0,1.6,3.8285714285714287,0.7428571428571429,1.542857142857143,0.2857142857142857,0.7142857142857143,1.8285714285714285,0.4657204700061844,0.30863945578231294,0.5094949494949496,0.14140177784340574,0.1896571740664389,0.15725509847686456,-1.0857142857142856,2.8285714285714287,1.0
Xavier Talton,19.97142857142857,89.02857142857142,13.17142857142857,4.771428571428571,0.3142857142857143,1.8285714285714285,1.5714285714285714,1.2571428571428571,0.17142857142857143,0.5714285714285714,1.7142857142857142,0.37952380952380954,0.25,0.27346938775510204,0.051033173557671334,0.1299047856488773,0.047351881430607645,-1.0285714285714285,2.8285714285714287,1.0
