,MP,ORtg,%Ps,Pts,OR,DR,A,TO,Blk,Stl,PF,2Pt %,3Pt %,FT %,2Pt %Att,3Pt %Att,FT %Att,Pnts-Prev,Marg,Maj Cont
Austin Eastman,1.1428571428571428,0.0,0.0,0.2,0.05714285714285714,0.11428571428571428,0.0,0.08571428571428572,0.02857142857142857,0.05714285714285714,0.11428571428571428,0.0,0.02857142857142857,0.05714285714285714,0.00228152799581371,0.004843277023728151,0.006640989729225023,0.0,13.857142857142858,0.0
Brandon Taylor,27.085714285714285,111.97142857142858,16.8,9.742857142857142,0.14285714285714285,2.142857142857143,3.0285714285714285,1.3428571428571427,0.0,1.0857142857142856,1.3428571428571427,0.3323809523809524,0.40919501133786845,0.39880952380952384,0.06924938343246995,0.25665973754450144,0.05373365719919334,-0.5142857142857142,13.857142857142858,1.0
Brekkott Chapman,14.314285714285715,83.8,15.628571428571428,5.571428571428571,0.8857142857142857,1.3714285714285714,0.37142857142857144,0.9714285714285714,0.4,0.4857142857142857,2.142857142857143,0.41557823129251703,0.2476190476190476,0.4192857142857143,0.0891705177465413,0.060638338271352475,0.07460815759510647,-0.17142857142857143,13.857142857142858,0.0
Chris Reyes,14.542857142857143,84.91428571428571,14.885714285714286,4.114285714285714,1.0857142857142856,2.4285714285714284,0.45714285714285713,0.6571428571428571,0.6285714285714286,0.2,1.3142857142857143,0.4291156462585034,0.05714285714285714,0.27904761904761904,0.10094283362458935,0.004843277023728151,0.08182267021234535,0.34285714285714286,13.857142857142858,1.0
Dakarai Tucker,15.771428571428572,81.42857142857143,14.742857142857142,5.771428571428571,0.34285714285714286,1.4857142857142858,0.4857142857142857,0.6285714285714286,0.22857142857142856,0.34285714285714286,1.0285714285714285,0.4390476190476191,0.2519727891156463,0.32666666666666666,0.04897433021809823,0.1542494599158621,0.05489037058575238,-0.11428571428571428,13.857142857142858,1.0
Dallin Bachynski,11.2,64.14285714285714,7.828571428571428,3.4285714285714284,0.6285714285714286,1.4285714285714286,0.17142857142857143,0.42857142857142855,0.2857142857142857,0.2857142857142857,1.7428571428571429,0.3928571428571429,0.02857142857142857,0.34428571428571436,0.06831428337277538,0.0025974025974025974,0.06720292858433018,0.2857142857142857,13.857142857142858,1.0
Delon Wright,30.228571428571428,122.45714285714286,22.2,13.6,0.8571428571428571,3.6,4.828571428571428,1.6285714285714286,0.9428571428571428,1.8857142857142857,1.1428571428571428,0.5497868797868798,0.32108843537414966,0.7496206967635541,0.20888396802440942,0.10109596366368027,0.22102674409792472,2.4,13.857142857142858,1.0
Isaiah Wright,11.114285714285714,50.17142857142857,6.228571428571429,1.7428571428571429,0.08571428571428572,0.5714285714285714,1.5142857142857142,0.7428571428571429,0.08571428571428572,0.08571428571428572,1.0285714285714285,0.09523809523809523,0.21428571428571427,0.14,0.01125419536122765,0.04576998834290721,0.025616083754075793,-1.1428571428571428,13.857142857142858,0.0
Jakob Poeltl,20.4,96.31428571428572,19.542857142857144,7.742857142857143,2.3714285714285714,3.7142857142857144,0.6285714285714286,1.457142857142857,1.542857142857143,0.34285714285714286,2.142857142857143,0.5864399092970521,0.0,0.289421768707483,0.14777524614552026,0.0015037593984962405,0.15204208753220017,0.8571428571428571,13.857142857142858,1.0
Jeremy Olsen,4.314285714285714,18.542857142857144,4.0285714285714285,1.0857142857142856,0.2,0.7428571428571429,0.02857142857142857,0.34285714285714286,0.14285714285714285,0.05714285714285714,0.6,0.20952380952380953,0.0,0.075,0.03114737501605537,0.0,0.02249167609627583,-0.2857142857142857,13.857142857142858,0.0
Jordan Loveridge,18.228571428571428,78.25714285714285,14.085714285714285,7.228571428571429,0.3142857142857143,2.5714285714285716,0.6857142857142857,0.8857142857142857,0.14285714285714285,0.42857142857142855,1.0857142857142856,0.2861904761904762,0.3327210884353742,0.4506802721088436,0.07288273299840134,0.16803652953403597,0.06932349973482214,-0.6285714285714286,13.857142857142858,1.0
Kenneth Ogbe,8.228571428571428,44.885714285714286,7.371428571428571,2.8285714285714287,0.11428571428571428,0.7714285714285715,0.34285714285714286,0.5142857142857142,0.02857142857142857,0.14285714285714285,0.6857142857142857,0.26619047619047626,0.17244897959183672,0.18333333333333335,0.02521140126678036,0.06585308019395476,0.04096169627271199,-0.6857142857142857,13.857142857142858,0.0
Kyle Kuzma,7.0,26.82857142857143,5.228571428571429,2.857142857142857,0.2857142857142857,1.2571428571428571,0.5428571428571428,0.4857142857142857,0.14285714285714285,0.02857142857142857,0.8857142857142857,0.2542857142857142,0.09047619047619047,0.19,0.03819791908303197,0.04819490077606486,0.04392515289175097,-0.6285714285714286,13.857142857142858,0.0
