,MP,ORtg,%Ps,Pts,OR,DR,A,TO,Blk,Stl,PF,2Pt %,3Pt %,FT %,2Pt %Att,3Pt %Att,FT %Att,Pnts-Prev,Marg,Maj Cont
Anthony Barber,23.38888888888889,91.61111111111111,21.63888888888889,8.25,0.3888888888888889,1.5555555555555556,3.4444444444444446,1.6666666666666667,0.027777777777777776,0.5833333333333334,1.6111111111111112,0.4083866750533417,0.1962962962962963,0.4208511396011396,0.137973658544864,0.08669911959385644,0.13488157187930333,-2.111111111111111,1.25,1.0
Beejay Anya,9.916666666666666,42.69444444444444,5.861111111111111,1.8611111111111112,0.5833333333333334,1.1388888888888888,0.1111111111111111,0.4722222222222222,1.1111111111111112,0.08333333333333333,1.4166666666666667,0.3171296296296296,0.0,0.16157407407407406,0.029652100966617096,0.0,0.03594353023438132,1.4444444444444444,1.25,0.0
Desmond Lee,23.416666666666668,85.69444444444444,18.97222222222222,7.944444444444445,0.6666666666666666,2.1944444444444446,1.5555555555555556,1.6388888888888888,0.0,0.7222222222222222,1.7777777777777777,0.3195135882635883,0.21342592592592594,0.6373977873977874,0.09518232484370812,0.13382278661883926,0.17113397584630483,-1.8333333333333333,1.25,1.0
Jordan Vandenberg,18.38888888888889,110.91666666666667,7.972222222222222,3.7777777777777777,1.4722222222222223,2.3333333333333335,0.7777777777777778,0.4722222222222222,1.0833333333333333,0.2222222222222222,2.6944444444444446,0.5049382716049382,0.0,0.12962962962962962,0.06179042560436451,0.0,0.023163071959074653,1.6666666666666667,1.25,1.0
Kyle Washington,19.36111111111111,77.83333333333333,13.61111111111111,4.583333333333333,0.8055555555555556,2.9722222222222223,0.4444444444444444,0.9444444444444444,0.5833333333333334,0.16666666666666666,2.0277777777777777,0.3685064935064935,0.0,0.28086419753086417,0.10802217342591622,0.0032467532467532465,0.06607421000635622,-0.3888888888888889,1.25,0.0
Lennard Freeman,20.694444444444443,97.44444444444444,11.083333333333334,3.7777777777777777,1.9166666666666667,3.1944444444444446,0.5555555555555556,0.4722222222222222,0.2222222222222222,0.3888888888888889,1.6388888888888888,0.460978835978836,0.0,0.28068783068783065,0.06484596202653543,0.0,0.09355687123863358,0.2777777777777778,1.25,0.0
Ralston Turner,24.194444444444443,101.05555555555556,17.86111111111111,9.61111111111111,0.4722222222222222,1.8333333333333333,0.8611111111111112,0.9166666666666666,0.1111111111111111,0.5555555555555556,2.4444444444444446,0.3786375661375661,0.3253497274330608,0.43472222222222223,0.06018929401251955,0.37177776739180246,0.09278514198074883,-0.5,1.25,1.0
T.J. Warren,32.333333333333336,104.58333333333333,30.77777777777778,22.72222222222222,3.0,3.5833333333333335,1.0277777777777777,2.1666666666666665,0.5833333333333334,1.5833333333333333,2.5,0.5262217287404336,0.22202380952380954,0.6330788084464555,0.3307854872400221,0.2366804775796004,0.2743240318622967,0.0,1.25,1.0
Tyler Lewis,18.27777777777778,85.5,12.972222222222221,3.9444444444444446,0.3055555555555556,0.8333333333333334,3.361111111111111,0.8333333333333334,0.0,0.19444444444444445,1.3611111111111112,0.3280092592592593,0.16435185185185186,0.25277777777777777,0.05600301777989752,0.11221754001359267,0.052582039437344935,-1.2777777777777777,1.25,1.0
