,MP,ORtg,%Ps,Pts,OR,DR,A,TO,Blk,Stl,PF,2Pt %,3Pt %,FT %,2Pt %Att,3Pt %Att,FT %Att,Pnts-Prev,Marg,Maj Cont
Anton Grady,13.857142857142858,65.42857142857143,17.65714285714286,6.371428571428571,1.0571428571428572,2.657142857142857,0.2857142857142857,1.2571428571428571,0.5714285714285714,0.37142857142857144,2.2,0.4332740275597418,0.009523809523809523,0.36140589569161,0.12391770325664928,0.009699465070309062,0.11452196166683198,-0.6285714285714286,12.771428571428572,1.0
Conner Frankamp,12.571428571428571,83.11428571428571,10.914285714285715,4.3428571428571425,0.08571428571428572,1.0285714285714285,0.7142857142857143,0.11428571428571428,0.08571428571428572,0.2571428571428571,0.6285714285714286,0.34285714285714286,0.21285714285714286,0.22857142857142856,0.0357971973633469,0.11940481743577906,0.027091283774727765,0.45714285714285713,12.771428571428572,1.0
Eric Hamilton,3.657142857142857,12.114285714285714,2.2285714285714286,2.0285714285714285,0.2857142857142857,0.7142857142857143,0.05714285714285714,0.2571428571428571,0.11428571428571428,0.02857142857142857,0.42857142857142855,0.28952380952380946,0.1,0.19285714285714287,0.027437059742562588,0.015104708550086702,0.034373410333648706,-0.22857142857142856,12.771428571428572,0.0
Evan Wessel,20.085714285714285,92.51428571428572,9.885714285714286,3.4,1.3428571428571427,1.542857142857143,0.6857142857142857,0.37142857142857144,0.05714285714285714,0.4857142857142857,1.6285714285714286,0.27619047619047615,0.26333333333333336,0.1,0.0238739688698153,0.1371215218588844,0.016847682881950137,0.34285714285714286,12.771428571428572,0.0
Fred VanVleet,22.771428571428572,90.28571428571429,19.771428571428572,9.628571428571428,0.22857142857142856,2.2857142857142856,4.542857142857143,1.3714285714285714,0.08571428571428572,1.2571428571428571,1.4,0.2568655947227376,0.3041496598639456,0.550952380952381,0.13330598688899578,0.12735380988084086,0.13873904183626368,-0.05714285714285714,12.771428571428572,1.0
Markis McDuffie,16.02857142857143,91.28571428571429,18.942857142857143,6.457142857142857,0.8571428571428571,1.9142857142857144,0.7142857142857143,0.7714285714285715,0.2,0.6285714285714286,1.4,0.37809523809523815,0.1919047619047619,0.48000000000000004,0.09059797202045812,0.08879509776123684,0.0924988297926915,0.11428571428571428,12.771428571428572,1.0
Rashard Kelly,14.6,86.48571428571428,14.257142857142858,3.8857142857142857,1.2571428571428571,2.142857142857143,0.7142857142857143,0.6857142857142857,0.14285714285714285,0.42857142857142855,1.7714285714285714,0.41326530612244894,0.15714285714285714,0.25,0.08288548555527527,0.02296161883556841,0.04969197419748349,-0.22857142857142856,12.771428571428572,1.0
Rauno Nurger,5.114285714285714,12.885714285714286,1.8285714285714285,1.0571428571428572,0.2857142857142857,0.5428571428571428,0.05714285714285714,0.17142857142857143,0.17142857142857143,0.05714285714285714,0.8857142857142857,0.19761904761904764,0.014285714285714285,0.08380952380952382,0.019292441313387258,0.014696545284780578,0.014489273970457748,0.11428571428571428,12.771428571428572,0.0
Ron Baker,28.685714285714287,107.54285714285714,20.428571428571427,12.942857142857143,0.4857142857142857,3.857142857142857,2.914285714285714,1.3714285714285714,0.6,1.4,1.3142857142857143,0.49977585906157335,0.32731292517006805,0.6270408163265307,0.14659865931271815,0.22322222898101834,0.17177037333281306,1.2571428571428571,12.771428571428572,1.0
Shaquille Morris,13.685714285714285,90.42857142857143,16.17142857142857,5.914285714285715,1.0571428571428572,1.9428571428571428,0.37142857142857144,0.6285714285714286,0.9142857142857143,0.2571428571428571,2.4,0.44778911564625856,0.0,0.44285714285714284,0.12000873207010197,0.0,0.10578304039716412,1.0857142857142856,12.771428571428572,1.0
Tom Wamukota,5.057142857142857,21.6,1.8857142857142857,0.9428571428571428,0.45714285714285713,0.7428571428571429,0.08571428571428572,0.2,0.02857142857142857,0.17142857142857143,1.0857142857142856,0.2333333333333333,0.0,0.11428571428571428,0.022036398833776526,0.001058201058201058,0.012855275443510738,0.0,12.771428571428572,0.0
Ty Taylor,4.4,18.257142857142856,4.9714285714285715,1.6857142857142857,0.14285714285714285,0.34285714285714286,0.3142857142857143,0.2857142857142857,0.0,0.2,0.4857142857142857,0.08888888888888889,0.15,0.07857142857142857,0.03337466595531112,0.04496275433250223,0.006893424036281178,-0.17142857142857143,12.771428571428572,0.0
Zach Brown,17.771428571428572,93.45714285714286,17.485714285714284,6.485714285714286,1.0571428571428572,1.6571428571428573,0.9142857142857143,1.0285714285714285,0.37142857142857144,0.7714285714285715,2.0285714285714285,0.5311564625850339,0.2814285714285715,0.5304761904761905,0.055159443103315976,0.10990494523650675,0.12873014262189025,0.22857142857142856,12.771428571428572,0.0
