,MP,ORtg,%Ps,Pts,OR,DR,A,TO,Blk,Stl,PF,2Pt %,3Pt %,FT %,2Pt %Att,3Pt %Att,FT %Att,Pnts-Prev,Marg,Maj Cont
Ben Boggs,17.08823529411765,88.23529411764706,12.911764705882353,5.0,0.6470588235294118,1.5,0.5,0.8235294117647058,0.029411764705882353,0.47058823529411764,1.5588235294117647,0.42769607843137253,0.23088235294117643,0.3014705882352941,0.06701011974878097,0.09956545726253865,0.04392267880836401,-0.6470588235294118,9.176470588235293,1.0
Bobby Capobianco,13.705882352941176,83.79411764705883,16.941176470588236,5.088235294117647,1.411764705882353,2.4411764705882355,0.5588235294117647,0.9117647058823529,0.3235294117647059,0.38235294117647056,1.8823529411764706,0.49905462184873944,0.10294117647058823,0.3426470588235294,0.10577465969319662,0.02073689891975609,0.07588453848565703,-0.4117647058823529,9.176470588235293,1.0
Erik Buggs,27.147058823529413,103.6470588235294,18.676470588235293,6.617647058823529,0.6764705882352942,1.8823529411764706,3.6176470588235294,2.4411764705882355,0.23529411764705882,1.4705882352941178,2.8529411764705883,0.613830532212885,0.11274509803921569,0.30964052287581706,0.132797366791278,0.052114605535530774,0.101245054813623,-1.4705882352941178,9.176470588235293,1.0
Jordan Coleman,12.647058823529411,62.970588235294116,12.0,3.764705882352941,0.7352941176470589,1.411764705882353,0.3235294117647059,0.7352941176470589,0.2647058823529412,0.5294117647058824,1.3235294117647058,0.3112745098039215,0.17745098039215687,0.22317927170868346,0.07236649439251673,0.0532720654120012,0.06242111536309566,0.11764705882352941,9.176470588235293,0.0
Kevin Van Wijk,22.352941176470587,113.91176470588235,26.352941176470587,12.294117647058824,1.7058823529411764,3.588235294117647,0.6176470588235294,2.0294117647058822,0.5882352941176471,0.6470588235294118,2.823529411764706,0.6236371471665589,0.0,0.6155112044817928,0.2165190349905589,0.0014005602240896359,0.22262264340999788,-1.588235294117647,9.176470588235293,1.0
LaVonte Dority,15.323529411764707,68.5,17.647058823529413,6.323529411764706,0.2647058823529412,0.6176470588235294,1.3235294117647058,1.5,0.058823529411764705,0.5,1.2941176470588236,0.3214285714285714,0.22843137254901957,0.3735294117647059,0.0933395880965601,0.10570106156302861,0.11229332171207733,-1.8823529411764706,9.176470588235293,1.0
Matt Kenney,23.470588235294116,107.11764705882354,18.176470588235293,7.735294117647059,0.4411764705882353,2.5294117647058822,2.8529411764705883,1.7647058823529411,0.5,0.5294117647058824,1.588235294117647,0.4474789915966387,0.2901960784313725,0.43504901960784315,0.07613792641292445,0.1551607722107412,0.12022606331694762,-1.4705882352941178,9.176470588235293,1.0
Ryan Broekhoff,30.147058823529413,120.3529411764706,23.352941176470587,14.970588235294118,1.1470588235294117,5.764705882352941,2.1470588235294117,1.8235294117647058,0.7647058823529411,0.9705882352941176,1.3529411764705883,0.4891456582633053,0.41228991596638653,0.715686274509804,0.15025527076661416,0.28892236806118193,0.1723371040560402,-0.17647058823529413,9.176470588235293,1.0
Vashil Fernandez,5.764705882352941,24.794117647058822,4.205882352941177,0.8823529411764706,0.29411764705882354,0.8235294117647058,0.11764705882352941,0.5294117647058824,0.4117647058823529,0.058823529411764705,0.8529411764705882,0.20392156862745095,0.0,0.049019607843137254,0.02143769705950013,0.0,0.019928698752228163,-0.11764705882352941,9.176470588235293,0.0
Will Bogan,25.852941176470587,105.3529411764706,13.205882352941176,6.352941176470588,0.14705882352941177,0.9117647058823529,1.3529411764705883,1.2058823529411764,0.029411764705882353,0.8823529411764706,1.2941176470588236,0.24509803921568624,0.3595588235294118,0.3161764705882353,0.03495007734218761,0.1937144461052495,0.03970701657608679,-0.5882352941176471,9.176470588235293,0.0
