,MP,ORtg,%Ps,Pts,OR,DR,A,TO,Blk,Stl,PF,2Pt %,3Pt %,FT %,2Pt %Att,3Pt %Att,FT %Att,Pnts-Prev,Marg,Maj Cont
Blake Hamilton,24.8,96.14285714285714,25.0,12.428571428571429,1.2857142857142858,5.314285714285714,2.4,2.7142857142857144,0.34285714285714286,1.3142857142857143,2.6857142857142855,0.47065759637188204,0.3753061224489796,0.6152721088435374,0.14349677963973687,0.17246615674750965,0.13787378117587432,-2.1142857142857143,2.342857142857143,1.0
CJ Massinburg,24.457142857142856,105.68571428571428,19.771428571428572,11.0,1.2,2.8,1.6571428571428573,1.4,0.42857142857142855,1.1142857142857143,1.8,0.4041496598639455,0.30938775510204086,0.5369553462410604,0.12126648090783987,0.1427693478799401,0.14725764168748232,0.2857142857142857,2.342857142857143,1.0
David Kadiri,9.82857142857143,56.114285714285714,7.6571428571428575,3.085714285714286,0.9428571428571428,0.8857142857142857,0.05714285714285714,0.37142857142857144,0.5714285714285714,0.05714285714285714,1.8285714285714285,0.3989115646258503,0.0,0.2324675324675325,0.05133611646668326,0.0,0.048482965661589966,0.5142857142857142,2.342857142857143,0.0
Ikenna Smart,15.428571428571429,87.28571428571429,10.485714285714286,3.2285714285714286,1.8,2.5142857142857142,0.14285714285714285,0.8571428571428571,0.5714285714285714,0.2571428571428571,3.142857142857143,0.45666666666666667,0.0,0.2,0.06764313663362671,0.0,0.04217855135845444,-0.05714285714285714,2.342857142857143,0.0
Jarryn Skeete,27.228571428571428,98.42857142857143,15.714285714285714,7.771428571428571,0.6,2.5714285714285716,2.1714285714285713,1.2571428571428571,0.05714285714285714,0.8857142857142857,2.057142857142857,0.28816326530612246,0.31420634920634927,0.32190476190476186,0.06572487745465617,0.24248828751178217,0.07493599479196464,-0.6285714285714286,2.342857142857143,1.0
Lamonte Bearden,24.6,90.05714285714286,20.571428571428573,11.228571428571428,0.6285714285714286,1.8,3.4857142857142858,1.8285714285714285,0.22857142857142856,1.3142857142857143,2.085714285714286,0.3811439354296497,0.17285714285714285,0.6377943485086343,0.18138080318097663,0.0729981326605014,0.1926572464636855,-0.5714285714285714,2.342857142857143,1.0
Nick Perkins,18.514285714285716,82.11428571428571,18.02857142857143,7.0,1.0571428571428572,3.057142857142857,0.3142857142857143,1.3714285714285714,0.4,0.22857142857142856,2.342857142857143,0.4995918367346938,0.24904761904761905,0.3497619047619048,0.08751967606644333,0.12110417535494099,0.07549264845860715,-1.4857142857142858,2.342857142857143,1.0
Nikola Rakicevic,4.742857142857143,26.62857142857143,3.4,1.1428571428571428,0.34285714285714286,0.5142857142857142,0.2571428571428571,0.2857142857142857,0.02857142857142857,0.17142857142857143,0.2571428571428571,0.11809523809523809,0.07142857142857142,0.060000000000000005,0.015270616092524489,0.012382897295940772,0.011001616281119387,-0.17142857142857143,2.342857142857143,0.0
Rodell Wigginton,16.514285714285716,77.17142857142858,19.142857142857142,6.571428571428571,1.7428571428571429,3.2,0.6857142857142857,1.6285714285714286,0.4857142857142857,0.5142857142857142,2.085714285714286,0.4422789115646259,0.1,0.36448670377241804,0.12511677095099116,0.0281556124385775,0.08900760386566495,-1.2571428571428571,2.342857142857143,1.0
Willie Conner,28.057142857142857,106.65714285714286,17.942857142857143,11.714285714285714,0.6857142857142857,1.5714285714285714,1.1428571428571428,1.3714285714285714,0.3142857142857143,0.8571428571428571,2.1142857142857143,0.5435456606885177,0.3069727891156463,0.6337631416202845,0.11267331403509291,0.1790639615393789,0.1525405216841288,-0.4,2.342857142857143,0.0
