,MP,ORtg,%Ps,Pts,OR,DR,A,TO,Blk,Stl,PF,2Pt %,3Pt %,FT %,2Pt %Att,3Pt %Att,FT %Att,Pnts-Prev,Marg,Maj Cont
Austin Arians,22.272727272727273,122.93939393939394,13.696969696969697,8.030303030303031,0.48484848484848486,1.393939393939394,1.121212121212121,0.6060606060606061,0.09090909090909091,0.5151515151515151,1.9393939393939394,0.46969696969696967,0.3932178932178932,0.34595959595959597,0.04470802046794806,0.2025631894031532,0.04111632113987905,0.0,4.606060606060606,1.0
Brandon Childress,21.03030303030303,93.12121212121212,17.515151515151516,6.393939393939394,0.18181818181818182,1.9393939393939394,2.121212121212121,1.3636363636363635,0.030303030303030304,0.7878787878787878,1.5757575757575757,0.325,0.34444444444444444,0.5026695526695527,0.07676575835454835,0.10654088145968858,0.10415242080173334,-1.0909090909090908,4.606060606060606,1.0
Bryant Crawford,30.696969696969695,115.12121212121212,24.90909090909091,15.575757575757576,0.30303030303030304,3.393939393939394,5.212121212121212,2.1818181818181817,0.24242424242424243,1.393939393939394,2.727272727272727,0.4976309044490861,0.33048340548340543,0.7652356902356903,0.17689064727041812,0.22605533443786077,0.2020046291795754,-1.0909090909090908,4.606060606060606,1.0
Dinos Mitoglou,23.696969696969695,103.15151515151516,18.87878787878788,8.727272727272727,1.7575757575757576,4.303030303030303,0.8787878787878788,1.4848484848484849,0.6666666666666666,0.5757575757575758,2.1818181818181817,0.5007936507936509,0.22658402203856753,0.658080808080808,0.10353937593773326,0.11555245194327499,0.1266164399007806,-0.48484848484848486,4.606060606060606,1.0
Doral Moore,7.848484848484849,37.15151515151515,7.303030303030303,2.4242424242424243,0.7575757575757576,1.3333333333333333,0.030303030303030304,0.7272727272727273,0.8181818181818182,0.06060606060606061,1.878787878787879,0.4065656565656566,0.0,0.18686868686868688,0.04813794113715552,0.0,0.03896708582243822,0.30303030303030304,4.606060606060606,0.0
Greg McClinton,5.484848484848484,19.727272727272727,2.5454545454545454,0.9090909090909091,0.6060606060606061,0.3939393939393939,0.030303030303030304,0.30303030303030304,0.030303030303030304,0.12121212121212122,0.9696969696969697,0.21717171717171715,0.030303030303030304,0.015151515151515152,0.022342997542209416,0.0012626262626262623,0.004930773249738767,-0.30303030303030304,4.606060606060606,0.0
John Collins,25.515151515151516,118.6969696969697,28.666666666666668,18.363636363636363,3.6363636363636362,5.909090909090909,0.5151515151515151,1.7878787878787878,1.5757575757575757,0.6060606060606061,2.909090909090909,0.607194643917132,0.0,0.620851370851371,0.2855436336169029,0.0012121212121212121,0.26964623056559495,0.7878787878787878,4.606060606060606,1.0
Keyshawn Woods,29.484848484848484,116.45454545454545,19.12121212121212,12.393939393939394,0.696969696969697,3.484848484848485,3.4242424242424243,1.6666666666666667,0.0,0.5454545454545454,2.484848484848485,0.5087072018890201,0.39336219336219336,0.5453823953823953,0.15152774499369814,0.15606884587317535,0.10458333185051417,-2.242424242424242,4.606060606060606,1.0
Mitchell Wilbekin,23.303030303030305,100.48484848484848,12.121212121212121,6.545454545454546,0.15151515151515152,1.2424242424242424,1.4848484848484849,0.6363636363636364,0.06060606060606061,0.696969696969697,1.7575757575757576,0.18686868686868688,0.373088023088023,0.5151515151515151,0.0490103585005282,0.16044151910506937,0.07178748129445925,0.24242424242424243,4.606060606060606,0.0
Sam Japhet-Mathias,2.0,0.6363636363636364,0.3939393939393939,0.36363636363636365,0.21212121212121213,0.24242424242424243,0.030303030303030304,0.21212121212121213,0.12121212121212122,0.0,0.6060606060606061,0.07575757575757576,0.0,0.030303030303030304,0.0076527132008415415,0.0,0.003367003367003367,-0.18181818181818182,4.606060606060606,0.0
Trent VanHorn,1.5757575757575757,6.181818181818182,0.12121212121212122,0.18181818181818182,0.030303030303030304,0.09090909090909091,0.15151515151515152,0.09090909090909091,0.0,0.0,0.2727272727272727,0.06060606060606061,0.0,0.030303030303030304,0.0035777786749861687,0.0,0.002525252525252525,-0.18181818181818182,4.606060606060606,0.0
