,MP,ORtg,%Ps,Pts,OR,DR,A,TO,Blk,Stl,PF,2Pt %,3Pt %,FT %,2Pt %Att,3Pt %Att,FT %Att,Pnts-Prev,Marg
Collin Gillespie,11.5,90.73529411764706,7.647058823529412,3.4411764705882355,0.08823529411764706,0.8823529411764706,0.8823529411764706,0.3235294117647059,0.029411764705882353,0.4117647058823529,1.2058823529411764,0.2181372549019608,0.24754901960784312,0.22058823529411764,0.015436854672823656,0.06321408662120998,0.033463667462008614,0.23529411764705882,16.176470588235293
Dhamir Cosby-Roundtree,11.558823529411764,83.67647058823529,7.5,3.0588235294117645,0.8235294117647058,1.588235294117647,0.058823529411764705,0.5294117647058824,0.29411764705882354,0.2647058823529412,1.7647058823529411,0.530952380952381,0.0,0.16176470588235295,0.05507974501101311,0.0,0.029921200803553746,0.058823529411764705,16.176470588235293
Donte DiVincenzo,29.558823529411764,118.1470588235294,22.794117647058822,13.147058823529411,1.088235294117647,3.5294117647058822,3.4411764705882355,1.8823529411764706,0.14705882352941177,1.1764705882352942,2.1176470588235294,0.5550887021475257,0.3557539682539682,0.518032212885154,0.14125484753643527,0.18711618746387773,0.13747614151500845,-1.1176470588235294,16.176470588235293
Eric Paschall,28.029411764705884,113.26470588235294,16.823529411764707,9.647058823529411,1.588235294117647,3.2058823529411766,2.176470588235294,1.588235294117647,0.5882352941176471,0.9117647058823529,2.1470588235294117,0.5712535014005602,0.29803921568627456,0.5906862745098039,0.13324303397634438,0.08168763426737731,0.13405724914213113,-0.17647058823529413,16.176470588235293
Jalen Brunson,31.88235294117647,133.02941176470588,26.235294117647058,19.38235294117647,0.29411764705882354,2.7941176470588234,4.705882352941177,1.7058823529411764,0.029411764705882353,0.8529411764705882,1.8529411764705883,0.6377080291872681,0.39346405228758163,0.6888613020965962,0.23719227558785766,0.18271128437413975,0.22585979614072516,-1.6470588235294117,16.176470588235293
Jermaine Samuels,4.176470588235294,16.058823529411764,3.1176470588235294,0.7647058823529411,0.17647058823529413,0.6470588235294118,0.20588235294117646,0.29411764705882354,0.08823529411764706,0.029411764705882353,0.6470588235294118,0.07352941176470588,0.07352941176470588,0.08088235294117647,0.009350017901306022,0.017781238651181128,0.025878994549071273,-0.35294117647058826,16.176470588235293
Mikal Bridges,32.588235294117645,130.88235294117646,22.11764705882353,18.029411764705884,1.4411764705882353,4.0,2.1176470588235294,1.3823529411764706,1.1176470588235294,1.6176470588235294,2.1470588235294117,0.6261087768440712,0.4104108309990663,0.670063025210084,0.18722480485929538,0.21341518083417246,0.19315943901530588,2.7058823529411766,16.176470588235293
Omari Spellman,28.205882352941178,119.58823529411765,17.61764705882353,10.735294117647058,2.264705882352941,5.617647058823529,0.7941176470588235,0.9117647058823529,1.4705882352941178,0.6470588235294118,2.176470588235294,0.5172385620915032,0.4134803921568628,0.4595588235294117,0.14473528245763945,0.12004512261167101,0.11203900506250994,2.411764705882353,16.176470588235293
Phil Booth,21.529411764705884,92.08823529411765,15.352941176470589,8.647058823529411,0.2647058823529412,2.088235294117647,2.235294117647059,1.1176470588235294,0.17647058823529413,0.7352941176470589,1.3235294117647058,0.4090802987861811,0.2924486461251168,0.3583333333333334,0.07553437139386954,0.13220853688505418,0.10814450630968571,-0.4117647058823529,16.176470588235293
Tim Delaney,1.2647058823529411,1.4411764705882353,0.29411764705882354,0.0,0.029411764705882353,0.08823529411764706,0.058823529411764705,0.029411764705882353,0.0,0.0,0.35294117647058826,0.0,0.0,0.0,0.0009487666034155598,0.0018207282913165264,0.0,-0.058823529411764705,16.176470588235293
