,MP,ORtg,%Ps,Pts,OR,DR,A,TO,Blk,Stl,PF,2Pt %,3Pt %,FT %,2Pt %Att,3Pt %Att,FT %Att,Pnts-Prev,Marg,Maj Cont
Darius Thompson,18.147058823529413,90.52941176470588,16.470588235294116,5.588235294117647,0.14705882352941177,1.2647058823529411,2.0294117647058822,0.9411764705882353,0.23529411764705882,0.7647058823529411,0.8823529411764706,0.4542016806722689,0.21862745098039216,0.23529411764705882,0.07282212677037045,0.12281239732112903,0.0669701741933576,0.11764705882352941,10.323529411764707,1.0
Devon Hall,25.970588235294116,101.44117647058823,17.5,8.176470588235293,0.5588235294117647,3.588235294117647,1.7941176470588236,0.9117647058823529,0.11764705882352941,0.5,1.6470588235294117,0.3878554452083864,0.32745098039215687,0.4756302521008403,0.12373852394088924,0.14044940039883347,0.139774128419184,-0.5882352941176471,10.323529411764707,1.0
Isaiah Wilkins,25.558823529411764,111.88235294117646,14.794117647058824,6.588235294117647,2.2941176470588234,3.5,1.088235294117647,1.0,1.2647058823529411,0.9705882352941176,1.7647058823529411,0.5858034122740005,0.11764705882352941,0.4200980392156863,0.12865228648956212,0.013478158408498964,0.1209934612525215,2.4705882352941178,10.323529411764707,0.0
Jack Salt,17.205882352941178,101.0,12.5,3.3823529411764706,1.4705882352941178,2.235294117647059,0.38235294117647056,0.5882352941176471,0.5882352941176471,0.29411764705882354,2.4411764705882355,0.49411764705882355,0.0,0.23284313725490197,0.07515617044440538,0.0,0.09711105281128955,0.5882352941176471,10.323529411764707,1.0
Jarred Reuter,9.970588235294118,53.88235294117647,10.176470588235293,3.4705882352941178,0.7647058823529411,1.2647058823529411,0.5882352941176471,0.7941176470588235,0.058823529411764705,0.17647058823529413,1.2941176470588236,0.3947478991596639,0.0,0.18382352941176472,0.06854974415223403,0.0,0.040722186310421606,-1.1176470588235294,10.323529411764707,0.0
Kyle Guy,17.41176470588235,96.38235294117646,16.794117647058822,7.382352941176471,0.14705882352941177,1.411764705882353,1.2941176470588236,0.5882352941176471,0.029411764705882353,0.38235294117647056,1.0,0.3573529411764706,0.34362745098039216,0.27205882352941174,0.08240203607282973,0.15912044682597087,0.07681016953462776,-0.35294117647058826,10.323529411764707,1.0
London Perrantes,30.235294117647058,108.5,22.147058823529413,11.794117647058824,0.29411764705882354,2.6176470588235294,3.588235294117647,1.5588235294117647,0.058823529411764705,0.7058823529411765,0.9117647058823529,0.4563725490196079,0.3415966386554622,0.560924369747899,0.13219833024925642,0.2956474297301283,0.1957606801624285,-1.588235294117647,10.323529411764707,1.0
Mamadi Diakite,12.205882352941176,76.26470588235294,9.705882352941176,3.2941176470588234,0.7058823529411765,1.4705882352941178,0.17647058823529413,0.29411764705882354,1.1176470588235294,0.23529411764705882,2.088235294117647,0.36911764705882355,0.034313725490196074,0.18823529411764706,0.0621250228818006,0.020214492679662955,0.07291025967496556,2.1176470588235294,10.323529411764707,0.0
Marial Shayok,19.147058823529413,85.97058823529412,22.91176470588235,8.058823529411764,0.35294117647058826,1.911764705882353,0.9411764705882353,1.0,0.2647058823529412,0.7941176470588235,1.2352941176470589,0.4269034886681946,0.14852941176470588,0.3539915966386554,0.16787379371956723,0.08361618424676157,0.09701509563101259,0.11764705882352941,10.323529411764707,1.0
Ty Jerome,12.764705882352942,65.6470588235294,10.970588235294118,4.176470588235294,0.029411764705882353,1.3823529411764706,1.4411764705882353,0.8235294117647058,0.058823529411764705,0.4411764705882353,1.588235294117647,0.428921568627451,0.2552521008403361,0.20588235294117646,0.027658435867319957,0.10583796097725014,0.03310926259842668,-0.6470588235294118,10.323529411764707,1.0
