,MP,ORtg,%Ps,Pts,OR,DR,A,TO,Blk,Stl,PF,2Pt %,3Pt %,FT %,2Pt %Att,3Pt %Att,FT %Att,Pnts-Prev,Marg,Maj Cont
Abdel Nader,14.794117647058824,68.11764705882354,16.705882352941178,5.294117647058823,0.6470588235294118,2.0,0.6764705882352942,1.088235294117647,0.4117647058823529,0.35294117647058826,1.4411764705882353,0.41144957983193287,0.16911764705882354,0.3431372549019608,0.07935271679030863,0.0997480841883458,0.06726181998559526,-0.6470588235294118,8.823529411764707,1.0
Bryce Dejean-Jones,22.205882352941178,100.61764705882354,21.38235294117647,10.235294117647058,1.1470588235294117,3.411764705882353,2.0588235294117645,1.3823529411764706,0.29411764705882354,1.0294117647058822,1.6764705882352942,0.5184863339275104,0.2736694677871149,0.5710508445802565,0.13450167023475953,0.10837042230533148,0.14328090883818434,-0.11764705882352941,8.823529411764707,0.0
Clayton Custer,2.0294117647058822,10.029411764705882,1.3823529411764706,0.38235294117647056,0.029411764705882353,0.11764705882352941,0.23529411764705882,0.08823529411764706,0.0,0.11764705882352941,0.17647058823529413,0.0,0.034313725490196074,0.058823529411764705,0.0042730817817323,0.011901396999937697,0.00505050505050505,0.058823529411764705,8.823529411764707,0.0
Daniel Edozie,4.352941176470588,29.441176470588236,4.5588235294117645,1.5,0.6764705882352942,0.5,0.17647058823529413,0.20588235294117646,0.029411764705882353,0.08823529411764706,0.5294117647058824,0.17450980392156865,0.0,0.16631652661064425,0.023512505267932773,0.0,0.03909200814363808,-0.17647058823529413,8.823529411764707,0.0
Dustin Hogue,25.558823529411764,105.94117647058823,17.529411764705884,9.323529411764707,1.6176470588235294,3.176470588235294,1.088235294117647,1.5588235294117647,0.29411764705882354,0.6470588235294118,2.4411764705882355,0.5908029878618114,0.30931372549019603,0.41322272498743085,0.11684630129371756,0.09232041170207225,0.12920575831134015,-1.2352941176470589,8.823529411764707,0.0
Georges Niang,29.91176470588235,102.79411764705883,25.558823529411764,15.0,1.0,4.205882352941177,3.3823529411764706,2.588235294117647,0.47058823529411764,0.47058823529411764,2.7058823529411766,0.5043535712653361,0.43081232492997196,0.5627323656735422,0.22281707946508686,0.15976546632496424,0.1744560575841308,-3.2941176470588234,8.823529411764707,1.0
Georgios Tsalmpouris,1.0294117647058822,0.0,0.0,0.3235294117647059,0.058823529411764705,0.11764705882352941,0.058823529411764705,0.08823529411764706,0.0,0.029411764705882353,0.029411764705882353,0.024509803921568624,0.058823529411764705,0.014705882352941176,0.00537999057352079,0.004570047296089119,0.009342560553633217,-0.11764705882352941,8.823529411764707,0.0
Jameel McKay,18.88235294117647,77.58823529411765,14.588235294117647,7.794117647058823,1.8235294117647058,3.411764705882353,0.38235294117647056,0.8823529411764706,1.5588235294117647,0.5588235294117647,1.6470588235294117,0.40812006620830155,0.0,0.2983426704014939,0.12867906202392054,0.0,0.17996528696082512,2.4705882352941178,8.823529411764707,1.0
Matt Thomas,13.735294117647058,62.588235294117645,10.294117647058824,4.323529411764706,0.14705882352941177,1.6470588235294117,0.6470588235294118,0.4117647058823529,0.058823529411764705,0.29411764705882354,1.0294117647058822,0.25784313725490193,0.23592436974789918,0.23088235294117646,0.03764167607864934,0.11555590138171261,0.04017123017077488,-0.11764705882352941,8.823529411764707,1.0
Monte Morris,32.76470588235294,124.55882352941177,16.823529411764707,11.5,0.6764705882352942,2.6470588235294117,5.0588235294117645,1.0294117647058822,0.4411764705882353,1.7647058823529411,1.2647058823529411,0.516048085901027,0.34215686274509804,0.48049719887955183,0.16918775571044795,0.11455333220232633,0.10939472215879063,2.3529411764705883,8.823529411764707,1.0
Nazareth Mitrou-Long,26.705882352941178,109.47058823529412,16.205882352941178,9.970588235294118,0.17647058823529413,2.676470588235294,1.8823529411764706,1.3235294117647058,0.08823529411764706,0.7352941176470589,2.0294117647058822,0.5294117647058824,0.38244631185807654,0.38620448179271705,0.04507324863324683,0.25883744225719224,0.07009940368049092,-1.0,8.823529411764707,1.0
Sherron Dorsey-Walker,1.1470588235294117,4.882352941176471,0.6176470588235294,0.2647058823529412,0.0,0.11764705882352941,0.029411764705882353,0.029411764705882353,0.0,0.029411764705882353,0.0,0.04411764705882353,0.029411764705882353,0.029411764705882353,0.0033231474407945,0.0049657306361458615,0.00326797385620915,0.0,8.823529411764707,0.0
