,MP,ORtg,%Ps,Pts,OR,DR,A,TO,Blk,Stl,PF,2Pt %,3Pt %,FT %,2Pt %Att,3Pt %Att,FT %Att,Pnts-Prev,Marg,Maj Cont
Brandon Randolph,6.027027027027027,25.27027027027027,2.891891891891892,1.2972972972972974,0.10810810810810811,0.5135135135135135,0.6756756756756757,0.32432432432432434,0.02702702702702703,0.1891891891891892,0.35135135135135137,0.23018018018018016,0.08108108108108109,0.02027027027027027,0.023146353221580564,0.015979137031768613,0.00815100815100815,-0.21621621621621623,5.4324324324324325,0.0
Dee Davis,29.864864864864863,94.62162162162163,18.64864864864865,7.783783783783784,0.32432432432432434,1.8918918918918919,5.648648648648648,2.189189189189189,0.02702702702702703,1.162162162162162,2.135135135135135,0.37895752895752904,0.2707207207207207,0.5191441441441441,0.1159883608827128,0.14335681965545752,0.11672256267676676,-2.0,5.4324324324324325,1.0
Edmond Sumner,1.162162162162162,2.027027027027027,0.3783783783783784,0.21621621621621623,0.05405405405405406,0.08108108108108109,0.16216216216216217,0.13513513513513514,0.0,0.05405405405405406,0.24324324324324326,0.013513513513513514,0.0,0.033783783783783786,0.0036660772509829113,0.004971042471042472,0.006649506649506649,-0.16216216216216217,5.4324324324324325,0.0
Jalen Reynolds,18.10810810810811,101.5945945945946,19.72972972972973,8.864864864864865,1.7027027027027026,3.972972972972973,0.2972972972972973,1.135135135135135,0.8918918918918919,0.5405405405405406,2.864864864864865,0.5776900276900279,0.0,0.4627413127413128,0.15637733902221124,0.0013513513513513514,0.1142945638414692,0.5945945945945946,5.4324324324324325,1.0
James Farr,14.18918918918919,67.86486486486487,14.0,3.945945945945946,1.1891891891891893,3.675675675675676,0.3783783783783784,0.8918918918918919,0.7567567567567568,0.32432432432432434,1.6216216216216217,0.35079365079365077,0.19144144144144143,0.13288288288288286,0.07287418657533842,0.06394218119182188,0.029759147228330094,0.3783783783783784,5.4324324324324325,1.0
JP Macura,11.783783783783784,64.91891891891892,13.837837837837839,4.864864864864865,0.40540540540540543,0.7297297297297297,0.5405405405405406,0.7837837837837838,0.08108108108108109,0.6756756756756757,1.2972972972972974,0.3405405405405405,0.24742599742599744,0.3391891891891892,0.03979670445365273,0.12921961872114715,0.04953700549084308,-0.05405405405405406,5.4324324324324325,1.0
Larry Austin,2.891891891891892,6.675675675675675,1.3783783783783783,0.40540540540540543,0.0,0.2702702702702703,0.16216216216216217,0.2972972972972973,0.0,0.13513513513513514,0.40540540540540543,0.14864864864864866,0.0,0.04054054054054054,0.008893795307052584,0.0,0.0034320034320034316,-0.32432432432432434,5.4324324324324325,0.0
Matt Stainbrook,24.08108108108108,108.1891891891892,21.135135135135137,11.027027027027026,1.8918918918918919,4.378378378378378,2.1621621621621623,1.7297297297297298,0.5405405405405406,0.5135135135135135,2.2432432432432434,0.5609194503931345,0.02702702702702703,0.6363685113685116,0.18679089062882473,0.0068278805120910386,0.166445798751334,-1.3513513513513513,5.4324324324324325,1.0
Myles Davis,24.243243243243242,95.10810810810811,17.945945945945947,9.513513513513514,0.24324324324324326,1.9189189189189189,1.945945945945946,1.2162162162162162,0.0,0.7837837837837838,1.7297297297297298,0.3201737451737452,0.31325611325611336,0.587902187902188,0.08085090507953727,0.22901352778962963,0.1462821320389693,-0.8648648648648649,5.4324324324324325,1.0
Remy Abell,25.08108108108108,101.4054054054054,13.135135135135135,7.864864864864865,0.2702702702702703,1.5675675675675675,1.135135135135135,0.8918918918918919,0.08108108108108109,0.5675675675675675,1.1081081081081081,0.5031531531531531,0.34834834834834827,0.404021879021879,0.08808748934233619,0.1300028898908508,0.08780670053300714,-0.4864864864864865,5.4324324324324325,1.0
Sean O'Mara,2.810810810810811,10.45945945945946,1.7567567567567568,0.972972972972973,0.24324324324324326,0.1891891891891892,0.13513513513513514,0.10810810810810811,0.16216216216216217,0.05405405405405406,0.43243243243243246,0.17792792792792791,0.0,0.08783783783783784,0.016807457941178872,0.0,0.021180869865080394,0.21621621621621623,5.4324324324324325,0.0
Trevon Bluiett,26.56756756756757,99.32432432432432,19.45945945945946,10.783783783783784,1.3513513513513513,2.675675675675676,1.8108108108108107,1.2972972972972974,0.05405405405405406,0.5945945945945946,2.081081081081081,0.4195731445731446,0.26557271557271556,0.6103603603603605,0.12563935921351063,0.1942544703037584,0.16865762026060066,-1.2972972972972974,5.4324324324324325,1.0
