,MP,ORtg,%Ps,Pts,OR,DR,A,TO,Blk,Stl,PF,2Pt %,3Pt %,FT %,2Pt %Att,3Pt %Att,FT %Att,Pnts-Prev,Marg,Maj Cont
Andre Statam,9.971428571428572,61.08571428571429,10.914285714285715,3.3142857142857145,0.5142857142857142,1.542857142857143,0.2571428571428571,0.5714285714285714,0.02857142857142857,0.2571428571428571,1.542857142857143,0.21904761904761905,0.23142857142857143,0.17142857142857143,0.03568274641314392,0.08038560796185355,0.04005187540656648,-0.5714285714285714,2.0285714285714285,0.0
Ashton Spears,6.171428571428572,32.77142857142857,4.571428571428571,1.8857142857142857,0.2571428571428571,0.42857142857142855,0.42857142857142855,0.34285714285714286,0.0,0.37142857142857144,0.6571428571428571,0.17619047619047618,0.09809523809523808,0.1761904761904762,0.01884877828395158,0.04438981893931608,0.03263937871161542,0.05714285714285714,2.0285714285714285,0.0
Christian Cunningham,25.02857142857143,106.97142857142858,15.628571428571428,7.885714285714286,2.857142857142857,4.914285714285715,1.0,1.3142857142857143,1.542857142857143,0.5714285714285714,2.742857142857143,0.5624366110080395,0.0,0.36095238095238097,0.1555836426543865,0.0,0.10872946227752019,1.6,2.0285714285714285,0.0
Derrick Green,5.314285714285714,15.914285714285715,2.8285714285714287,1.1428571428571428,0.22857142857142856,0.6285714285714286,0.34285714285714286,0.2,0.02857142857142857,0.17142857142857143,0.4857142857142857,0.09047619047619047,0.06666666666666665,0.14642857142857144,0.013910981497473603,0.029052452940978597,0.041245036881682844,0.0,2.0285714285714285,0.0
Deshawn Jones,3.142857142857143,8.485714285714286,2.6,0.5714285714285714,0.02857142857142857,0.2,0.22857142857142856,0.4,0.02857142857142857,0.05714285714285714,0.08571428571428572,0.11904761904761903,0.0,0.08571428571428572,0.013793542241765327,0.006842562199705058,0.013026343970871707,-0.6285714285714286,2.0285714285714285,0.0
Erik Durham,32.51428571428571,122.45714285714286,14.542857142857143,10.771428571428572,1.3142857142857143,3.5142857142857142,1.8571428571428572,1.2285714285714286,0.11428571428571428,0.7142857142857143,1.4,0.48999999999999994,0.4518027210884354,0.35000000000000003,0.08149280690815137,0.22533324439749067,0.10464663528260655,-0.8,2.0285714285714285,0.0
Greg Tucker,29.457142857142856,95.22857142857143,20.65714285714286,11.0,0.37142857142857144,1.6,2.342857142857143,1.7428571428571429,0.05714285714285714,0.5428571428571428,1.8285714285714285,0.3060770975056689,0.3154875283446712,0.6627097505668934,0.10911013688590843,0.2721441601296513,0.17428884045489051,-2.2857142857142856,2.0285714285714285,1.0
Jacara Cross,11.114285714285714,59.77142857142857,16.65714285714286,5.142857142857143,1.0571428571428572,1.457142857142857,0.2,1.2857142857142858,0.6285714285714286,0.11428571428571428,2.7714285714285714,0.46929189857761283,0.0,0.3930952380952381,0.10739360621394548,0.0,0.12646979660392596,-1.0857142857142856,2.0285714285714285,1.0
Malcolm Drumwright,32.114285714285714,99.74285714285715,22.057142857142857,12.2,0.2571428571428571,2.057142857142857,3.6857142857142855,2.4,0.2,0.5714285714285714,2.6285714285714286,0.44770150484436205,0.3790136054421769,0.5152040816326531,0.16823038269200524,0.24933118090564774,0.11736087972968205,-3.257142857142857,2.0285714285714285,1.0
Norbertas Giga,26.714285714285715,86.62857142857143,21.257142857142856,9.485714285714286,1.6,5.771428571428571,1.457142857142857,2.4571428571428573,0.9428571428571428,0.6857142857142857,2.6857142857142855,0.5005886970172685,0.16904761904761903,0.5276190476190477,0.19439477742963426,0.047370844875229225,0.12775328405472589,-1.6571428571428573,2.0285714285714285,1.0
Tyrik Edwards,12.942857142857143,71.2,10.485714285714286,3.9714285714285715,0.2857142857142857,1.0285714285714285,1.7428571428571429,0.6857142857142857,0.02857142857142857,0.4,0.6,0.3455555555555555,0.05714285714285714,0.3585714285714286,0.07298717020820573,0.016578699078699077,0.08521703805448377,-0.5142857142857142,2.0285714285714285,1.0
