,MP,ORtg,%Ps,Pts,OR,DR,A,TO,Blk,Stl,PF,2Pt %,3Pt %,FT %,2Pt %Att,3Pt %Att,FT %Att,Pnts-Prev,Marg
Aaron Augustin,22.970588235294116,95.88235294117646,12.970588235294118,4.0588235294117645,0.23529411764705882,1.7352941176470589,3.2941176470588234,1.5588235294117647,0.08823529411764706,1.5294117647058822,2.1470588235294117,0.2877450980392156,0.27450980392156865,0.35686274509803917,0.04343354479360956,0.07603166107013314,0.06423097978638974,0.11764705882352941,13.029411764705882
Ivan Canete,22.058823529411764,102.17647058823529,18.647058823529413,8.823529411764707,0.6764705882352942,2.0588235294117645,2.8529411764705883,1.7941176470588236,0.20588235294117646,1.4411764705882353,3.0,0.3927871148459383,0.37100840336134455,0.45728291316526604,0.07941046823953761,0.18705865695849308,0.09324171994722696,-0.29411764705882354,13.029411764705882
John Comeaux,14.058823529411764,80.79411764705883,14.411764705882353,4.352941176470588,0.6176470588235294,1.411764705882353,1.6176470588235294,0.8529411764705882,0.058823529411764705,1.2352941176470589,2.3823529411764706,0.409733893557423,0.11274509803921567,0.3323529411764707,0.06443852476559597,0.04151022423855241,0.0665058539461998,0.8823529411764706,13.029411764705882
Jovan Grujic,3.911764705882353,11.411764705882353,2.9411764705882355,0.9411764705882353,0.23529411764705882,0.47058823529411764,0.029411764705882353,0.5588235294117647,0.029411764705882353,0.058823529411764705,0.7647058823529411,0.18627450980392155,0.0,0.051470588235294115,0.019505698852074562,0.0028711484593837537,0.012851332483457779,-0.9411764705882353,13.029411764705882
Kevon Harris,24.294117647058822,106.17647058823529,22.352941176470587,13.764705882352942,2.0588235294117645,3.0588235294117645,1.1764705882352942,1.6764705882352942,0.17647058823529413,0.8529411764705882,1.588235294117647,0.46724492827434,0.3405080213903743,0.5313958916900093,0.1348847987305341,0.20980889830439092,0.18921494811704573,-1.2941176470588236,13.029411764705882
Leon Gilmore,23.08823529411765,100.79411764705883,19.852941176470587,9.323529411764707,1.2647058823529411,3.6470588235294117,1.2941176470588236,1.6176470588235294,0.4117647058823529,0.9705882352941176,1.9705882352941178,0.5513646484234718,0.09215686274509804,0.5181372549019608,0.14487802275648862,0.045371441971560345,0.1504151203585116,-0.47058823529411764,13.029411764705882
Nathan Bain,4.470588235294118,18.323529411764707,2.8823529411764706,1.3823529411764706,0.14705882352941177,0.38235294117647056,0.20588235294117646,0.3235294117647059,0.17647058823529413,0.4117647058823529,0.8529411764705882,0.2450980392156863,0.029411764705882353,0.2156862745098039,0.015000313497210163,0.008608140225787283,0.03512710069051155,0.5294117647058824,13.029411764705882
Samuli Nieminen,12.794117647058824,60.38235294117647,9.470588235294118,2.676470588235294,0.6176470588235294,0.8823529411764706,0.23529411764705882,1.1764705882352942,0.14705882352941177,0.29411764705882354,2.176470588235294,0.3455882352941176,0.20588235294117646,0.21323529411764705,0.02895514595293082,0.03094470874269636,0.03521739904160028,-1.4705882352941178,13.029411764705882
Shannon Bogues,24.0,111.55882352941177,24.205882352941178,15.441176470588236,0.7058823529411765,1.6764705882352942,1.3823529411764706,1.411764705882353,0.17647058823529413,1.3529411764705883,1.1470588235294117,0.5742666647078412,0.23672969187675066,0.6194189797130973,0.19382739514972486,0.18972189178413,0.12772920886059178,0.23529411764705882,13.029411764705882
Stefon Fisher,1.7941176470588236,3.911764705882353,0.6176470588235294,0.8235294117647058,0.17647058823529413,0.20588235294117646,0.11764705882352941,0.20588235294117646,0.058823529411764705,0.029411764705882353,0.4117647058823529,0.09607843137254901,0.0,0.10294117647058823,0.012650791174594764,0.0,0.011858040429794207,-0.23529411764705882,13.029411764705882
TJ Holyfield,27.264705882352942,105.8529411764706,22.470588235294116,12.970588235294118,2.3529411764705883,4.0588235294117645,0.8529411764705882,2.764705882352941,1.3235294117647058,1.1764705882352942,2.823529411764706,0.5892220524573465,0.3122549019607843,0.6492997198879552,0.16542831231036925,0.10469164167648051,0.14135680883478555,-0.5294117647058824,13.029411764705882
Ty Charles,19.176470588235293,80.6470588235294,15.176470588235293,6.588235294117647,1.0294117647058822,2.8529411764705883,1.3529411764705883,1.1176470588235294,0.20588235294117646,0.8823529411764706,2.5588235294117645,0.35974556489262377,0.15646167557932264,0.37745098039215685,0.09758698377732969,0.10338158656839228,0.072251487503885,-0.058823529411764705,13.029411764705882
