,MP,ORtg,%Ps,Pts,OR,DR,A,TO,Blk,Stl,PF,2Pt %,3Pt %,FT %,2Pt %Att,3Pt %Att,FT %Att,Pnts-Prev,Marg,Maj Cont
Damonte Dodd,14.82857142857143,90.71428571428571,12.542857142857143,3.657142857142857,1.2857142857142858,2.2857142857142856,0.6285714285714286,0.9428571428571428,1.2285714285714286,0.2,2.4571428571428573,0.515578231292517,0.0,0.29285714285714287,0.07280829253424063,0.0,0.06118824917893242,0.9714285714285714,5.885714285714286,1.0
Dez Wells,22.485714285714284,76.97142857142858,22.514285714285716,11.428571428571429,1.0,3.0,2.057142857142857,2.2857142857142856,0.2857142857142857,0.8285714285714286,1.6,0.34455984724892286,0.3261904761904762,0.5182199546485262,0.2217356089809928,0.06616531701199894,0.17123461425074327,-2.342857142857143,5.885714285714286,1.0
Dion Wiley,12.657142857142857,51.97142857142857,11.657142857142857,3.942857142857143,0.2857142857142857,1.1142857142857143,0.5428571428571428,0.8571428571428571,0.2,0.2571428571428571,0.8857142857142857,0.23030303030303031,0.2647619047619048,0.27714285714285714,0.04501946455362605,0.09517680082439808,0.04083334646237872,-0.8,5.885714285714286,1.0
Evan Smotrycz,14.057142857142857,61.542857142857144,11.885714285714286,3.257142857142857,0.6285714285714286,2.3142857142857145,0.9428571428571428,0.7428571428571429,0.2857142857142857,0.3142857142857143,1.3714285714285714,0.2119047619047619,0.1719047619047619,0.32857142857142857,0.049186118749831094,0.08258889227441044,0.05138492873586041,-0.2857142857142857,5.885714285714286,1.0
Jake Layman,28.428571428571427,103.74285714285715,21.314285714285713,12.085714285714285,1.2285714285714286,4.371428571428571,1.2857142857142858,1.7428571428571429,0.7428571428571429,0.7714285714285715,1.9142857142857144,0.5334632034632035,0.3300680272108844,0.5555163883735312,0.1669328266879201,0.16825739869806564,0.15999355468770415,-0.45714285714285713,5.885714285714286,1.0
Jared Nickens,18.02857142857143,93.08571428571429,12.085714285714285,5.514285714285714,0.2857142857142857,1.0,0.4,0.2857142857142857,0.22857142857142856,0.2571428571428571,0.8285714285714286,0.19,0.33210884353741504,0.1261904761904762,0.03440335152887514,0.1975778162486237,0.01742012484869628,0.4,5.885714285714286,1.0
Jon Graham,10.82857142857143,64.77142857142857,6.428571428571429,2.2285714285714286,1.0285714285714285,1.6285714285714286,0.14285714285714285,0.45714285714285713,0.22857142857142856,0.08571428571428572,1.457142857142857,0.3321088435374149,0.0,0.13061224489795917,0.055285535856964434,0.0,0.03836935286935287,-0.2857142857142857,5.885714285714286,0.0
Melo Trimble,31.571428571428573,108.51428571428572,23.685714285714287,15.4,0.17142857142857143,3.2,2.914285714285714,2.3142857142857145,0.05714285714285714,1.1714285714285715,1.8,0.4178344671201814,0.3530447330447331,0.7663778285206856,0.16963693012265926,0.20656790675816503,0.290603573448895,-2.1714285714285713,5.885714285714286,1.0
Michal Cekovsky,10.285714285714286,50.48571428571429,6.942857142857143,2.1142857142857143,0.7714285714285715,1.3142857142857143,0.11428571428571428,0.42857142857142855,0.5142857142857142,0.08571428571428572,1.6857142857142857,0.32414965986394556,0.0,0.08571428571428572,0.05938825955920399,0.0,0.024451973951973953,0.34285714285714286,5.885714285714286,0.0
Richaud Pack,24.771428571428572,96.22857142857143,12.457142857142857,5.714285714285714,0.6571428571428571,2.5428571428571427,1.1714285714285715,0.9428571428571428,0.2,0.5142857142857142,1.3142857142857143,0.31531135531135535,0.29904761904761906,0.358095238095238,0.06791130373337882,0.11989615963202106,0.08167941872460005,-0.45714285714285713,5.885714285714286,0.0
Varun Ram,1.5714285714285714,0.0,0.0,0.17142857142857143,0.0,0.14285714285714285,0.08571428571428572,0.14285714285714285,0.0,0.08571428571428572,0.2,0.0,0.0,0.05714285714285714,0.0005494505494505495,0.006626851409460106,0.005698005698005697,-0.11428571428571428,5.885714285714286,0.0
