,MP,ORtg,%Ps,Pts,OR,DR,A,TO,Blk,Stl,PF,2Pt %,3Pt %,FT %,2Pt %Att,3Pt %Att,FT %Att,Pnts-Prev,Marg,Maj Cont
Charles Glover,3.361111111111111,19.52777777777778,1.4444444444444444,0.5277777777777778,0.05555555555555555,0.3333333333333333,0.16666666666666666,0.19444444444444445,0.0,0.1111111111111111,0.5,0.14814814814814817,0.0,0.06944444444444445,0.01285493180654471,0.0043517978664988485,0.010090896757563424,-0.16666666666666666,-0.25,0.0
Chris Wray,27.416666666666668,95.63888888888889,15.444444444444445,6.75,2.388888888888889,3.138888888888889,1.3888888888888888,1.3333333333333333,1.3888888888888888,1.3333333333333333,1.9444444444444444,0.5356893106893107,0.0,0.28134920634920635,0.1466550679011112,0.00257201646090535,0.14568751299917446,2.7777777777777777,-0.25,0.0
Elijah Long,32.5,91.5,26.694444444444443,14.555555555555555,0.4166666666666667,4.666666666666667,4.138888888888889,3.2222222222222223,0.08333333333333333,1.5,2.6666666666666665,0.41411875161875156,0.3625,0.6272504501671169,0.2425343366181335,0.15374136225505108,0.26851028543753,-3.2777777777777777,-0.25,1.0
Greg Alexander,24.0,85.72222222222223,12.416666666666666,7.166666666666667,0.3055555555555556,1.8888888888888888,0.25,0.5277777777777778,0.2777777777777778,0.4722222222222222,1.3055555555555556,0.2361111111111111,0.2985720298220299,0.18055555555555555,0.028669597640504783,0.26968116108713347,0.03663139329805996,0.4444444444444444,-0.25,1.0
Junior Robinson,31.333333333333332,96.5,22.22222222222222,13.277777777777779,0.2222222222222222,1.3333333333333333,2.6944444444444446,2.388888888888889,0.1111111111111111,0.8055555555555556,1.9722222222222223,0.4207892416225749,0.3488536155202822,0.6797632922632924,0.15032842203232438,0.24237035612757662,0.188174872059676,-2.9444444444444446,-0.25,1.0
Khalid Nwandu,7.055555555555555,33.52777777777778,2.861111111111111,0.9166666666666666,0.19444444444444445,0.75,0.6944444444444444,0.6388888888888888,0.08333333333333333,0.2777777777777778,1.1944444444444444,0.16203703703703706,0.0,0.06944444444444445,0.021125366403008036,0.0,0.01838945005611672,-0.5555555555555556,-0.25,0.0
Mawdo Sallah,19.055555555555557,84.0,16.75,5.805555555555555,1.4722222222222223,3.611111111111111,0.25,1.0555555555555556,1.1111111111111112,0.3611111111111111,3.111111111111111,0.4888566680233346,0.0,0.2222222222222222,0.14268127640828557,0.0,0.07445462627996167,0.8333333333333334,-0.25,1.0
Miles Wilson,25.916666666666668,88.58333333333333,19.75,10.36111111111111,0.6111111111111112,2.6944444444444446,0.5833333333333334,1.8333333333333333,0.5,0.7222222222222222,2.25,0.44032487574154233,0.30624999999999997,0.5532076719576721,0.1502078388511724,0.12647610445189206,0.15725528730624191,-1.2222222222222223,-0.25,1.0
Randy Miller,1.6111111111111112,0.0,0.0,0.4444444444444444,0.0,0.05555555555555555,0.05555555555555555,0.19444444444444445,0.0,0.027777777777777776,0.19444444444444445,0.027777777777777776,0.06944444444444445,0.06944444444444445,0.003143975366197588,0.009680324760070426,0.011243386243386243,-0.3333333333333333,-0.25,0.0
Ryan Gomes,5.805555555555555,22.11111111111111,3.5555555555555554,1.9444444444444444,0.3888888888888889,0.5,0.027777777777777776,0.2777777777777778,0.19444444444444445,0.05555555555555555,1.1944444444444444,0.4537037037037038,0.0,0.08333333333333333,0.04367862954660484,0.0012626262626262627,0.017251883918550585,-0.05555555555555555,-0.25,0.0
Will Miller,10.88888888888889,43.72222222222222,8.583333333333334,2.638888888888889,0.08333333333333333,1.0277777777777777,0.2222222222222222,0.3055555555555556,0.0,0.2222222222222222,0.5555555555555556,0.027777777777777776,0.1525793650793651,0.05555555555555555,0.0025650018705574264,0.13430869517269045,0.01675485008818342,-0.16666666666666666,-0.25,0.0
