,MP,ORtg,%Ps,Pts,OR,DR,A,TO,Blk,Stl,PF,2Pt %,3Pt %,FT %,2Pt %Att,3Pt %Att,FT %Att,Pnts-Prev,Marg
Clay Young,2.0588235294117645,10.794117647058824,0.23529411764705882,0.2647058823529412,0.0,0.029411764705882353,0.23529411764705882,0.058823529411764705,0.029411764705882353,0.058823529411764705,0.2647058823529412,0.10294117647058823,0.0,0.014705882352941176,0.005218413122824887,0.0031274953420282144,0.005347593582887701,0.058823529411764705,10.558823529411764
Devonte' Graham,37.55882352941177,119.61764705882354,25.38235294117647,17.294117647058822,0.5,3.4411764705882355,7.470588235294118,2.764705882352941,0.058823529411764705,1.6176470588235294,1.4705882352941178,0.35760228333757743,0.40216890952185064,0.7593137254901962,0.16072132366080216,0.2815128889026985,0.3152477864979745,-2.176470588235294,10.558823529411764
Lagerald Vick,32.794117647058826,107.23529411764706,17.88235294117647,12.0,0.9705882352941176,3.9705882352941178,2.323529411764706,1.7058823529411764,0.29411764705882354,0.9117647058823529,1.9705882352941178,0.5714402427637723,0.3613095238095238,0.3186274509803922,0.16922225611581798,0.16025151362533993,0.10170374535031522,-1.0,10.558823529411764
Malik Newman,30.794117647058822,112.29411764705883,18.970588235294116,13.088235294117647,0.4411764705882353,4.411764705882353,2.1176470588235294,1.4411764705882353,0.17647058823529413,1.0588235294117647,1.5,0.46310690943043875,0.3996875673346262,0.5855042016806723,0.13550805612339115,0.19839494070805916,0.1557614185331577,-0.4117647058823529,10.558823529411764
Marcus Garrett,19.735294117647058,97.88235294117646,12.205882352941176,4.4411764705882355,0.9411764705882353,2.5588235294117645,1.1764705882352942,0.7352941176470589,0.20588235294117646,1.0,1.5294117647058822,0.5034313725490197,0.17450980392156862,0.2169117647058824,0.06447614901402618,0.051329566545068046,0.08024667607938256,0.9411764705882353,10.558823529411764
Mitch Lightfoot,14.294117647058824,79.32352941176471,9.470588235294118,3.8529411764705883,1.3235294117647058,1.6764705882352942,0.2647058823529412,0.8235294117647058,1.4705882352941178,0.29411764705882354,2.235294117647059,0.5194677871148459,0.11274509803921569,0.15196078431372548,0.06561828967789661,0.02083015536785307,0.04753998488013833,1.8823529411764706,10.558823529411764
Sam Cunliffe,2.088235294117647,7.117647058823529,1.0,0.8235294117647058,0.058823529411764705,0.17647058823529413,0.11764705882352941,0.14705882352941177,0.029411764705882353,0.058823529411764705,0.3235294117647059,0.14705882352941177,0.0392156862745098,0.029411764705882353,0.0143259320596695,0.009561829190985202,0.0017825311942959005,-0.11764705882352941,10.558823529411764
Silvio De Sousa,3.2941176470588234,20.764705882352942,3.4411764705882355,1.6176470588235294,0.7058823529411765,0.6764705882352942,0.08823529411764706,0.35294117647058826,0.029411764705882353,0.029411764705882353,0.6764705882352942,0.17058823529411768,0.0,0.11764705882352941,0.02779652579381682,0.0,0.03259822645635795,-0.5882352941176471,10.558823529411764
Sviatoslav Mykhailiuk,34.35294117647059,114.3529411764706,20.294117647058822,15.117647058823529,1.1470588235294117,2.8823529411764706,2.6176470588235294,1.7058823529411764,0.2647058823529412,1.1176470588235294,2.4705882352941178,0.4036605551311433,0.44111052346346474,0.4166666666666667,0.1544197253416227,0.27499161031796787,0.0967774446355009,-0.6470588235294118,10.558823529411764
Udoka Azubuike,22.147058823529413,112.55882352941177,20.441176470588236,12.529411764705882,2.264705882352941,4.205882352941177,0.5588235294117647,1.6176470588235294,1.6176470588235294,0.47058823529411764,2.676470588235294,0.7307217628584413,0.0,0.30985485103132165,0.202693329090132,0.0,0.16299459278998918,0.9411764705882353,10.558823529411764
