,MP,ORtg,%Ps,Pts,OR,DR,A,TO,Blk,Stl,PF,2Pt %,3Pt %,FT %,2Pt %Att,3Pt %Att,FT %Att,Pnts-Prev,Marg,Maj Cont
AJ Jacobson,26.818181818181817,90.0,16.060606060606062,9.757575757575758,0.42424242424242425,3.0303030303030303,1.4848484848484849,1.2424242424242424,0.21212121212121213,0.36363636363636365,2.272727272727273,0.3164502164502164,0.342989417989418,0.5949494949494949,0.09376760830067694,0.21804722052068298,0.14320021731451962,-1.3333333333333333,2.8484848484848486,1.0
Brian Ishola,2.878787878787879,9.727272727272727,0.9696969696969697,0.45454545454545453,0.09090909090909091,0.21212121212121213,0.030303030303030304,0.06060606060606061,0.0,0.0,0.36363636363636365,0.05555555555555555,0.0,0.08333333333333333,0.007784289549812552,0.0,0.01821713639895458,-0.12121212121212122,2.8484848484848486,0.0
Carlin Dupree,31.87878787878788,84.60606060606061,18.272727272727273,6.757575757575758,0.8787878787878788,3.6666666666666665,2.5757575757575757,1.7272727272727273,0.06060606060606061,1.2121212121212122,1.7272727272727273,0.4187786960514233,0.14646464646464646,0.3947330447330447,0.1743453113608388,0.06591571786003314,0.1267821431917297,-0.9090909090909091,2.8484848484848486,1.0
Chris Kading,23.696969696969695,96.48484848484848,11.030303030303031,4.878787878787879,1.5757575757575757,1.9696969696969697,0.36363636363636365,0.36363636363636365,1.3636363636363635,0.3333333333333333,2.121212121212121,0.5207070707070706,0.11616161616161615,0.1945887445887446,0.08214848701417421,0.06985269786953838,0.06819118660138904,2.6666666666666665,2.8484848484848486,0.0
Dexter Werner,19.151515151515152,100.03030303030303,24.727272727272727,7.757575757575758,2.0606060606060606,3.1818181818181817,0.7272727272727273,1.0909090909090908,1.0303030303030303,0.5454545454545454,2.1515151515151514,0.4498697430515612,0.0,0.4883116883116883,0.17497860381730476,0.0,0.1508205530097216,0.9696969696969697,2.8484848484848486,1.0
Evan Wessenberg,2.393939393939394,9.484848484848484,1.4545454545454546,0.42424242424242425,0.15151515151515152,0.12121212121212122,0.12121212121212122,0.15151515151515152,0.030303030303030304,0.06060606060606061,0.2727272727272727,0.05303030303030303,0.0,0.0,0.012546403928799995,0.0016835016835016834,0.002525252525252525,-0.12121212121212122,2.8484848484848486,0.0
Jake Showalter,1.121212121212121,0.0,0.0,0.5454545454545454,0.030303030303030304,0.15151515151515152,0.0,0.06060606060606061,0.0,0.0,0.06060606060606061,0.06060606060606061,0.07070707070707072,0.030303030303030304,0.0019550342130987292,0.015528389194497316,0.0035650623885917997,-0.12121212121212122,2.8484848484848486,0.0
Kory Brown,23.606060606060606,77.72727272727273,20.606060606060606,7.484848484848484,1.1818181818181819,3.272727272727273,1.4545454545454546,2.0606060606060606,0.6363636363636364,0.696969696969697,2.6363636363636362,0.4507104007104007,0.19191919191919193,0.31565656565656564,0.14072192292512217,0.05326728953321405,0.1290468701110555,-1.4545454545454546,2.8484848484848486,1.0
Lawrence Alexander,37.42424242424242,107.15151515151516,25.09090909090909,18.333333333333332,0.42424242424242425,4.03030303030303,1.696969696969697,1.878787878787879,0.21212121212121213,0.8787878787878788,1.2727272727272727,0.41144671826490015,0.3940312213039486,0.6825746643928463,0.2120980168030922,0.38372855903602554,0.2474568084526295,-1.5757575757575757,2.8484848484848486,1.0
Paul Miller,26.818181818181817,91.3030303030303,12.666666666666666,6.090909090909091,0.24242424242424243,3.3636363636363638,0.9393939393939394,0.7272727272727273,0.09090909090909091,0.5454545454545454,1.6666666666666667,0.3388888888888889,0.30613275613275615,0.3484848484848485,0.06935129178404925,0.1616735939994765,0.07989173970312587,-0.18181818181818182,2.8484848484848486,1.0
