,MP,ORtg,%Ps,Pts,OR,DR,A,TO,Blk,Stl,PF,2Pt %,3Pt %,FT %,2Pt %Att,3Pt %Att,FT %Att,Pnts-Prev,Marg,Maj Cont
Alex Gavrilovic,2.5675675675675675,10.27027027027027,1.0,0.918918918918919,0.13513513513513514,0.3783783783783784,0.02702702702702703,0.08108108108108109,0.02702702702702703,0.02702702702702703,0.40540540540540543,0.20495495495495494,0.013513513513513514,0.04054054054054054,0.013200075140831997,0.006684443640965381,0.00707628811077087,-0.05405405405405406,5.135135135135135,0.0
Devin Oliver,26.72972972972973,107.4054054054054,18.54054054054054,10.756756756756756,2.108108108108108,4.594594594594595,2.108108108108108,1.3783783783783783,0.21621621621621623,0.7837837837837838,2.324324324324324,0.4901866151866152,0.3490990990990991,0.5583655083655085,0.13199828758452603,0.14534749546191195,0.13320213320285865,-0.7567567567567568,5.135135135135135,1.0
Devon Scott,11.35135135135135,55.513513513513516,11.513513513513514,3.054054054054054,0.6216216216216216,1.8108108108108107,0.3783783783783784,0.9459459459459459,0.21621621621621623,0.21621621621621623,1.8918918918918919,0.4315315315315315,0.0,0.26246246246246246,0.05438985925965591,0.0,0.05956903381179147,-1.027027027027027,5.135135135135135,0.0
Dyshawn Pierre,23.89189189189189,97.78378378378379,19.486486486486488,9.864864864864865,2.189189189189189,2.7837837837837838,1.3513513513513513,1.4054054054054055,0.2702702702702703,0.5135135135135135,1.3783783783783783,0.5025291525291525,0.27477477477477474,0.5343736593736593,0.14717611307788453,0.08777780302379845,0.1386726407227447,-1.2432432432432432,5.135135135135135,1.0
Jalen Robinson,11.18918918918919,53.351351351351354,12.54054054054054,3.918918918918919,0.972972972972973,1.5675675675675675,0.21621621621621623,0.7837837837837838,0.35135135135135137,0.2972972972972973,1.1891891891891893,0.2825611325611325,0.0945945945945946,0.3626126126126126,0.07541795453030042,0.015081024949446003,0.07990224659059596,-0.2702702702702703,5.135135135135135,1.0
Jordan Sibert,22.945945945945947,104.8108108108108,19.216216216216218,11.18918918918919,0.32432432432432434,1.6216216216216217,1.3243243243243243,1.135135135135135,0.10810810810810811,0.6756756756756757,1.5675675675675675,0.42779922779922774,0.388034788034788,0.4717503217503218,0.08532164621074065,0.25954217175613065,0.12116441240298667,-0.7027027027027027,5.135135135135135,1.0
Kendall Pollard,7.27027027027027,24.864864864864863,5.891891891891892,1.8108108108108107,0.3783783783783784,0.7567567567567568,0.21621621621621623,0.5405405405405406,0.2972972972972973,0.21621621621621623,1.2162162162162162,0.2671171171171171,0.0,0.11486486486486487,0.03507240598829075,0.003111664295874822,0.056709481085357664,-0.05405405405405406,5.135135135135135,1.0
Khari Price,20.16216216216216,95.10810810810811,12.756756756756756,5.918918918918919,0.05405405405405406,1.1891891891891893,1.6216216216216217,0.9459459459459459,0.05405405405405406,0.5675675675675675,1.7567567567567568,0.19864864864864865,0.3477477477477478,0.41570141570141567,0.030764943178055372,0.1798495311939248,0.060682583516166726,-0.6486486486486487,5.135135135135135,1.0
Kyle Davis,5.972972972972973,25.324324324324323,5.243243243243243,1.7297297297297298,0.16216216216216217,0.4864864864864865,0.4864864864864865,0.35135135135135137,0.08108108108108109,0.4594594594594595,1.3243243243243243,0.3301801801801802,0.013513513513513514,0.18243243243243243,0.02776529253110857,0.023250820619241674,0.027543972543972537,0.3783783783783784,5.135135135135135,0.0
Matt Kavanaugh,12.783783783783784,65.37837837837837,12.18918918918919,4.297297297297297,1.1081081081081081,1.5945945945945945,0.5945945945945946,0.7297297297297297,0.2702702702702703,0.21621621621621623,2.027027027027027,0.3725225225225225,0.0,0.28828828828828834,0.08507022611823123,0.0,0.08042985429042399,-0.4864864864864865,5.135135135135135,1.0
Scoochie Smith,15.162162162162161,69.35135135135135,12.567567567567568,3.135135135135135,0.10810810810810811,1.1081081081081081,1.7567567567567568,0.9459459459459459,0.10810810810810811,0.5945945945945946,1.2702702702702702,0.30675675675675673,0.15585585585585585,0.19594594594594592,0.050820470797514186,0.08087494097219498,0.030338004661407476,-0.4864864864864865,5.135135135135135,1.0
Vee Sanford,19.56756756756757,92.29729729729729,21.7027027027027,8.864864864864865,0.43243243243243246,1.945945945945946,1.5675675675675675,1.2162162162162162,0.2972972972972973,0.6216216216216216,1.5135135135135136,0.4284749034749035,0.1981981981981982,0.44700772200772193,0.15489461747475228,0.09037199597840329,0.09660124095281516,-0.5945945945945946,5.135135135135135,1.0
