,MP,ORtg,%Ps,Pts,OR,DR,A,TO,Blk,Stl,PF,2Pt %,3Pt %,FT %,2Pt %Att,3Pt %Att,FT %Att,Pnts-Prev,Marg,Maj Cont
Cameron Wright,13.303030303030303,79.3030303030303,13.242424242424242,3.8181818181818183,0.30303030303030304,0.9393939393939394,1.0,0.5757575757575758,0.21212121212121213,0.6363636363636364,1.1515151515151516,0.40538720538720535,0.09090909090909091,0.23737373737373738,0.07033448213733513,0.020476994625601434,0.05634781220498389,0.5454545454545454,13.727272727272727,1.0
Dante Taylor,14.848484848484848,110.45454545454545,15.575757575757576,4.696969696969697,1.8181818181818181,1.9393939393939394,0.48484848484848486,0.5454545454545454,0.36363636363636365,0.30303030303030304,1.8181818181818181,0.5091630591630592,0.0,0.45959595959595956,0.0855547691682522,0.0,0.06469517343306384,0.24242424242424243,13.727272727272727,1.0
Durand Johnson,10.606060606060606,76.0,12.484848484848484,3.9393939393939394,0.2727272727272727,0.9090909090909091,0.48484848484848486,0.5454545454545454,0.06060606060606061,0.24242424242424243,1.2121212121212122,0.2565656565656566,0.2813131313131313,0.22525252525252526,0.03214661574087764,0.13192392116540722,0.03473645116877645,-0.48484848484848486,13.727272727272727,1.0
J.J. Moore,18.12121212121212,114.48484848484848,21.03030303030303,7.818181818181818,1.2424242424242424,1.7575757575757576,0.5757575757575758,0.6060606060606061,0.0,0.48484848484848486,1.6666666666666667,0.4495911495911496,0.26565656565656565,0.5131313131313132,0.0909763033764581,0.18424158830505583,0.09823788458621442,-0.24242424242424243,13.727272727272727,1.0
James Robinson,25.727272727272727,105.96969696969697,16.272727272727273,5.909090909090909,0.18181818181818182,1.9090909090909092,3.4242424242424243,1.1818181818181819,0.030303030303030304,0.9393939393939394,1.7878787878787878,0.32211399711399713,0.2676767676767676,0.577020202020202,0.09185835444204773,0.09765516274804198,0.10922475862041227,-0.42424242424242425,13.727272727272727,1.0
Lamar Patterson,26.393939393939394,113.75757575757575,21.90909090909091,9.727272727272727,1.1515151515151516,3.1515151515151514,2.757575757575758,1.696969696969697,0.30303030303030304,1.1818181818181819,2.0,0.5534271284271285,0.2975829725829726,0.47662337662337667,0.10462120515679925,0.2255588108142288,0.12802652491261043,-0.42424242424242425,13.727272727272727,1.0
Steven Adams,21.87878787878788,103.45454545454545,18.424242424242426,6.606060606060606,2.6363636363636362,3.1818181818181817,0.5454545454545454,1.0303030303030303,1.9090909090909092,0.6060606060606061,1.5151515151515151,0.5121091871091872,0.0,0.2641414141414141,0.12865063721756953,0.0,0.10516787794204284,2.9696969696969697,13.727272727272727,1.0
Talib Zanna,23.333333333333332,109.81818181818181,23.151515151515152,9.454545454545455,2.6363636363636362,3.212121212121212,0.6060606060606061,1.0909090909090908,0.5757575757575758,0.5757575757575758,1.9090909090909092,0.4523763273763273,0.0,0.5654750972932792,0.17169320250805997,0.0,0.19022426747321972,0.12121212121212122,13.727272727272727,1.0
Tray Woodall,27.666666666666668,116.78787878787878,23.151515151515152,11.393939393939394,0.15151515151515152,2.272727272727273,5.0,2.0606060606060606,0.15151515151515152,1.2424242424242424,1.878787878787879,0.49080086580086585,0.3478835978835979,0.46738816738816735,0.1015129300564524,0.30464886993524765,0.10634573708887417,-1.3333333333333333,13.727272727272727,1.0
Trey Zeigler,14.333333333333334,72.36363636363636,14.727272727272727,4.121212121212121,0.8484848484848485,0.9696969696969697,1.0303030303030303,0.9393939393939394,0.21212121212121213,0.24242424242424243,1.606060606060606,0.36623376623376624,0.0,0.24242424242424243,0.09234846989311775,0.005191622103386809,0.07669048226677165,-0.9696969696969697,13.727272727272727,0.0
