,MP,ORtg,%Ps,Pts,OR,DR,A,TO,Blk,Stl,PF,2Pt %,3Pt %,FT %,2Pt %Att,3Pt %Att,FT %Att,Pnts-Prev,Marg,Maj Cont
Brandon Moore,24.09090909090909,92.36363636363636,13.090909090909092,5.2727272727272725,1.9393939393939394,4.090909090909091,0.7575757575757576,1.2424242424242424,1.4545454545454546,0.696969696969697,1.5151515151515151,0.39411976911976915,0.09090909090909091,0.4454545454545455,0.10552477150872838,0.013004696828226239,0.0918574058255813,1.8181818181818181,10.272727272727273,0.0
Cameron Monroe,16.21212121212121,62.121212121212125,12.363636363636363,2.0,0.15151515151515152,1.1818181818181819,1.121212121212121,0.9696969696969697,0.0,0.45454545454545453,2.4242424242424243,0.2419191919191919,0.0,0.16919191919191917,0.06026458066445036,0.0013774104683195593,0.04463585576117545,-1.0303030303030303,10.272727272727273,0.0
Christopher Hyder,18.666666666666668,102.60606060606061,10.090909090909092,1.9393939393939394,0.18181818181818182,1.8484848484848484,2.4242424242424243,1.0606060606060606,0.030303030303030304,1.3333333333333333,1.5454545454545454,0.2545454545454546,0.1464646464646465,0.1616161616161616,0.036242411949553,0.022362501833428132,0.0432711295996609,0.6060606060606061,10.272727272727273,0.0
Derick Beltran,33.57575757575758,104.48484848484848,24.060606060606062,15.393939393939394,0.42424242424242425,3.909090909090909,1.4545454545454546,1.6666666666666667,0.48484848484848486,1.2727272727272727,1.5151515151515151,0.42683982683982674,0.32184204684204687,0.7013544536271809,0.16805939205658305,0.36837284270466186,0.19147208213100833,0.18181818181818182,10.272727272727273,1.0
Jameel Grace,24.03030303030303,83.93939393939394,20.393939393939394,8.090909090909092,0.21212121212121213,2.212121212121212,3.1515151515151514,1.7272727272727273,0.0,1.1818181818181819,1.4545454545454546,0.42180134680134673,0.1601010101010101,0.42553456644365734,0.13050950044911241,0.12792961168014072,0.13850567304466388,-1.0909090909090908,10.272727272727273,1.0
Javan Mitchell,23.454545454545453,94.39393939393939,24.575757575757574,9.181818181818182,1.6363636363636365,3.121212121212121,0.6363636363636364,1.5151515151515151,0.7878787878787878,0.5151515151515151,3.1515151515151514,0.4462252394070575,0.0,0.5693417693417693,0.2118665343348187,0.0017825311942959003,0.15910294731025842,-0.42424242424242425,10.272727272727273,1.0
Madut Bol,8.787878787878787,44.24242424242424,3.393939393939394,1.7272727272727273,0.3939393939393939,0.8787878787878788,0.12121212121212122,0.18181818181818182,0.2727272727272727,0.24242424242424243,1.1515151515151516,0.19191919191919193,0.15151515151515152,0.12121212121212122,0.019430437172421575,0.025576024860478816,0.027263274455787825,0.6666666666666666,10.272727272727273,0.0
Malcolm Miller,25.424242424242426,127.27272727272727,26.757575757575758,15.272727272727273,1.393939393939394,4.424242424242424,0.8484848484848485,0.9696969696969697,0.6060606060606061,1.1818181818181819,1.9090909090909092,0.5664335664335665,0.4409047181774455,0.5232323232323232,0.14195302578147054,0.30774738021083153,0.11537414288311432,1.6363636363636365,10.272727272727273,1.0
Yondarius Johnson,16.454545454545453,79.39393939393939,22.03030303030303,6.03030303030303,0.48484848484848486,1.6666666666666667,0.5151515151515151,0.7575757575757576,0.12121212121212122,0.2727272727272727,1.696969696969697,0.3545454545454545,0.15353535353535355,0.45277777777777783,0.09584631577983171,0.10154396991658701,0.1582144586857193,-0.7272727272727273,10.272727272727273,1.0
