,MP,ORtg,%Ps,Pts,OR,DR,A,TO,Blk,Stl,PF,2Pt %,3Pt %,FT %,2Pt %Att,3Pt %Att,FT %Att,Pnts-Prev,Marg,Maj Cont
Ali Mackay,2.03125,0.0,0.0,0.375,0.0625,0.1875,0.15625,0.0625,0.0,0.09375,0.15625,0.09375,0.03125,0.046875,0.004481195887445887,0.0022795092838196283,0.010529891304347826,0.0625,10.59375,0.0
Andrew McAuliffe,12.0625,81.8125,9.0,2.71875,0.84375,1.875,0.375,0.4375,0.15625,0.34375,1.59375,0.4848958333333333,0.0,0.10625,0.06637416067452709,0.0,0.029011893337640624,0.125,10.59375,1.0
Brian Sullivan,32.0625,111.34375,19.1875,12.4375,0.1875,2.6875,3.75,1.375,0.03125,0.6875,2.0,0.47671130952380947,0.3285342261904762,0.36017886321195147,0.09707225029990565,0.2647234554051291,0.11122636860688331,-1.3125,10.59375,1.0
Jack Gibbs,22.3125,96.15625,19.625,12.21875,0.625,2.21875,3.625,1.78125,0.0,1.1875,1.5,0.36215277777777777,0.31631944444444443,0.5954241071428572,0.12244373265420905,0.13672943218176745,0.21072475744630476,-1.1875,10.59375,1.0
Jake Belford,3.8125,20.03125,3.40625,1.40625,0.09375,0.65625,0.40625,0.28125,0.09375,0.03125,0.5,0.10104166666666668,0.03645833333333333,0.08854166666666666,0.018818361076488013,0.01197611620405738,0.02501060520361991,-0.3125,10.59375,0.0
Jordan Barham,20.15625,114.0,24.625,11.1875,2.0,3.65625,1.03125,1.03125,0.34375,0.375,2.3125,0.5693752428127427,0.15104166666666669,0.5354166666666667,0.22264385148838603,0.021016286628525737,0.17599457983539268,-0.625,10.59375,1.0
Jordan Watkins,7.4375,33.1875,4.75,2.34375,0.21875,0.65625,0.5625,0.40625,0.03125,0.25,0.5625,0.17916666666666667,0.20572916666666666,0.175,0.023051346517984288,0.0319683265627573,0.0384030330882353,-0.25,10.59375,0.0
Nathan Ekwu,11.3125,50.25,10.84375,2.9375,0.875,2.09375,0.34375,0.875,0.5,0.40625,2.4375,0.3660714285714286,0.0625,0.15625,0.0734929753918506,0.008755713040634,0.07433630503483445,0.0625,10.59375,0.0
Oskar Michelsen,17.53125,92.21875,13.0625,5.59375,0.375,1.46875,0.84375,0.5,0.15625,0.3125,1.46875,0.2578125,0.2822544642857143,0.17187500000000003,0.03964992766323289,0.1307774053853948,0.04319124885531135,-0.0625,10.59375,0.0
Peyton Aldridge,29.21875,116.9375,14.5625,9.0,1.78125,3.25,1.46875,0.8125,1.0625,0.40625,2.84375,0.47052782287157285,0.3572048611111111,0.3582589285714286,0.11506229057582608,0.11777881903158516,0.10234432635867258,1.3125,10.59375,1.0
Tyler Kalinoski,33.875,123.75,21.625,16.5,1.4375,4.03125,4.0,1.375,0.40625,1.21875,2.53125,0.4967577561327561,0.414248511904762,0.5313988095238096,0.18565990777014452,0.24274493627632943,0.14797699092875727,0.5,10.59375,1.0
