,MP,ORtg,%Ps,Pts,OR,DR,A,TO,Blk,Stl,PF,2Pt %,3Pt %,FT %,2Pt %Att,3Pt %Att,FT %Att,Pnts-Prev,Marg,Maj Cont
Coreontae DeBerry,9.323529411764707,50.0,10.941176470588236,3.6176470588235294,0.6176470588235294,1.2647058823529411,0.058823529411764705,0.6764705882352942,0.8529411764705882,0.058823529411764705,1.411764705882353,0.45602240896358537,0.0,0.37254901960784315,0.07172499926890741,0.0,0.07878046022622778,0.47058823529411764,6.676470588235294,1.0
Deshaun Morman,7.088235294117647,26.764705882352942,7.911764705882353,2.5294117647058822,0.29411764705882354,0.3235294117647059,0.5,0.5882352941176471,0.058823529411764705,0.35294117647058826,1.0588235294117647,0.24068627450980393,0.08823529411764706,0.20049019607843138,0.05060923326482495,0.022270451812419698,0.06304507246297625,-0.35294117647058826,6.676470588235294,0.0
Farad Cobb,22.323529411764707,95.20588235294117,18.41176470588235,8.029411764705882,0.5,1.7647058823529411,1.411764705882353,0.9411764705882353,0.11764705882352941,0.9705882352941176,0.9705882352941176,0.34845938375350144,0.2882819794584501,0.3647058823529412,0.08060846443120648,0.2897003873341635,0.06779914184085416,0.29411764705882354,6.676470588235294,1.0
Gary Clark,25.970588235294116,109.11764705882354,17.205882352941178,7.470588235294118,2.4705882352941178,4.147058823529412,1.6176470588235294,1.1176470588235294,1.2058823529411764,0.9411764705882353,1.4411764705882353,0.5488986503692387,0.0,0.42401960784313725,0.16353509791870446,0.009917395985507439,0.1036807934017515,2.0588235294117645,6.676470588235294,1.0
Ge'Lawn Guyn,1.2647058823529411,3.8529411764705883,1.1176470588235294,0.20588235294117646,0.029411764705882353,0.08823529411764706,0.08823529411764706,0.029411764705882353,0.0,0.0,0.11764705882352941,0.017156862745098037,0.00980392156862745,0.0,0.006719066937119675,0.010313216195569137,0.001730103806228374,-0.058823529411764705,6.676470588235294,0.0
Jermaine Sanders,19.852941176470587,80.79411764705883,11.882352941176471,4.382352941176471,0.8823529411764706,1.8529411764705883,0.8529411764705882,0.5588235294117647,0.058823529411764705,0.4117647058823529,0.9411764705882353,0.3641456582633053,0.22044817927170868,0.19558823529411765,0.04852965915479104,0.16608619977081607,0.059775019975457686,-0.17647058823529413,6.676470588235294,0.0
Kevin Johnson,20.61764705882353,82.26470588235294,18.91176470588235,6.147058823529412,0.17647058823529413,1.1176470588235294,1.2647058823529411,1.5294117647058822,0.11764705882352941,0.8235294117647058,1.9411764705882353,0.39264705882352946,0.32044817927170866,0.24705882352941178,0.06088858649791352,0.23370021069819358,0.07411422249150444,-1.1764705882352942,6.676470588235294,1.0
Octavius Ellis,27.352941176470587,103.1470588235294,20.558823529411764,9.441176470588236,2.5294117647058822,4.294117647058823,1.2941176470588236,2.0588235294117645,1.9411764705882353,0.7352941176470589,2.411764705882353,0.5325874289109584,0.0,0.5815646771529125,0.1709699455076784,0.001278772378516624,0.20761281835882772,1.2352941176470589,6.676470588235294,1.0
Quadri Moore,6.176470588235294,17.823529411764707,4.9411764705882355,1.6764705882352942,0.17647058823529413,0.6470588235294118,0.17647058823529413,0.5588235294117647,0.11764705882352941,0.20588235294117646,0.7352941176470589,0.16470588235294117,0.053921568627450976,0.10294117647058823,0.035552238902812595,0.02789612045212118,0.018975529685430342,-0.47058823529411764,6.676470588235294,0.0
Shaq Thomas,20.852941176470587,75.17647058823529,16.558823529411764,6.0588235294117645,1.0294117647058822,1.7352941176470589,0.5588235294117647,1.3823529411764706,0.47058823529411764,0.5588235294117647,1.3529411764705883,0.4194211017740429,0.14705882352941177,0.36852240896358546,0.13140406536212126,0.036602230758577506,0.10608581789518631,-0.7058823529411765,6.676470588235294,1.0
Troy Caupain,29.08823529411765,105.23529411764706,18.470588235294116,8.941176470588236,0.4411764705882353,2.9411764705882355,3.323529411764706,1.9705882352941178,0.17647058823529413,1.1176470588235294,1.3529411764705883,0.45031088192852886,0.3583333333333334,0.6017825311942958,0.1206351133421556,0.1434114852023505,0.15957749044379071,-1.3529411764705883,6.676470588235294,1.0
