,MP,ORtg,%Ps,Pts,OR,DR,A,TO,Blk,Stl,PF,2Pt %,3Pt %,FT %,2Pt %Att,3Pt %Att,FT %Att,Pnts-Prev,Marg,Maj Cont
Brandon Swannegan,18.9375,95.03125,14.4375,6.34375,1.65625,2.09375,0.25,0.71875,0.84375,0.4375,2.34375,0.4685267857142858,0.0,0.3845610119047619,0.11177907584420016,0.0,0.12260321409473028,1.125,4.1875,1.0
D'Andre Wright,17.15625,88.59375,16.0,5.03125,1.125,2.15625,0.3125,1.0,0.28125,0.1875,2.96875,0.45974702380952376,0.0,0.37604166666666666,0.10499450476770253,0.015558369326751679,0.07010118539161968,-1.0625,4.1875,1.0
James Woodard,31.90625,105.53125,20.53125,14.625,0.59375,4.25,2.28125,1.75,0.375,0.96875,1.53125,0.5040550595238096,0.3406227453102453,0.6742548250360751,0.10887601727920206,0.3216643996353208,0.18678118338297667,-0.8125,4.1875,1.0
Marquel Curtis,23.53125,93.03125,15.375,6.3125,1.34375,2.59375,2.03125,1.25,0.1875,0.71875,1.625,0.4136837121212122,0.1875,0.44363839285714285,0.09475317391806974,0.07795027947980791,0.08512423590873204,-0.6875,4.1875,1.0
Pat Birt,26.3125,94.40625,21.125,11.96875,0.5625,2.6875,0.78125,1.0,0.125,0.625,2.15625,0.3513020833333333,0.3448423104673105,0.5017857142857144,0.08946706376968076,0.3143099689312728,0.1238283227615287,-0.5,4.1875,0.0
Rashad Ray,17.03125,80.8125,13.0625,4.03125,0.28125,1.09375,1.84375,0.65625,0.0,0.9375,1.59375,0.296875,0.22812499999999997,0.1875,0.0492042774604771,0.09747213721892851,0.03466870517383604,0.5625,4.1875,1.0
Rashad Smith,19.0625,86.25,17.59375,6.53125,1.5625,2.28125,1.09375,1.21875,0.5625,0.65625,1.9375,0.4682525807525807,0.09375,0.3020833333333333,0.1286072801974194,0.022197007370405426,0.07586225813921667,0.0,4.1875,1.0
Shaquille Harrison,31.34375,100.09375,25.71875,14.375,0.96875,4.34375,3.96875,2.03125,0.1875,1.84375,2.03125,0.4658502062684048,0.09895833333333333,0.5483921817561523,0.26395750384416616,0.05664181262738889,0.2499081783174061,0.0,4.1875,1.0
Sterling Taplin,8.75,31.25,5.46875,2.34375,0.03125,0.9375,0.65625,0.5,0.03125,0.1875,0.75,0.265625,0.15625,0.1171875,0.017111102919082157,0.06295602541012413,0.019872716829953674,-0.5625,4.1875,0.0
