,MP,ORtg,%Ps,Pts,OR,DR,A,TO,Blk,Stl,PF,2Pt %,3Pt %,FT %,2Pt %Att,3Pt %Att,FT %Att,Pnts-Prev,Marg
Ben Carter,4.393939393939394,15.121212121212121,1.0606060606060606,0.3939393939393939,0.15151515151515152,0.5454545454545454,0.5454545454545454,0.24242424242424243,0.12121212121212122,0.06060606060606061,0.5454545454545454,0.15151515151515152,0.0,0.015151515151515152,0.011948991554254712,0.0011223344556677889,0.006165551620097074,-0.12121212121212122,16.181818181818183
Cassius Winston,27.78787878787879,133.6969696969697,23.393939393939394,12.606060606060606,0.18181818181818182,3.272727272727273,6.818181818181818,2.484848484848485,0.06060606060606061,0.6060606060606061,2.0,0.5117243867243868,0.5310245310245312,0.6453823953823954,0.10566293012569891,0.20209782020179695,0.13528819930852204,-3.6363636363636362,16.181818181818183
Conner George,1.6363636363636365,3.6363636363636362,0.3939393939393939,0.18181818181818182,0.21212121212121213,0.3333333333333333,0.0,0.06060606060606061,0.0,0.09090909090909091,0.18181818181818182,0.07575757575757576,0.0,0.0,0.005933515801936855,0.011427729623296908,0.0035650623885917997,0.06060606060606061,16.181818181818183
Gavin Schilling,9.878787878787879,72.93939393939394,9.242424242424242,3.0303030303030303,1.2121212121212122,2.303030303030303,0.36363636363636365,0.6363636363636364,0.36363636363636365,0.24242424242424243,1.5454545454545454,0.5434343434343435,0.0,0.2932900432900433,0.041817569669276675,0.0,0.07238646036232106,-0.06060606060606061,16.181818181818183
Jaren Jackson,22.151515151515152,112.48484848484848,22.87878787878788,11.333333333333334,1.4242424242424243,4.363636363636363,1.1515151515151516,1.8181818181818181,3.1515151515151514,0.6363636363636364,3.212121212121212,0.5670634920634919,0.34520202020202023,0.6020979020979021,0.11001918151039121,0.1382813976414471,0.16987923815498415,3.9393939393939394,16.181818181818183
Joshua Langford,26.727272727272727,106.54545454545455,21.393939393939394,11.666666666666666,0.696969696969697,2.121212121212121,1.5757575757575757,1.4545454545454546,0.06060606060606061,0.36363636363636365,2.303030303030303,0.4412796799160435,0.36053391053391054,0.5833333333333334,0.1947420791959507,0.14499269002779386,0.1000843623933583,-2.0606060606060606,16.181818181818183
Kenny Goins,12.757575757575758,77.6969696969697,7.393939393939394,1.9696969696969697,0.7575757575757576,1.9090909090909092,1.0909090909090908,0.42424242424242425,0.6666666666666666,0.36363636363636365,0.9090909090909091,0.36616161616161613,0.06565656565656565,0.12121212121212122,0.03705009606536092,0.02124957056751784,0.014395830132155518,1.2121212121212122,16.181818181818183
Lourawls Nairn,17.393939393939394,110.54545454545455,7.757575757575758,1.8181818181818181,0.0,0.9393939393939394,3.0,0.8787878787878788,0.06060606060606061,0.24242424242424243,1.0,0.4015151515151515,0.13636363636363635,0.015151515151515152,0.031066074527387466,0.022452008513308006,0.007638195138195138,-1.1515151515151516,16.181818181818183
Matt McQuaid,20.757575757575758,117.15151515151516,13.151515151515152,6.242424242424242,0.696969696969697,1.2424242424242424,1.303030303030303,0.7575757575757576,0.09090909090909091,0.3333333333333333,1.6363636363636365,0.2878787878787879,0.34559884559884557,0.28181818181818186,0.0246773736978192,0.18875908794747934,0.04160025332924415,-0.6666666666666666,16.181818181818183
Miles Bridges,30.21212121212121,112.15151515151516,24.181818181818183,16.424242424242426,1.121212121212121,5.606060606060606,2.6666666666666665,2.0,0.7878787878787878,0.6363636363636364,1.5151515151515151,0.4893847734756826,0.34701123792032884,0.6601851851851852,0.1983115229321771,0.26802246468995383,0.14546653634237422,-1.1515151515151516,16.181818181818183
Nick Ward,19.060606060606062,116.27272727272727,29.09090909090909,12.636363636363637,2.757575757575758,4.484848484848484,0.5151515151515151,1.606060606060606,1.393939393939394,0.2727272727272727,2.3333333333333335,0.623866873866874,0.030303030303030304,0.5722332381423291,0.195325738834049,0.001594896331738437,0.2575233109217728,0.12121212121212122,16.181818181818183
Xavier Tillman,8.0,55.03030303030303,5.424242424242424,2.6666666666666665,0.7575757575757576,1.5151515151515151,0.30303030303030304,0.3939393939393939,0.6060606060606061,0.24242424242424243,0.8787878787878788,0.452020202020202,0.0,0.2777777777777778,0.0434449260856973,0.0,0.0460069999083838,0.9090909090909091,16.181818181818183
