,MP,ORtg,%Ps,Pts,OR,DR,A,TO,Blk,Stl,PF,2Pt %,3Pt %,FT %,2Pt %Att,3Pt %Att,FT %Att,Pnts-Prev,Marg,Maj Cont
Aaric Murray,31.058823529411764,106.0,30.558823529411764,20.529411764705884,2.1176470588235294,5.323529411764706,1.2058823529411764,2.5294117647058822,2.5,0.7941176470588235,2.5,0.49960089306410965,0.20402661064425773,0.6952855151384563,0.3075221086536839,0.14191968246785222,0.33133842573441225,1.5294117647058822,2.4705882352941178,1.0
Aaron Clayborn,15.470588235294118,75.1470588235294,12.411764705882353,4.470588235294118,1.4705882352941178,2.0,0.5,0.8235294117647058,0.23529411764705882,0.11764705882352941,1.4411764705882353,0.4912464985994398,0.0,0.29348739495798315,0.09247332596355477,0.0,0.07326532814170943,-0.9411764705882353,2.4705882352941178,0.0
D'Aris Scarver,19.264705882352942,55.029411764705884,12.735294117647058,7.794117647058823,0.20588235294117646,1.911764705882353,0.8529411764705882,0.7647058823529411,0.058823529411764705,0.4117647058823529,1.0,0.20545949148890327,0.1623408454290807,0.3174019607843137,0.09211154923469698,0.2451990464874793,0.055228097807679705,-0.5882352941176471,2.4705882352941178,1.0
DeAngelo Scott,25.764705882352942,106.82352941176471,14.176470588235293,7.264705882352941,2.5294117647058822,3.411764705882353,1.1764705882352942,1.5294117647058822,0.38235294117647056,1.0294117647058822,2.1176470588235294,0.5589635854341736,0.014705882352941176,0.5821895424836602,0.10401846054824414,0.012527624568919414,0.10961126871171334,-0.23529411764705882,2.4705882352941178,1.0
Jose Rodriguez,24.794117647058822,103.38235294117646,23.264705882352942,10.941176470588236,1.3823529411764706,4.176470588235294,1.6470588235294117,1.8823529411764706,0.11764705882352941,0.4117647058823529,2.8529411764705883,0.5232340372046254,0.2123949579831933,0.539069264069264,0.17037671121992476,0.08394368864911571,0.16562189618735287,-2.7058823529411766,2.4705882352941178,1.0
Lawrence Johnson-Danner,25.91176470588235,108.47058823529412,10.588235294117647,7.117647058823529,0.4117647058823529,2.088235294117647,1.0588235294117647,0.6764705882352942,0.08823529411764706,0.38235294117647056,1.3235294117647058,0.18627450980392157,0.3390056022408964,0.44264705882352945,0.023178916315355787,0.22600909678035105,0.06432379711293036,-0.4117647058823529,2.4705882352941178,1.0
Madarious Gibbs,33.64705882352941,103.94117647058823,17.352941176470587,8.970588235294118,0.6764705882352942,2.3823529411764706,5.029411764705882,2.8529411764705883,0.11764705882352941,0.9411764705882353,2.588235294117647,0.5373716153127918,0.24117647058823527,0.5808123249299719,0.12814417633645794,0.083277166811469,0.11956501011661062,-3.588235294117647,2.4705882352941178,1.0
Ray Penn,15.882352941176471,66.61764705882354,12.558823529411764,6.088235294117647,0.17647058823529413,0.9411764705882353,2.0,1.3529411764705883,0.029411764705882353,0.23529411764705882,1.4705882352941178,0.1677170868347339,0.2932422969187675,0.28431372549019607,0.03942258519542735,0.15252723265337165,0.04640312977983918,-2.176470588235294,2.4705882352941178,1.0
Ty Bynum,2.264705882352941,3.7941176470588234,0.9411764705882353,0.4411764705882353,0.029411764705882353,0.14705882352941177,0.14705882352941177,0.11764705882352941,0.0,0.11764705882352941,0.17647058823529413,0.06862745098039215,0.058823529411764705,0.04411764705882353,0.007877297260367561,0.01588231439806745,0.0035506094329623744,0.0,2.4705882352941178,0.0
Vicktor Arnick,2.0588235294117645,9.735294117647058,1.2941176470588236,0.35294117647058826,0.17647058823529413,0.17647058823529413,0.029411764705882353,0.14705882352941177,0.029411764705882353,0.029411764705882353,0.20588235294117646,0.0392156862745098,0.0392156862745098,0.0,0.005463104566404423,0.009302382477491905,0.0016806722689075627,-0.17647058823529413,2.4705882352941178,0.0
