,MP,ORtg,%Ps,Pts,OR,DR,A,TO,Blk,Stl,PF,2Pt %,3Pt %,FT %,2Pt %Att,3Pt %Att,FT %Att,Pnts-Prev,Marg,Maj Cont
Andrew Chrabascz,29.91176470588235,106.5,17.61764705882353,10.0,1.3823529411764706,2.7941176470588234,2.911764705882353,1.4411764705882353,0.2647058823529412,0.7058823529411765,2.2058823529411766,0.45899231487466785,0.2617647058823529,0.5716153127917833,0.15516321070652617,0.09755552865594595,0.17355875348321045,-0.9411764705882353,7.205882352941177,1.0
Avery Woodson,19.823529411764707,107.76470588235294,14.470588235294118,7.882352941176471,0.23529411764705882,2.0294117647058822,0.6470588235294118,0.29411764705882354,0.2647058823529412,0.23529411764705882,1.5,0.3588235294117647,0.357843137254902,0.24117647058823527,0.04534937855901511,0.21607488593825921,0.04385935143288084,0.4117647058823529,7.205882352941177,1.0
Henry Baddley,3.3823529411764706,18.441176470588236,2.4705882352941178,0.7647058823529411,0.14705882352941177,0.4117647058823529,0.14705882352941177,0.17647058823529413,0.058823529411764705,0.20588235294117646,0.4411764705882353,0.1470588235294118,0.0,0.041176470588235294,0.014704106957829558,0.011308100349021064,0.012857986003766054,0.17647058823529413,7.205882352941177,0.0
Joey Brunk,1.4411764705882353,6.529411764705882,1.411764705882353,0.6470588235294118,0.0,0.20588235294117646,0.029411764705882353,0.08823529411764706,0.029411764705882353,0.029411764705882353,0.23529411764705882,0.056862745098039215,0.0,0.040336134453781515,0.009962512148840655,0.0021786492374727667,0.01619778346121057,-0.058823529411764705,7.205882352941177,0.0
Kamar Baldwin,24.147058823529413,101.8529411764706,17.705882352941178,9.147058823529411,0.38235294117647056,2.8823529411764706,1.2647058823529411,1.3529411764705883,0.47058823529411764,1.6176470588235294,2.1176470588235294,0.5403891859774214,0.3205882352941177,0.2818627450980392,0.14291982361082647,0.11593344932488829,0.053122202120152825,1.4705882352941178,7.205882352941177,1.0
Kelan Martin,26.58823529411765,93.29411764705883,26.08823529411765,14.676470588235293,0.9117647058823529,4.294117647058823,1.0294117647058822,1.8529411764705883,0.38235294117647056,0.6470588235294118,2.0,0.42788706391647563,0.3118326118326118,0.6450746965452848,0.19209142069794044,0.23720844480098754,0.19669408804208913,-1.6470588235294117,7.205882352941177,1.0
Kethan Savage,15.823529411764707,76.91176470588235,16.147058823529413,6.470588235294118,0.14705882352941177,1.7941176470588236,1.2058823529411764,0.8235294117647058,0.11764705882352941,0.7352941176470589,1.588235294117647,0.3975840336134454,0.16421568627450983,0.37700534759358284,0.09648765474013946,0.06425947662015773,0.11030953254881595,0.058823529411764705,7.205882352941177,1.0
Nate Fowler,11.0,82.47058823529412,11.764705882352942,4.882352941176471,1.1176470588235294,0.8823529411764706,0.4117647058823529,0.5588235294117647,0.058823529411764705,0.17647058823529413,1.411764705882353,0.5041666666666668,0.18627450980392157,0.33578431372549017,0.06148134773583533,0.02645191409897293,0.05982953662686608,-0.6470588235294118,7.205882352941177,1.0
Sean McDermott,9.411764705882353,51.588235294117645,5.264705882352941,1.9705882352941178,0.3235294117647059,0.8823529411764706,0.2647058823529412,0.29411764705882354,0.17647058823529413,0.17647058823529413,1.2352941176470589,0.1519607843137255,0.17647058823529413,0.11764705882352941,0.009187184747192031,0.055878069548146274,0.01579717880868776,0.11764705882352941,7.205882352941177,0.0
Steven Bennett,0.8235294117647058,1.1764705882352942,0.7058823529411765,0.14705882352941177,0.0,0.08823529411764706,0.08823529411764706,0.058823529411764705,0.0,0.0,0.08823529411764706,0.029411764705882353,0.014705882352941176,0.0,0.0028626487450016864,0.007049486461251166,0.001278772378516624,-0.11764705882352941,7.205882352941177,0.0
Tyler Lewis,20.0,116.3529411764706,14.705882352941176,5.852941176470588,0.20588235294117646,1.1470588235294117,3.5588235294117645,0.9411764705882353,0.029411764705882353,0.5588235294117647,1.6470588235294117,0.4299019607843137,0.30833333333333335,0.40269607843137256,0.058483870591764235,0.07521964202372067,0.0956096198154755,-0.7058823529411765,7.205882352941177,1.0
Tyler Wideman,20.794117647058822,106.70588235294117,15.617647058823529,6.882352941176471,2.0,2.6176470588235294,0.38235294117647056,0.9705882352941176,0.7058823529411765,0.5882352941176471,2.676470588235294,0.5664884135472371,0.0,0.5289215686274511,0.12307154664144188,0.0026470588235294116,0.13264990116068118,0.6470588235294118,7.205882352941177,1.0
