,MP,ORtg,%Ps,Pts,OR,DR,A,TO,Blk,Stl,PF,2Pt %,3Pt %,FT %,2Pt %Att,3Pt %Att,FT %Att,Pnts-Prev,Marg,Maj Cont
Bobby Wehrli,10.305555555555555,67.66666666666667,5.083333333333333,1.6388888888888888,0.6944444444444444,0.8055555555555556,0.2777777777777778,0.3055555555555556,0.2222222222222222,0.16666666666666666,1.2222222222222223,0.21759259259259262,0.1736111111111111,0.08333333333333333,0.017196938081333508,0.034194304637612395,0.011568436541554821,0.16666666666666666,6.694444444444445,1.0
Darrell Davis,17.083333333333332,81.55555555555556,10.833333333333334,4.111111111111111,0.08333333333333333,1.3888888888888888,0.6111111111111112,0.6666666666666666,0.08333333333333333,0.3611111111111111,1.4166666666666667,0.1273148148148148,0.31712962962962954,0.13657407407407407,0.030464900277612346,0.13589709272840134,0.03096518300633985,-0.4444444444444444,6.694444444444445,1.0
Devon Scott,6.916666666666667,27.13888888888889,4.583333333333333,2.2777777777777777,0.5833333333333334,1.2777777777777777,0.19444444444444445,0.4166666666666667,0.1111111111111111,0.1111111111111111,0.5555555555555556,0.14150132275132274,0.0,0.14166666666666666,0.037993576485828226,0.0,0.044159368728334245,-0.3888888888888889,6.694444444444445,0.0
Dyshawn Pierre,30.13888888888889,96.97222222222223,22.055555555555557,11.61111111111111,2.0555555555555554,5.472222222222222,2.6944444444444446,1.8055555555555556,0.3611111111111111,0.5833333333333334,1.6388888888888888,0.4578726828726829,0.2828703703703703,0.5320436507936509,0.21662951529573365,0.14353172148728413,0.14508741744946094,-1.7222222222222223,6.694444444444445,1.0
Jalen Robinson,3.8333333333333335,17.194444444444443,4.25,0.8055555555555556,0.3055555555555556,0.3055555555555556,0.19444444444444445,0.16666666666666666,0.05555555555555555,0.16666666666666666,0.2777777777777778,0.06064814814814815,0.013888888888888888,0.06944444444444445,0.025587654301680238,0.01307027440605872,0.01222946912602085,0.1111111111111111,6.694444444444445,0.0
Jordan Sibert,31.083333333333332,102.0,21.805555555555557,15.11111111111111,0.19444444444444445,2.9166666666666665,1.8055555555555556,1.6944444444444444,0.1388888888888889,1.6388888888888888,1.8333333333333333,0.5341600529100528,0.32277336860670186,0.6927859948693282,0.13384128944556276,0.32559134857674926,0.19845925019688904,0.16666666666666666,6.694444444444445,1.0
Kendall Pollard,25.77777777777778,84.08333333333333,21.88888888888889,11.38888888888889,1.0277777777777777,3.75,1.0,2.111111111111111,0.8333333333333334,0.7777777777777778,2.9444444444444446,0.48682763995264,0.05555555555555555,0.5245936162602828,0.23096353776366,0.01052040546126224,0.23877493422940477,-1.0,6.694444444444445,1.0
Kyle Davis,26.833333333333332,95.0,13.805555555555555,6.777777777777778,0.1111111111111111,2.2777777777777777,2.25,1.1944444444444444,0.4444444444444444,1.2222222222222223,2.4166666666666665,0.5555555555555556,0.13505291005291006,0.5513888888888889,0.08136833536077803,0.10051160078120863,0.12504656745022064,0.9444444444444444,6.694444444444445,1.0
Ryan Bass,2.111111111111111,8.027777777777779,2.888888888888889,0.6944444444444444,0.027777777777777776,0.2222222222222222,0.16666666666666666,0.08333333333333333,0.0,0.027777777777777776,0.25,0.08333333333333333,0.013888888888888888,0.08333333333333333,0.019679317059667047,0.010170088566827697,0.008755923555701088,-0.1111111111111111,6.694444444444445,0.0
Scoochie Smith,29.555555555555557,94.58333333333333,17.13888888888889,8.11111111111111,0.3333333333333333,2.5,3.4722222222222223,1.8333333333333333,0.08333333333333333,1.3333333333333333,2.0277777777777777,0.38465007215007213,0.33498677248677244,0.49004629629629626,0.12294160259481093,0.14317983002126225,0.10162011638274035,-0.8333333333333334,6.694444444444445,1.0
