,MP,ORtg,%Ps,Pts,OR,DR,A,TO,Blk,Stl,PF,2Pt %,3Pt %,FT %,2Pt %Att,3Pt %Att,FT %Att,Pnts-Prev,Marg
Admiral Schofield,28.0,105.93939393939394,24.696969696969695,13.848484848484848,1.6363636363636365,4.696969696969697,1.5454545454545454,1.8181818181818181,0.3939393939393939,0.9696969696969697,2.909090909090909,0.45673329196056467,0.4063251563251563,0.5766233766233767,0.18472194070736175,0.2248629626032235,0.1251093208599011,-0.9090909090909091,7.818181818181818
Chris Darrington,6.303030303030303,33.0,4.818181818181818,1.9393939393939394,0.09090909090909091,0.36363636363636365,0.5757575757575758,0.42424242424242425,0.0,0.21212121212121213,0.5151515151515151,0.17424242424242425,0.11363636363636363,0.21464646464646464,0.025717933093917105,0.026041759440968926,0.03697847363855269,-0.42424242424242425,7.818181818181818
Derrick Walker,8.454545454545455,36.15151515151515,5.0606060606060606,1.878787878787879,0.8484848484848485,1.3636363636363635,0.24242424242424243,0.6363636363636364,0.21212121212121213,0.09090909090909091,1.2727272727272727,0.3202020202020202,0.0,0.12121212121212122,0.037340543077679415,0.0,0.03657339239823117,-0.6666666666666666,7.818181818181818
Grant Williams,28.636363636363637,106.0909090909091,28.696969696969695,15.303030303030303,2.272727272727273,3.757575757575758,1.878787878787879,2.121212121212121,1.2727272727272727,0.6060606060606061,3.3333333333333335,0.4896798731128874,0.030303030303030304,0.6962602212602214,0.2825956326423504,0.0401972273165019,0.3152918417077711,-0.48484848484848486,7.818181818181818
Jalen Johnson,1.9393939393939394,2.303030303030303,0.24242424242424243,0.42424242424242425,0.09090909090909091,0.18181818181818182,0.15151515151515152,0.06060606060606061,0.06060606060606061,0.030303030303030304,0.0,0.045454545454545456,0.06060606060606061,0.015151515151515152,0.0033001294565634344,0.00919805009054502,0.004329004329004329,0.06060606060606061,7.818181818181818
James Daniel,20.09090909090909,96.39393939393939,16.939393939393938,5.757575757575758,0.36363636363636365,1.0606060606060606,2.878787878787879,1.4545454545454546,0.12121212121212122,0.8181818181818182,1.9696969696969697,0.16666666666666666,0.34975949975949977,0.34141414141414145,0.03138071936766807,0.1623455610431909,0.06016442582824024,-1.0303030303030303,7.818181818181818
John Fulkerson,7.787878787878788,33.57575757575758,3.9696969696969697,1.5151515151515151,0.45454545454545453,0.7575757575757576,0.45454545454545453,0.5454545454545454,0.24242424242424243,0.48484848484848486,0.9696969696969697,0.22727272727272727,0.0,0.1893939393939394,0.033097450678301533,0.0,0.032908265587630235,0.36363636363636365,7.818181818181818
Jordan Bone,22.96969696969697,101.36363636363636,18.666666666666668,7.2727272727272725,0.24242424242424243,1.878787878787879,3.606060606060606,1.303030303030303,0.06060606060606061,0.696969696969697,1.121212121212121,0.3638796388796388,0.30303030303030304,0.4444444444444444,0.12176466788519597,0.10131354513465597,0.07845092527979411,-1.0909090909090908,7.818181818181818
Jordan Bowden,27.757575757575758,109.36363636363636,17.303030303030305,9.303030303030303,0.9393939393939394,2.515151515151515,1.8484848484848484,1.1515151515151516,0.3333333333333333,1.0606060606060606,2.515151515151515,0.355988455988456,0.3471861471861472,0.5596681096681096,0.09217061879544276,0.18982222271935703,0.13851128089006776,0.48484848484848486,7.818181818181818
Kyle Alexander,20.393939393939394,120.6969696969697,11.757575757575758,5.636363636363637,2.484848484848485,3.121212121212121,0.3333333333333333,0.7272727272727273,1.6666666666666667,0.5454545454545454,2.4545454545454546,0.5883477633477634,0.030303030303030304,0.4393939393939394,0.08964097871938594,0.0013175230566534915,0.07193171520327178,2.9696969696969697,7.818181818181818
Lamonte Turner,24.848484848484848,112.39393939393939,20.333333333333332,10.666666666666666,0.5454545454545454,2.696969696969697,2.090909090909091,1.2727272727272727,0.06060606060606061,0.696969696969697,1.9696969696969697,0.3556637806637807,0.3977272727272727,0.4226551226551226,0.09037918247605209,0.23958624406369788,0.09711630816422849,-1.0303030303030303,7.818181818181818
Yves Pons,3.393939393939394,17.696969696969695,0.8181818181818182,0.45454545454545453,0.09090909090909091,0.2727272727272727,0.15151515151515152,0.09090909090909091,0.06060606060606061,0.09090909090909091,0.48484848484848486,0.09090909090909091,0.06060606060606061,0.015151515151515152,0.00789020310008153,0.005314904531205472,0.0026350461133069825,0.12121212121212122,7.818181818181818
