,MP,ORtg,%Ps,Pts,OR,DR,A,TO,Blk,Stl,PF,2Pt %,3Pt %,FT %,2Pt %Att,3Pt %Att,FT %Att,Pnts-Prev,Marg,Maj Cont
Adreian Payne,19.710526315789473,77.63157894736842,18.973684210526315,11.236842105263158,1.2105263157894737,4.026315789473684,0.9473684210526315,1.4736842105263157,0.631578947368421,0.34210526315789475,1.8421052631578947,0.3810690040953198,0.23530701754385963,0.4473684210526316,0.16141788893547432,0.10080649198211697,0.16571673386179658,-1.0,9.5,1.0
Alex Gauna,5.315789473684211,27.842105263157894,2.263157894736842,1.2105263157894737,0.34210526315789475,0.6052631578947368,0.15789473684210525,0.18421052631578946,0.18421052631578946,0.05263157894736842,0.8947368421052632,0.20877192982456141,0.0,0.039473684210526314,0.02594657330684706,0.0011961722488038277,0.016599430840916907,0.10526315789473684,9.5,0.0
Alvin Ellis,6.947368421052632,29.18421052631579,3.763157894736842,1.7105263157894737,0.18421052631578946,0.39473684210526316,0.2894736842105263,0.5526315789473685,0.07894736842105263,0.34210526315789475,1.0263157894736843,0.20394736842105263,0.11842105263157894,0.15526315789473685,0.02336144848137281,0.016792441243235746,0.027266526281499608,-0.2631578947368421,9.5,0.0
Branden Dawson,17.44736842105263,77.02631578947368,11.68421052631579,6.552631578947368,1.9473684210526316,3.263157894736842,1.0526315789473684,0.8157894736842105,0.631578947368421,0.7894736842105263,0.9210526315789473,0.3872381273697063,0.0,0.2587719298245614,0.12348595332693417,0.0,0.06384568292768555,1.2105263157894737,9.5,1.0
Denzel Valentine,26.18421052631579,95.57894736842105,16.526315789473685,7.421052631578948,1.105263157894737,4.2631578947368425,3.473684210526316,1.5789473684210527,0.3157894736842105,0.868421052631579,2.236842105263158,0.3833020050125313,0.3197994987468672,0.2944862155388471,0.10493480759406103,0.13947663235788574,0.0790590365087269,-0.7894736842105263,9.5,1.0
Gary Harris,26.36842105263158,94.5,21.342105263157894,13.947368421052632,0.9210526315789473,2.5,2.210526315789474,1.368421052631579,0.3684210526315789,1.5789473684210527,1.5789473684210527,0.41627546430178003,0.3049785740575215,0.579173312068049,0.15311503293986695,0.26272551729326254,0.1869646301896605,1.1578947368421053,9.5,1.0
Gavin Schilling,6.0,28.289473684210527,3.9210526315789473,1.394736842105263,0.7368421052631579,0.8157894736842105,0.23684210526315788,0.5,0.21052631578947367,0.0,1.263157894736842,0.28508771929824556,0.0,0.13157894736842105,0.028959194568913944,0.0,0.029320649624526324,-0.5789473684210527,9.5,0.0
Keith Appling,26.07894736842105,87.21052631578948,17.842105263157894,10.026315789473685,0.3157894736842105,2.3157894736842106,3.789473684210526,1.7105263157894737,0.3684210526315789,1.0263157894736843,2.1052631578947367,0.4098057644110276,0.2232456140350877,0.3732717209690894,0.13483245473092031,0.12162375811457775,0.17892784820879556,-0.631578947368421,9.5,1.0
Kenny Kaminski,9.157894736842104,67.02631578947368,6.973684210526316,3.763157894736842,0.5,0.5789473684210527,0.23684210526315788,0.18421052631578946,0.21052631578947367,0.18421052631578946,0.9736842105263158,0.2162280701754386,0.2841478696741855,0.10789473684210525,0.019826338081486827,0.08717909926065114,0.017935938330675173,0.42105263157894735,9.5,0.0
Matt Costello,12.526315789473685,92.3157894736842,9.842105263157896,3.3684210526315788,1.131578947368421,1.631578947368421,0.631578947368421,0.5,1.0263157894736843,0.18421052631578946,1.6842105263157894,0.42368421052631583,0.0,0.24254385964912276,0.05942549867530096,0.0,0.06733317496879213,1.4210526315789473,9.5,0.0
Russell Byrd,4.421052631578948,18.42105263157895,1.5789473684210527,0.6842105263157895,0.13157894736842105,0.4473684210526316,0.07894736842105263,0.10526315789473684,0.13157894736842105,0.07894736842105263,0.6842105263157895,0.05263157894736842,0.09210526315789473,0.02631578947368421,0.00435947347304688,0.027452764468555012,0.010513254239830743,0.21052631578947367,9.5,0.0
Travis Trice,18.710526315789473,97.84210526315789,14.236842105263158,6.157894736842105,0.15789473684210525,1.1842105263157894,2.0526315789473686,0.8421052631578947,0.15789473684210525,0.7631578947368421,1.394736842105263,0.2868421052631579,0.3206140350877193,0.2982456140350877,0.055072177991038085,0.13748396513617445,0.05125393612235717,0.15789473684210525,9.5,1.0
