,MP,ORtg,%Ps,Pts,OR,DR,A,TO,Blk,Stl,PF,2Pt %,3Pt %,FT %,2Pt %Att,3Pt %Att,FT %Att,Pnts-Prev,Marg,Maj Cont
Aaron White,26.96969696969697,113.78787878787878,19.03030303030303,12.636363636363637,1.7272727272727273,4.757575757575758,1.7575757575757576,1.7575757575757576,0.5454545454545454,0.9696969696969697,1.0909090909090908,0.6166262188989462,0.1919191919191919,0.7196477764659583,0.14740674627464403,0.06552272803349664,0.1698677613522892,-0.48484848484848486,11.545454545454545,1.0
Adam Woodbury,16.0,105.6969696969697,17.636363636363637,5.242424242424242,1.606060606060606,2.090909090909091,0.7878787878787878,1.0,0.5757575757575758,0.5454545454545454,2.4242424242424243,0.47886002886002893,0.0,0.48863636363636365,0.08833095016644366,0.0,0.07404367515427482,0.24242424242424243,11.545454545454545,1.0
Anthony Clemmons,10.878787878787879,57.21212121212121,6.575757575757576,2.303030303030303,0.21212121212121213,1.0,1.6363636363636365,0.8484848484848485,0.12121212121212122,0.3333333333333333,1.0,0.3333333333333333,0.09595959595959595,0.25555555555555554,0.02004133985393954,0.02755275769981652,0.03786170260222884,-0.7878787878787878,11.545454545454545,0.0
Darius Stokes,1.303030303030303,0.0,0.0,0.09090909090909091,0.030303030303030304,0.09090909090909091,0.0,0.06060606060606061,0.0,0.0,0.30303030303030304,0.0101010101010101,0.0,0.015151515151515152,0.0035320912474022517,0.0,0.0022446689113355778,-0.12121212121212122,11.545454545454545,0.0
Gabriel Olaseni,16.242424242424242,114.33333333333333,17.78787878787879,6.363636363636363,2.484848484848485,2.4545454545454546,0.42424242424242425,0.696969696969697,1.303030303030303,0.2727272727272727,2.242424242424242,0.4981175390266299,0.0,0.5355218855218856,0.09527145139895764,0.0,0.11798290326120646,1.7575757575757576,11.545454545454545,1.0
Jarrod Uthoff,17.606060606060606,100.84848484848484,15.181818181818182,7.454545454545454,1.1818181818181819,3.393939393939394,0.7878787878787878,0.9393939393939394,1.0303030303030303,0.3333333333333333,1.1515151515151516,0.4887806637806638,0.28535353535353536,0.561038961038961,0.08609343154377609,0.07179037171670465,0.08411282114284198,0.8484848484848485,11.545454545454545,1.0
Josh Oglesby,11.878787878787879,69.15151515151516,7.96969696969697,4.03030303030303,0.30303030303030304,0.6363636363636364,0.7878787878787878,0.2727272727272727,0.030303030303030304,0.30303030303030304,1.0,0.18518518518518517,0.20026455026455026,0.1338383838383838,0.02134531926639044,0.12963147619494367,0.018054280175492297,0.12121212121212122,11.545454545454545,1.0
Kyle Denning,1.303030303030303,0.0,0.0,0.42424242424242425,0.0,0.09090909090909091,0.12121212121212122,0.030303030303030304,0.0,0.030303030303030304,0.030303030303030304,0.12121212121212122,0.045454545454545456,0.0,0.0029306220095693778,0.013174140179487773,0.0,0.0,11.545454545454545,0.0
Kyle Meyer,1.5454545454545454,0.0,0.0,0.18181818181818182,0.12121212121212122,0.3333333333333333,0.12121212121212122,0.18181818181818182,0.030303030303030304,0.030303030303030304,0.15151515151515152,0.015151515151515152,0.015151515151515152,0.015151515151515152,0.0033494031221303947,0.009667755991285403,0.002754820936639119,-0.24242424242424243,11.545454545454545,0.0
Melsahn Basabe,16.939393939393938,95.24242424242425,16.12121212121212,7.0,1.7575757575757576,3.6363636363636362,0.30303030303030304,0.9696969696969697,0.7878787878787878,0.36363636363636365,1.3636363636363635,0.5050701823429096,0.030303030303030304,0.3595959595959596,0.11385540942756842,0.0015151515151515152,0.06574626203591347,0.36363636363636365,11.545454545454545,0.0
Mike Gesell,23.151515151515152,102.96969696969697,19.12121212121212,7.818181818181818,0.2727272727272727,1.7272727272727273,3.757575757575758,1.2727272727272727,0.12121212121212122,1.303030303030303,1.8181818181818181,0.39426406926406926,0.2676767676767677,0.4316345270890726,0.10208907794023493,0.16536775995117994,0.08156543552930745,0.30303030303030304,11.545454545454545,1.0
Peter Jok,7.242424242424242,33.54545454545455,6.303030303030303,3.303030303030303,0.15151515151515152,0.6060606060606061,0.5757575757575758,0.3939393939393939,0.09090909090909091,0.24242424242424243,0.5454545454545454,0.1562049062049062,0.15404040404040403,0.23636363636363636,0.031102136543160047,0.07854035985284533,0.03590120426779702,-0.12121212121212122,11.545454545454545,1.0
Roy Devyn Marble,29.060606060606062,111.81818181818181,26.666666666666668,16.757575757575758,0.7878787878787878,2.393939393939394,3.4242424242424243,1.7272727272727273,0.21212121212121213,1.7878787878787878,1.878787878787879,0.4550118984329511,0.33326118326118337,0.6593303161484979,0.1930210729010767,0.2649738756258048,0.23067547867816648,0.5454545454545454,11.545454545454545,1.0
Zach McCabe,15.090909090909092,90.54545454545455,16.696969696969695,5.818181818181818,0.9393939393939394,1.7878787878787878,1.2121212121212122,0.7878787878787878,0.030303030303030304,0.5151515151515151,2.3636363636363638,0.3737373737373737,0.33852813852813846,0.38636363636363635,0.06132791800167623,0.14196059293625343,0.04888595564947697,-0.48484848484848486,11.545454545454545,1.0
