,MP,ORtg,%Ps,Pts,OR,DR,A,TO,Blk,Stl,PF,2Pt %,3Pt %,FT %,2Pt %Att,3Pt %Att,FT %Att,Pnts-Prev,Marg,Maj Cont
Adreian Payne,22.944444444444443,110.55555555555556,19.88888888888889,9.555555555555555,1.9166666666666667,5.0,0.6666666666666666,1.5,1.0833333333333333,0.6666666666666666,2.3333333333333335,0.5307870370370371,0.19398148148148148,0.6236111111111111,0.13878899465897102,0.06248666082425674,0.13642343047223326,0.5,8.222222222222221,1.0
Alex Gauna,5.611111111111111,13.944444444444445,2.0833333333333335,1.1944444444444444,0.2777777777777778,0.6111111111111112,0.08333333333333333,0.3055555555555556,0.027777777777777776,0.16666666666666666,0.5,0.31805555555555554,0.0,0.034722222222222224,0.025393270844305812,0.0,0.009822866344605476,-0.2222222222222222,8.222222222222221,0.0
Brandan Kearney,6.111111111111111,27.194444444444443,3.8333333333333335,0.8611111111111112,0.3333333333333333,0.2222222222222222,0.5555555555555556,0.3888888888888889,0.027777777777777776,0.19444444444444445,0.3611111111111111,0.09722222222222222,0.023148148148148147,0.0625,0.015449999017336806,0.02798244151120828,0.013442028985507245,-0.3333333333333333,8.222222222222221,0.0
Branden Dawson,24.555555555555557,93.69444444444444,20.36111111111111,8.583333333333334,2.0277777777777777,3.4722222222222223,1.0555555555555556,1.9166666666666667,0.8611111111111112,1.4722222222222223,1.4166666666666667,0.5117956526044761,0.0,0.3384259259259259,0.17486954813491137,0.007708842083842084,0.11012531722090546,0.8333333333333334,8.222222222222221,1.0
Denzel Valentine,19.194444444444443,80.5,17.0,4.638888888888889,1.0277777777777777,2.6944444444444446,2.1666666666666665,1.8611111111111112,0.3333333333333333,0.7222222222222222,1.8611111111111112,0.4032407407407407,0.22916666666666666,0.22685185185185183,0.06461673282840794,0.09816675153769089,0.04973467062128613,-1.6111111111111112,8.222222222222221,1.0
Derrick Nix,25.27777777777778,105.75,18.194444444444443,8.694444444444445,1.75,3.9444444444444446,1.4722222222222223,1.3333333333333333,0.1388888888888889,0.8888888888888888,1.75,0.4988706509539843,0.0,0.5562423687423688,0.15787883462570632,0.0,0.1755377778104466,-0.6111111111111112,8.222222222222221,1.0
Gary Harris,25.5,100.77777777777777,18.13888888888889,11.083333333333334,0.7222222222222222,1.3611111111111112,1.1111111111111112,1.2777777777777777,0.1388888888888889,1.1666666666666667,1.6388888888888888,0.4287588183421516,0.3411596119929453,0.49603174603174593,0.10992394310737302,0.27602568970056185,0.12741192445310975,0.05555555555555555,8.222222222222221,1.0
Keith Appling,30.88888888888889,96.75,22.38888888888889,12.444444444444445,0.3333333333333333,2.888888888888889,3.25,2.1666666666666665,0.5277777777777778,1.25,2.1944444444444446,0.4221530784030783,0.2851521164021164,0.6280844155844156,0.1686593913081792,0.24072509702108802,0.2243233794511189,-0.7777777777777778,8.222222222222221,1.0
Matt Costello,4.555555555555555,16.166666666666668,1.75,1.1666666666666667,0.25,0.7222222222222222,0.1111111111111111,0.1111111111111111,0.2777777777777778,0.1388888888888889,0.8055555555555556,0.224537037037037,0.0,0.1898148148148148,0.019583416158762128,0.0,0.02332226247987117,0.6111111111111112,8.222222222222221,0.0
Russell Byrd,5.527777777777778,14.583333333333334,3.9166666666666665,1.1388888888888888,0.25,0.2777777777777778,0.3055555555555556,0.3611111111111111,0.027777777777777776,0.05555555555555555,0.5833333333333334,0.10648148148148148,0.07685185185185187,0.0787037037037037,0.005958321459486434,0.07578427537470364,0.019008233978248967,-0.5555555555555556,8.222222222222221,0.0
Travis Trice,12.583333333333334,58.0,11.444444444444445,3.1666666666666665,0.2222222222222222,0.7777777777777778,1.3611111111111112,0.7777777777777778,0.027777777777777776,0.6666666666666666,1.0833333333333333,0.07850529100529101,0.2117063492063492,0.1388888888888889,0.03554421452322651,0.12778690861331526,0.027514774849333675,-0.16666666666666666,8.222222222222221,1.0
