,MP,ORtg,%Ps,Pts,OR,DR,A,TO,Blk,Stl,PF,2Pt %,3Pt %,FT %,2Pt %Att,3Pt %Att,FT %Att,Pnts-Prev,Marg
Alan Vest,2.0294117647058822,10.852941176470589,1.0294117647058822,0.3235294117647059,0.11764705882352941,0.29411764705882354,0.11764705882352941,0.11764705882352941,0.0,0.029411764705882353,0.11764705882352941,0.04411764705882353,0.029411764705882353,0.029411764705882353,0.006005543867185801,0.008605664488017431,0.0029411764705882353,-0.17647058823529413,6.4411764705882355
Cole Gentry,21.823529411764707,73.88235294117646,11.0,6.470588235294118,0.29411764705882354,1.6764705882352942,1.911764705882353,1.0294117647058822,0.0,0.9705882352941176,1.1764705882352942,0.32560690943043885,0.24019607843137258,0.3474789915966387,0.0694191178345257,0.1297613844874409,0.06342863853253879,-0.11764705882352941,6.4411764705882355
Everett Winchester,19.941176470588236,79.88235294117646,19.323529411764707,7.4411764705882355,1.2352941176470589,2.323529411764706,1.0588235294117647,1.588235294117647,0.2647058823529412,0.35294117647058826,1.9411764705882353,0.3885003885003885,0.0,0.4804621848739496,0.1384303451246051,0.009923381117152744,0.1697898232065675,-1.9411764705882353,6.4411764705882355
Grant Benzinger,34.794117647058826,115.38235294117646,18.676470588235293,14.529411764705882,1.3529411764705883,4.0,1.2058823529411764,1.088235294117647,0.17647058823529413,0.7352941176470589,2.3529411764705883,0.43765597147950086,0.374953314659197,0.6417636285283345,0.115966898305163,0.36257324881564224,0.13909358604803918,-0.35294117647058826,6.4411764705882355
Jaylon Hall,21.705882352941178,85.73529411764706,22.0,8.764705882352942,0.5,1.911764705882353,1.2941176470588236,1.6470588235294117,0.058823529411764705,0.5294117647058824,1.5588235294117647,0.3975490196078432,0.316421568627451,0.42776610644257707,0.1219458005198477,0.14452343874969611,0.14234000877142325,-2.1176470588235294,6.4411764705882355
Justin Mitchell,13.029411764705882,40.26470588235294,13.205882352941176,5.235294117647059,0.6764705882352942,2.6470588235294117,1.4705882352941178,1.7352941176470589,0.14705882352941177,0.9117647058823529,1.1764705882352942,0.2057271160212337,0.06862745098039216,0.2387955182072829,0.10685258964115406,0.028867551713713774,0.07292444282725744,-1.3529411764705883,6.4411764705882355
Loudon Love,27.823529411764707,98.61764705882354,26.264705882352942,12.911764705882353,3.0588235294117645,6.705882352941177,1.088235294117647,2.3823529411764706,1.0,0.7941176470588235,2.7058823529411766,0.5328762068381444,0.0,0.5107259570494865,0.265827147684788,0.001547987616099071,0.20761636749517268,-1.1764705882352942,6.4411764705882355
Mark Hughes,31.5,108.02941176470588,15.5,9.941176470588236,0.2647058823529412,2.8823529411764706,2.9705882352941178,1.6470588235294117,0.23529411764705882,1.1470588235294117,2.411764705882353,0.47794117647058826,0.36215516509634155,0.5044117647058824,0.06504337154486234,0.25648917042830444,0.09139463553745278,-0.5294117647058824,6.4411764705882355
Parker Ernsthausen,22.676470588235293,96.26470588235294,13.941176470588236,5.264705882352941,0.9411764705882353,1.6470588235294117,1.6470588235294117,1.1764705882352942,0.3235294117647059,0.5294117647058824,1.9705882352941178,0.5260504201680672,0.0857843137254902,0.39509803921568626,0.09117036620138805,0.05071315235361889,0.08668810397014853,-0.6470588235294118,6.4411764705882355
Tye Wilburn,5.176470588235294,26.823529411764707,3.3529411764705883,1.1764705882352942,0.23529411764705882,0.8529411764705882,0.47058823529411764,0.3235294117647059,0.0,0.5294117647058824,0.4411764705882353,0.12745098039215688,0.058823529411764705,0.13602941176470587,0.019338819276480266,0.0069950202303143486,0.023783217140811698,0.4117647058823529,6.4411764705882355
