,MP,ORtg,%Ps,Pts,OR,DR,A,TO,Blk,Stl,PF,2Pt %,3Pt %,FT %,2Pt %Att,3Pt %Att,FT %Att,Pnts-Prev,Marg,Maj Cont
Andre Roberson,30.363636363636363,95.03030303030303,19.424242424242426,9.93939393939394,2.787878787878788,7.484848484848484,1.2727272727272727,2.1818181818181817,1.2121212121212122,1.9696969696969697,2.1818181818181817,0.49588744588744577,0.3257575757575757,0.4498196248196248,0.1646585502811588,0.11004754970769609,0.13010577725985678,2.0,4.242424242424242,1.0
Askia Booker,30.818181818181817,92.9090909090909,24.727272727272727,12.0,0.48484848484848486,2.9393939393939394,2.1515151515151514,2.0303030303030303,0.0,1.2121212121212122,1.8484848484848484,0.38451666178938904,0.27886002886002886,0.5037878787878788,0.20416521608232455,0.3017869632842895,0.11248508014696035,-1.6363636363636365,4.242424242424242,1.0
Eli Stalzer,6.909090909090909,38.303030303030305,4.333333333333333,1.0909090909090908,0.09090909090909091,0.5454545454545454,0.36363636363636365,0.6363636363636364,0.06060606060606061,0.18181818181818182,0.7575757575757576,0.16666666666666666,0.12626262626262624,0.11616161616161615,0.007809999929565147,0.04000934995517039,0.013728191000918273,-0.7878787878787878,4.242424242424242,0.0
Jeremy Adams,9.393939393939394,50.15151515151515,7.878787878787879,2.3636363636363638,0.48484848484848486,0.7575757575757576,0.15151515151515152,0.5151515151515151,0.030303030303030304,0.24242424242424243,0.8787878787878788,0.18181818181818182,0.21717171717171715,0.26010101010101006,0.03634824481318489,0.035723867140979436,0.04598554088989352,-0.48484848484848486,4.242424242424242,1.0
Josh Scott,25.454545454545453,99.78787878787878,18.363636363636363,9.363636363636363,2.4545454545454546,2.515151515151515,0.5757575757575758,1.0606060606060606,0.6363636363636364,0.3939393939393939,2.0606060606060606,0.44337606837606836,0.030303030303030304,0.4800734618916436,0.188471257390617,0.0017825311942959003,0.11191749816017228,-0.06060606060606061,4.242424242424242,1.0
Sabatino Chen,22.87878787878788,93.3030303030303,12.727272727272727,4.363636363636363,0.7272727272727273,1.4242424242424243,1.303030303030303,1.0303030303030303,0.09090909090909091,0.8181818181818182,1.3333333333333333,0.3419191919191919,0.1515151515151515,0.2954545454545454,0.067677681613072,0.08846335474888808,0.04463724312412936,-0.24242424242424243,4.242424242424242,1.0
Shane Harris-Tunks,8.151515151515152,25.545454545454547,5.333333333333333,1.2424242424242424,0.5454545454545454,0.9696969696969697,0.12121212121212122,0.6363636363636364,0.09090909090909091,0.15151515151515152,1.121212121212121,0.21717171717171718,0.0,0.12878787878787878,0.0346924522494684,0.0020202020202020206,0.03163498099959488,-0.7878787878787878,4.242424242424242,0.0
Spencer Dinwiddie,31.757575757575758,112.60606060606061,24.060606060606062,15.121212121212121,0.2727272727272727,2.8484848484848486,2.878787878787879,2.090909090909091,0.48484848484848486,1.3333333333333333,1.8484848484848484,0.4932900432900434,0.3342833092833093,0.7849424985788624,0.13369519002900182,0.25777216758078003,0.32826756956426256,-0.5454545454545454,4.242424242424242,1.0
Xavier Johnson,23.181818181818183,98.75757575757575,20.242424242424242,8.727272727272727,1.696969696969697,3.0,0.36363636363636365,1.7575757575757576,0.42424242424242425,0.24242424242424243,2.787878787878788,0.5834415584415584,0.2388888888888889,0.43532948532948534,0.1106981521143831,0.10996150678813217,0.1394067618054636,-2.1818181818181817,4.242424242424242,1.0
Xavier Talton,7.0,26.939393939393938,4.121212121212121,1.4545454545454546,0.09090909090909091,0.5757575757575758,0.45454545454545453,0.48484848484848486,0.0,0.21212121212121213,0.48484848484848486,0.2323232323232323,0.1414141414141414,0.045454545454545456,0.021480225194194156,0.022129477276536105,0.011528326745718048,-0.5454545454545454,4.242424242424242,0.0
