,MP,ORtg,%Ps,Pts,OR,DR,A,TO,Blk,Stl,PF,2Pt %,3Pt %,FT %,2Pt %Att,3Pt %Att,FT %Att,Pnts-Prev,Marg,Maj Cont
Adrian Rodgers,31.485714285714284,102.97142857142858,24.314285714285713,16.17142857142857,0.9714285714285714,4.228571428571429,1.2285714285714286,1.6571428571428573,0.11428571428571428,1.0571428571428572,1.6857142857142857,0.4322428761714477,0.373351886209029,0.5606837606837607,0.18411333858117854,0.341004952342856,0.1570257030879419,-0.9714285714285714,3.7714285714285714,1.0
Chris Thomas,16.314285714285713,66.48571428571428,16.314285714285713,4.3428571428571425,1.0,2.4285714285714284,0.37142857142857144,1.0,0.2857142857142857,0.5142857142857142,2.1714285714285713,0.34374149659863945,0.014285714285714285,0.369047619047619,0.09202669867232027,0.030032043120278417,0.09785109553549073,-0.4,3.7714285714285714,1.0
Christopher Hyder,34.8,110.6,15.228571428571428,9.285714285714286,0.34285714285714286,3.2285714285714286,4.828571428571428,1.6571428571428573,0.05714285714285714,2.3714285714285714,2.2857142857142856,0.5248433312719027,0.12380952380952383,0.5974263038548753,0.1364359500161231,0.07109040119544321,0.15396857792932833,1.542857142857143,3.7714285714285714,1.0
D'Arian Allen,8.542857142857143,48.42857142857143,9.914285714285715,2.8857142857142857,0.9428571428571428,1.1714285714285715,0.11428571428571428,0.6571428571428571,0.22857142857142856,0.17142857142857143,1.9142857142857144,0.40285714285714286,0.02857142857142857,0.18571428571428572,0.04675421267393488,0.002040816326530612,0.04624812007437892,-0.5142857142857142,3.7714285714285714,0.0
Jared Sam,25.742857142857144,108.14285714285714,17.428571428571427,9.314285714285715,2.0,4.2,0.8857142857142857,1.1714285714285715,0.6857142857142857,0.7428571428571429,2.742857142857143,0.5326334776334777,0.0,0.5115262515262516,0.14665127017590368,0.0,0.17930704615933898,0.5142857142857142,3.7714285714285714,0.0
LaQuentin Collins,4.142857142857143,15.114285714285714,2.0,1.0857142857142856,0.14285714285714285,0.37142857142857144,0.2571428571428571,0.3142857142857143,0.11428571428571428,0.2857142857142857,0.4857142857142857,0.1357142857142857,0.02142857142857143,0.10476190476190476,0.019770440088576,0.025953411667697383,0.02097821754964612,0.17142857142857143,3.7714285714285714,0.0
Rashad Andrews,9.571428571428571,45.714285714285715,8.542857142857143,2.8857142857142857,0.17142857142857143,1.1142857142857143,0.3142857142857143,0.4857142857142857,0.11428571428571428,0.22857142857142856,1.0857142857142856,0.23380952380952383,0.17333333333333334,0.16904761904761903,0.030767317770692186,0.06141925117489029,0.03627147982309687,-0.2857142857142857,3.7714285714285714,1.0
Shawn Prudhomme,18.857142857142858,102.2,19.62857142857143,9.371428571428572,0.9714285714285714,2.1714285714285713,0.5142857142857142,0.8857142857142857,0.6,0.7714285714285715,2.085714285714286,0.48368393511250657,0.33510204081632655,0.4333333333333333,0.09770880837564597,0.19153905728651413,0.052930704540886185,0.9714285714285714,3.7714285714285714,1.0
Tony Nunn,11.685714285714285,73.22857142857143,12.485714285714286,3.6285714285714286,1.1428571428571428,1.7142857142857142,0.08571428571428572,0.7714285714285715,1.1142857142857143,0.11428571428571428,2.2285714285714286,0.44261904761904763,0.0,0.16476190476190475,0.06942145554436874,0.0,0.06507995705222092,0.9142857142857143,3.7714285714285714,0.0
Tre'lun Banks,31.457142857142856,84.85714285714286,20.314285714285713,11.542857142857143,0.6285714285714286,1.9142857142857144,2.0285714285714285,2.142857142857143,0.0,0.9428571428571428,2.057142857142857,0.3317388167388168,0.32333333333333336,0.5101587301587301,0.14777907952982805,0.2483486383143615,0.16176766967624243,-2.4,3.7714285714285714,1.0
