,MP,ORtg,%Ps,Pts,OR,DR,A,TO,Blk,Stl,PF,2Pt %,3Pt %,FT %,2Pt %Att,3Pt %Att,FT %Att,Pnts-Prev,Marg
Alex Reese,10.264705882352942,55.411764705882355,10.970588235294118,3.4705882352941178,0.6176470588235294,1.8235294117647058,0.23529411764705882,0.6176470588235294,0.17647058823529413,0.4117647058823529,0.9411764705882353,0.33088235294117646,0.18438375350140057,0.1323529411764706,0.037042306419955345,0.09526064493368698,0.011623526613935821,-0.058823529411764705,2.3823529411764706
Avery Johnson,14.058823529411764,75.0,12.852941176470589,4.235294117647059,0.35294117647058826,0.7647058823529411,0.7647058823529411,0.5294117647058824,0.029411764705882353,0.47058823529411764,1.588235294117647,0.3841036414565826,0.2372549019607843,0.3397058823529412,0.06239035465925958,0.09728051949200392,0.047805053239835846,-0.058823529411764705,2.3823529411764706
Braxton Key,17.941176470588236,65.79411764705883,13.264705882352942,5.176470588235294,1.0294117647058822,2.8823529411764706,1.3235294117647058,1.2647058823529411,0.2647058823529412,0.7647058823529411,1.3235294117647058,0.3437908496732026,0.1843137254901961,0.35490196078431374,0.07771232526163106,0.09025058676573407,0.07135181085907098,-0.47058823529411764,2.3823529411764706
Collin Sexton,27.176470588235293,99.26470588235294,29.5,17.352941176470587,0.9705882352941176,2.4705882352941178,3.235294117647059,2.411764705882353,0.08823529411764706,0.8235294117647058,2.2058823529411766,0.44338278023399136,0.2725490196078431,0.6728757281741712,0.23589639492507833,0.1919169370213371,0.2930817136225106,-3.0,2.3823529411764706
Daniel Giddens,12.941176470588236,67.3529411764706,11.5,4.029411764705882,0.8235294117647058,1.6764705882352942,0.23529411764705882,1.0,1.0294117647058822,0.38235294117647056,2.735294117647059,0.46567460317460313,0.0,0.29880952380952375,0.0769877650049423,0.0,0.06120801672751801,0.8235294117647058,2.3823529411764706
Dazon Ingram,28.0,96.47058823529412,19.705882352941178,9.647058823529411,0.8529411764705882,4.617647058823529,2.5294117647058822,2.1470588235294117,0.3235294117647059,0.8529411764705882,2.6176470588235294,0.4745214752567693,0.21715686274509802,0.545717388148184,0.1317557727252324,0.096367886916215,0.21365211171317314,-1.9411764705882353,2.3823529411764706
Donta Hall,22.470588235294116,117.88235294117646,17.941176470588236,10.264705882352942,2.1470588235294117,4.294117647058823,0.5588235294117647,1.2352941176470589,2.0,0.6470588235294118,1.6470588235294117,0.6613562091503269,0.0,0.4518557422969187,0.1681109938152958,0.0,0.1371191124431884,2.823529411764706,2.3823529411764706
Galin Smith,10.852941176470589,45.11764705882353,6.911764705882353,2.3529411764705883,0.7647058823529411,1.0294117647058822,0.058823529411764705,0.6764705882352942,0.6764705882352942,0.058823529411764705,1.588235294117647,0.42205882352941176,0.0,0.055392156862745096,0.04752875028924452,0.0,0.035837803088751854,0.11764705882352941,2.3823529411764706
Herbert Jones,20.352941176470587,67.0,13.294117647058824,4.088235294117647,0.8235294117647058,2.5294117647058822,1.2941176470588236,1.5,0.6176470588235294,1.2647058823529411,2.5588235294117645,0.3674253034547152,0.16176470588235295,0.22254901960784315,0.09173457050668138,0.03903297202055843,0.060118826435961975,0.7647058823529411,2.3823529411764706
John Petty,28.61764705882353,89.11764705882354,18.470588235294116,10.147058823529411,0.35294117647058826,2.235294117647059,1.8235294117647058,2.0588235294117645,0.2647058823529412,0.5,1.0,0.4014705882352941,0.33476417373476197,0.3387254901960784,0.0565025491656441,0.341993077894266,0.059894324972649765,-2.588235294117647,2.3823529411764706
Lawson Schaffer,1.5,6.676470588235294,0.6764705882352942,0.23529411764705882,0.0,0.0,0.29411764705882354,0.23529411764705882,0.0,0.11764705882352941,0.20588235294117646,0.029411764705882353,0.029411764705882353,0.0,0.000980392156862745,0.012119933443462854,0.0,-0.23529411764705882,2.3823529411764706
Riley Norris,4.882352941176471,25.235294117647058,3.411764705882353,1.2647058823529411,0.17647058823529413,0.47058823529411764,0.17647058823529413,0.14705882352941177,0.0,0.11764705882352941,0.5588235294117647,0.14215686274509803,0.06764705882352941,0.0661764705882353,0.013357825070172547,0.03577744151273563,0.008307700283403607,-0.058823529411764705,2.3823529411764706
