,MP,ORtg,%Ps,Pts,OR,DR,A,TO,Blk,Stl,PF,2Pt %,3Pt %,FT %,2Pt %Att,3Pt %Att,FT %Att,Pnts-Prev,Marg,Maj Cont
Darrell Bowie,15.285714285714286,68.37142857142857,16.142857142857142,5.142857142857143,1.2857142857142858,2.3142857142857145,0.6285714285714286,1.0571428571428572,0.45714285714285713,0.6,1.7428571428571429,0.3484807256235828,0.09047619047619047,0.27547619047619043,0.10234929520866046,0.016129176698142216,0.11254915271577108,0.0,8.371428571428572,1.0
Deonte Burton,27.6,90.77142857142857,26.228571428571428,13.942857142857143,1.1142857142857143,4.771428571428571,1.7142857142857142,2.2,1.3428571428571427,1.6857142857142857,2.8285714285714287,0.4491076509121622,0.3259637188208617,0.4766975881261595,0.23777909458365454,0.11740782702032025,0.17477042928004508,1.6571428571428573,8.371428571428572,1.0
Donovan Jackson,15.685714285714285,104.42857142857143,14.914285714285715,5.942857142857143,0.05714285714285714,0.8285714285714286,1.1428571428571428,0.4857142857142857,0.0,0.5142857142857142,1.2285714285714286,0.2947619047619048,0.3439115646258504,0.34285714285714286,0.04528761054358424,0.10992244637469338,0.06053675520017847,0.05714285714285714,8.371428571428572,1.0
Jakolby Long,1.1428571428571428,2.8,0.3142857142857143,0.3142857142857143,0.08571428571428572,0.2,0.02857142857142857,0.02857142857142857,0.0,0.02857142857142857,0.02857142857142857,0.014285714285714285,0.047619047619047616,0.0,0.00767176984286779,0.006879327568982742,0.0016806722689075631,0.0,8.371428571428572,0.0
Matt Thomas,28.942857142857143,111.94285714285714,15.17142857142857,11.342857142857143,0.5428571428571428,3.085714285714286,1.4857142857142858,1.1142857142857143,0.11428571428571428,0.9142857142857143,1.3428571428571427,0.3964625850340136,0.40207070707070713,0.4476190476190476,0.07154755863055605,0.2197892198000573,0.07486611959068454,-0.17142857142857143,8.371428571428572,1.0
Merrill Holden,8.0,28.685714285714287,3.6857142857142855,1.6857142857142857,0.6857142857142857,0.7142857142857143,0.0,0.37142857142857144,0.34285714285714286,0.11428571428571428,1.6857142857142857,0.1333333333333333,0.0,0.23523809523809527,0.02131692199390823,0.0,0.08220071091455436,0.17142857142857143,8.371428571428572,0.0
Monte Morris,33.34285714285714,118.54285714285714,22.37142857142857,15.371428571428572,1.1142857142857143,3.3714285714285714,5.714285714285714,1.0,0.2857142857142857,1.4285714285714286,1.3714285714285714,0.4776560740846455,0.35918367346938773,0.6742857142857143,0.23845918358822935,0.1525174027876706,0.17512623426242663,1.4285714285714286,8.371428571428572,1.0
Nazareth Mitrou-Long,31.314285714285713,109.8,19.65714285714286,14.628571428571428,0.6571428571428571,3.742857142857143,2.6285714285714286,1.5714285714285714,0.02857142857142857,1.1142857142857143,1.9714285714285715,0.5651020408163266,0.33943929086786223,0.5072108843537415,0.09697284877333161,0.28801025443733114,0.12431378162818325,-0.8571428571428571,8.371428571428572,1.0
Nick Weiler-Babb,16.257142857142856,85.0,10.428571428571429,3.9714285714285715,0.7714285714285715,2.2857142857142856,1.5142857142857142,0.6571428571428571,0.14285714285714285,0.7714285714285715,0.9428571428571428,0.3438775510204082,0.12142857142857143,0.31071428571428567,0.061484267722005395,0.027637480748794904,0.07495771057779019,0.5142857142857142,8.371428571428572,0.0
Solomon Young,13.514285714285714,58.82857142857143,7.828571428571428,3.5714285714285716,1.1428571428571428,1.5142857142857142,0.02857142857142857,0.6571428571428571,0.6285714285714286,0.2571428571428571,1.8285714285714285,0.370952380952381,0.02857142857142857,0.2980952380952381,0.05998859197034523,0.004564007421150278,0.06185557641860163,0.45714285714285713,8.371428571428572,0.0
