,MP,ORtg,%Ps,Pts,OR,DR,A,TO,Blk,Stl,PF,2Pt %,3Pt %,FT %,2Pt %Att,3Pt %Att,FT %Att,Pnts-Prev,Marg,Maj Cont
Braylon Lazare,1.6,8.428571428571429,0.8571428571428571,0.7142857142857143,0.34285714285714286,0.14285714285714285,0.14285714285714285,0.08571428571428572,0.02857142857142857,0.08571428571428572,0.45714285714285713,0.09523809523809523,0.0,0.04285714285714286,0.013373762247571336,0.0,0.006503363808866655,0.05714285714285714,6.057142857142857,0.0
Bryant Mbamalu,18.142857142857142,67.54285714285714,13.142857142857142,7.885714285714286,1.1428571428571428,1.542857142857143,0.8571428571428571,1.0571428571428572,0.02857142857142857,0.5428571428571428,1.6571428571428573,0.30835862550148263,0.21006802721088436,0.2777056277056277,0.09387633371309287,0.15132263601060594,0.08010520914101923,-0.9714285714285714,6.057142857142857,1.0
Elfrid Payton,34.8,109.25714285714285,29.057142857142857,18.514285714285716,2.257142857142857,3.5142857142857142,5.857142857142857,3.6,0.5428571428571428,2.2,2.3142857142857145,0.5275202053585513,0.13285714285714284,0.5854755937462705,0.2799338814651385,0.06653257092310606,0.33041405590367146,-1.7142857142857142,6.057142857142857,1.0
Elridge Moore,19.457142857142856,77.08571428571429,10.485714285714286,3.4285714285714284,1.2571428571428571,1.9142857142857144,0.9714285714285714,1.0,0.42857142857142855,0.5142857142857142,2.257142857142857,0.3629024943310658,0.0,0.2702380952380952,0.06867711424980619,0.00963031366392711,0.05680689638685024,-0.11428571428571428,6.057142857142857,1.0
Hayward Register,4.685714285714286,14.342857142857143,1.8285714285714285,1.9714285714285715,0.14285714285714285,0.2571428571428571,0.11428571428571428,0.11428571428571428,0.0,0.14285714285714285,0.45714285714285713,0.09714285714285714,0.16993197278911562,0.02857142857142857,0.00871510296263942,0.08920751377474065,0.0027210884353741495,0.05714285714285714,6.057142857142857,0.0
J.J. Davenport,11.771428571428572,60.8,11.0,4.485714285714286,1.3714285714285714,2.0285714285714285,0.37142857142857144,0.6857142857142857,0.02857142857142857,0.11428571428571428,1.7142857142857142,0.4054195011337869,0.0,0.42428571428571427,0.07990585601388683,0.0,0.0706712909156862,-1.0857142857142856,6.057142857142857,1.0
Kasey Shepherd,9.657142857142857,46.542857142857144,8.342857142857143,4.6571428571428575,0.17142857142857143,1.2,0.7428571428571429,0.8285714285714286,0.05714285714285714,0.6857142857142857,1.0,0.21925170068027208,0.23428571428571432,0.24285714285714285,0.03424337201827422,0.07228052936301499,0.031313780135663584,-0.17142857142857143,6.057142857142857,0.0
Kevin Brown,20.34285714285714,97.0,13.8,5.314285714285714,0.3142857142857143,1.3142857142857143,1.1428571428571428,0.9428571428571428,0.05714285714285714,0.9142857142857143,2.057142857142857,0.24047619047619045,0.3062585034013605,0.41666666666666663,0.04596170577301116,0.16739348724399586,0.05176231636884747,0.05714285714285714,6.057142857142857,1.0
Shawn Long,27.885714285714286,108.48571428571428,26.4,17.6,3.3714285714285714,6.514285714285714,0.5428571428571428,2.057142857142857,2.5428571428571427,0.6571428571428571,3.2857142857142856,0.507647693109878,0.33571428571428574,0.6225963718820863,0.2568873729328869,0.11548063951381067,0.18918971052649602,2.2857142857142856,6.057142857142857,1.0
Steven Wronkoski,16.942857142857143,69.34285714285714,11.371428571428572,4.114285714285714,0.5142857142857142,1.4,0.6857142857142857,1.2285714285714286,0.0,0.22857142857142856,1.7714285714285714,0.3,0.24404761904761904,0.2953741496598639,0.028713453063262173,0.1156774298236041,0.039922625005955524,-2.0,6.057142857142857,0.0
Vieux Kande,3.4857142857142858,9.628571428571428,0.7714285714285715,0.7714285714285715,0.2571428571428571,0.34285714285714286,0.05714285714285714,0.11428571428571428,0.11428571428571428,0.08571428571428572,0.7142857142857143,0.1333333333333333,0.0,0.08095238095238094,0.010263337834382035,0.0,0.017690464329241717,0.17142857142857143,6.057142857142857,0.0
Xavian Rimmer,26.142857142857142,109.82857142857142,13.342857142857143,8.657142857142857,0.42857142857142855,1.8285714285714285,1.6857142857142857,1.1428571428571428,0.02857142857142857,0.7428571428571429,2.342857142857143,0.32142857142857145,0.3120408163265306,0.5227551020408163,0.05087727915461989,0.183903451111766,0.09432777047089906,-0.7428571428571429,6.057142857142857,0.0
