,MP,ORtg,%Ps,Pts,OR,DR,A,TO,Blk,Stl,PF,2Pt %,3Pt %,FT %,2Pt %Att,3Pt %Att,FT %Att,Pnts-Prev,Marg,Maj Cont
Anthony Gill,24.945945945945947,106.83783783783784,21.43243243243243,11.837837837837839,2.054054054054054,3.3783783783783785,0.5675675675675675,1.0,0.4864864864864865,0.5135135135135135,2.054054054054054,0.49487734487734486,0.05405405405405406,0.6232479232479232,0.20869381265501366,0.0024774774774774773,0.24375990817167284,0.0,9.54054054054054,1.0
Darius Thompson,16.45945945945946,88.35135135135135,9.91891891891892,3.7837837837837838,0.21621621621621623,0.9459459459459459,1.3513513513513513,0.7837837837837838,0.13513513513513514,0.7027027027027027,1.3783783783783783,0.44617117117117117,0.15990990990990991,0.2490990990990991,0.04489494611182391,0.06727776286599818,0.04681894152482389,0.10810810810810811,9.54054054054054,0.0
Devon Hall,18.675675675675677,90.72972972972973,12.45945945945946,4.054054054054054,0.21621621621621623,2.054054054054054,1.6216216216216217,0.7297297297297297,0.21621621621621623,0.43243243243243246,1.2162162162162162,0.36061776061776063,0.2558558558558559,0.27522522522522525,0.05766503985153284,0.10748249602738767,0.0437107407695643,-0.16216216216216217,9.54054054054054,1.0
Evan Nolte,7.135135135135135,46.0,5.27027027027027,1.5675675675675675,0.1891891891891892,0.40540540540540543,0.2972972972972973,0.24324324324324326,0.13513513513513514,0.16216216216216217,0.6486486486486487,0.18243243243243243,0.11936936936936936,0.09009009009009009,0.01303066135995169,0.05904771287898222,0.01533458592282122,0.10810810810810811,9.54054054054054,0.0
Isaiah Wilkins,19.2972972972973,102.45945945945945,13.243243243243244,4.108108108108108,1.3243243243243243,2.3513513513513513,1.2432432432432432,0.6486486486486487,0.6756756756756757,0.7567567567567568,1.8108108108108107,0.4545045045045045,0.0,0.2864864864864865,0.08401970211854054,0.00533033033033033,0.06441255264784676,1.5675675675675675,9.54054054054054,1.0
Jack Salt,3.6486486486486487,9.108108108108109,1.7567567567567568,0.8918918918918919,0.3783783783783784,0.2702702702702703,0.0,0.2702702702702703,0.13513513513513514,0.02702702702702703,0.6756756756756757,0.16891891891891894,0.0,0.013513513513513514,0.022071431929506814,0.0,0.006744381744381744,-0.21621621621621623,9.54054054054054,0.0
Jarred Reuter,3.189189189189189,14.513513513513514,2.72972972972973,1.0810810810810811,0.2702702702702703,0.40540540540540543,0.10810810810810811,0.16216216216216217,0.0,0.02702702702702703,0.6486486486486487,0.17084942084942084,0.0,0.07657657657657659,0.024296052369883518,0.0,0.0213364625129331,-0.2702702702702703,9.54054054054054,0.0
London Perrantes,27.62162162162162,99.70270270270271,16.18918918918919,9.216216216216216,0.3783783783783784,2.108108108108108,3.675675675675676,1.5675675675675675,0.08108108108108109,0.918918918918919,0.972972972972973,0.363963963963964,0.3842127842127842,0.4464285714285715,0.07865023079319142,0.24695866510881984,0.1199694652635829,-1.135135135135135,9.54054054054054,1.0
Malcolm Brogdon,30.324324324324323,107.86486486486487,24.18918918918919,16.7027027027027,0.43243243243243246,3.189189189189189,2.5405405405405403,1.2972972972972974,0.16216216216216217,0.7837837837837838,1.837837837837838,0.4425954675954675,0.3703024453024452,0.6865157365157365,0.1976120991831622,0.3309563695399609,0.2069858413976061,-0.7027027027027027,9.54054054054054,1.0
Marial Shayok,12.45945945945946,62.86486486486486,9.08108108108108,3.2972972972972974,0.21621621621621623,1.2702702702702702,0.9459459459459459,0.6216216216216216,0.13513513513513514,0.2972972972972973,1.3243243243243243,0.30900900900900896,0.22297297297297297,0.16216216216216217,0.0481142276091867,0.05688458718644478,0.050087270087270076,-0.3783783783783784,9.54054054054054,1.0
Mike Tobey,14.027027027027026,81.21621621621621,17.783783783783782,6.081081081081081,1.2972972972972974,2.5405405405405403,0.3783783783783784,0.6486486486486487,0.4594594594594595,0.2702702702702703,1.837837837837838,0.5183992433992434,0.036036036036036036,0.3029279279279279,0.1128436879100986,0.015476490476490476,0.07273174184938888,0.16216216216216217,9.54054054054054,1.0
