,MP,ORtg,%Ps,Pts,OR,DR,A,TO,Blk,Stl,PF,2Pt %,3Pt %,FT %,2Pt %Att,3Pt %Att,FT %Att,Pnts-Prev,Marg,Maj Cont
Daniel Edozie,3.1666666666666665,16.166666666666668,0.8611111111111112,0.6666666666666666,0.2222222222222222,0.6944444444444444,0.05555555555555555,0.05555555555555555,0.2222222222222222,0.05555555555555555,0.4444444444444444,0.1712962962962963,0.0,0.09722222222222222,0.010387951774739229,0.0,0.015327834837638757,0.4444444444444444,8.222222222222221,0.0
DeAndre Kane,31.25,103.77777777777777,24.444444444444443,15.555555555555555,1.1388888888888888,4.972222222222222,5.333333333333333,2.5833333333333335,0.2222222222222222,1.1666666666666667,1.9722222222222223,0.4728348811682145,0.29205246913580246,0.5867351784018452,0.20565259310761652,0.11599861007948291,0.278098082526668,-2.388888888888889,8.222222222222221,1.0
Dustin Hogue,26.944444444444443,109.38888888888889,15.11111111111111,9.833333333333334,2.2222222222222223,5.666666666666667,0.8611111111111112,0.8611111111111112,0.5555555555555556,0.6666666666666666,2.388888888888889,0.5653769841269842,0.25555555555555554,0.49212662337662333,0.12239082503522829,0.0716094499336884,0.16046298742896073,0.7222222222222222,8.222222222222221,1.0
Georges Niang,27.75,96.52777777777777,25.694444444444443,15.083333333333334,0.8888888888888888,3.1666666666666665,3.3055555555555554,2.2222222222222223,0.5555555555555556,0.5833333333333334,2.9722222222222223,0.49448132885632895,0.27085537918871255,0.5535493827160494,0.22536323829541763,0.1739901275827077,0.12271510948741608,-2.1666666666666665,8.222222222222221,1.0
KJ Bluford,1.0555555555555556,4.833333333333333,1.25,0.5277777777777778,0.027777777777777776,0.0,0.08333333333333333,0.027777777777777776,0.0,0.027777777777777776,0.19444444444444445,0.05555555555555555,0.035648148148148144,0.0,0.003558850860136966,0.016205357142857143,0.0,0.0,8.222222222222221,0.0
Matt Thomas,20.166666666666668,92.38888888888889,11.11111111111111,5.333333333333333,0.16666666666666666,1.8888888888888888,1.0555555555555556,0.4166666666666667,0.19444444444444445,0.5277777777777778,1.3055555555555556,0.2819444444444444,0.26772486772486775,0.23888888888888887,0.03433077808836195,0.14475637275010486,0.032983950035385616,0.6111111111111112,8.222222222222221,0.0
Melvin Ejim,27.5,94.47222222222223,22.47222222222222,15.61111111111111,2.3333333333333335,5.027777777777778,1.5555555555555556,2.0277777777777777,0.5833333333333334,1.0555555555555556,2.8333333333333335,0.48038936372269725,0.28478835978835976,0.6122013788680455,0.20240641483220226,0.1379392573941141,0.18252658738093777,-0.7777777777777778,8.222222222222221,1.0
Monte Morris,25.27777777777778,105.91666666666667,11.333333333333334,5.638888888888889,0.4722222222222222,1.8888888888888888,3.4444444444444446,0.6388888888888888,0.1111111111111111,1.1388888888888888,1.5277777777777777,0.4152777777777778,0.24768518518518517,0.42738095238095236,0.0668945545586365,0.07023083791855528,0.07543389028985432,1.2222222222222223,8.222222222222221,1.0
Nazareth Mitrou-Long,18.22222222222222,94.55555555555556,10.86111111111111,6.388888888888889,0.3333333333333333,1.0555555555555556,1.0555555555555556,0.3888888888888889,0.05555555555555555,0.1388888888888889,1.6944444444444444,0.3310185185185185,0.3172258297258297,0.19722222222222222,0.02582444152422268,0.16967366471958703,0.032748174976422316,-0.3888888888888889,8.222222222222221,1.0
Percy Gibson,1.7777777777777777,5.277777777777778,0.6944444444444444,0.4722222222222222,0.1111111111111111,0.3333333333333333,0.0,0.1111111111111111,0.1388888888888889,0.05555555555555555,0.3333333333333333,0.07500000000000001,0.0,0.06944444444444445,0.010880354017034953,0.0014619883040935672,0.008565816899150234,0.16666666666666666,8.222222222222221,0.0
Sherron Dorsey-Walker,3.111111111111111,11.11111111111111,2.9444444444444446,0.6666666666666666,0.1388888888888889,0.19444444444444445,0.25,0.2777777777777778,0.05555555555555555,0.1111111111111111,0.25,0.041666666666666664,0.027777777777777776,0.04861111111111111,0.008976664573069802,0.014801000841475669,0.007804232804232804,-0.2222222222222222,8.222222222222221,0.0
