,MP,ORtg,%Ps,Pts,OR,DR,A,TO,Blk,Stl,PF,2Pt %,3Pt %,FT %,2Pt %Att,3Pt %Att,FT %Att,Pnts-Prev,Marg,Maj Cont
Amir Williams,16.97142857142857,96.11428571428571,14.285714285714286,5.514285714285714,1.4857142857142858,2.742857142857143,0.2857142857142857,0.9142857142857143,1.4,0.6,2.0,0.49662956091527527,0.0,0.37238095238095237,0.08054833160048458,0.0,0.12958374040211873,2.1714285714285713,12.657142857142857,1.0
Anthony Lee,6.571428571428571,40.77142857142857,5.885714285714286,2.057142857142857,0.45714285714285713,0.9142857142857143,0.08571428571428572,0.37142857142857144,0.22857142857142856,0.02857142857142857,1.0571428571428572,0.29489795918367345,0.0,0.05714285714285714,0.03584672978159938,0.0,0.026243280528994817,-0.22857142857142856,12.657142857142857,0.0
D'Angelo Russell,31.62857142857143,109.82857142857142,28.8,18.228571428571428,0.9714285714285714,4.314285714285714,4.8,2.7714285714285714,0.2571428571428571,1.5142857142857142,1.9714285714285715,0.4653077874506445,0.39912183055040196,0.6185899814471243,0.19102997300529967,0.3413123762287537,0.2164934923933121,-2.0,12.657142857142857,1.0
Jae'Sean Tate,20.314285714285713,95.82857142857142,19.0,8.257142857142858,1.7714285714285714,2.8857142857142857,0.3142857142857143,1.1142857142857143,0.5714285714285714,0.8571428571428571,2.2857142857142856,0.595453514739229,0.07142857142857142,0.2999092970521542,0.13529535970693188,0.03001256057659799,0.1307499595007636,0.6285714285714286,12.657142857142857,1.0
Kam Williams,13.942857142857143,82.02857142857142,11.257142857142858,5.4,0.17142857142857143,0.7714285714285715,0.5142857142857142,0.17142857142857143,0.05714285714285714,0.4857142857142857,0.6285714285714286,0.34278911564625847,0.21857142857142856,0.3,0.05282596885528949,0.12780603174364108,0.029189636680319913,0.7428571428571429,12.657142857142857,0.0
Keita Bates-Diop,8.82857142857143,47.142857142857146,7.371428571428571,3.4,0.37142857142857144,1.542857142857143,0.45714285714285713,0.37142857142857144,0.5428571428571428,0.2857142857142857,0.6857142857142857,0.2585034013605442,0.2261904761904762,0.19952380952380952,0.038184986223664494,0.05589550152865298,0.0358608169066995,0.9142857142857143,12.657142857142857,0.0
Marc Loving,20.514285714285716,95.82857142857142,15.514285714285714,8.314285714285715,1.0857142857142856,2.085714285714286,0.5714285714285714,1.0,0.2857142857142857,0.45714285714285713,1.7714285714285714,0.35585652442795307,0.3469047619047619,0.4793650793650794,0.07441498811185429,0.1466916899875211,0.12354558772865411,-0.5142857142857142,12.657142857142857,1.0
Sam Thompson,30.6,103.31428571428572,15.885714285714286,9.657142857142857,0.8571428571428571,2.7714285714285714,1.6857142857142857,1.1714285714285715,0.8857142857142857,1.2571428571428571,1.7714285714285714,0.5249319727891157,0.1895238095238095,0.43626984126984125,0.145279275996871,0.1228460549451298,0.13089515461996454,1.9428571428571428,12.657142857142857,1.0
Shannon Scott,28.34285714285714,97.94285714285714,20.2,8.0,1.0285714285714285,2.4571428571428573,5.6,2.1714285714285713,0.11428571428571428,1.6571428571428573,1.4,0.42648526077097504,0.21428571428571427,0.35714285714285715,0.1375891756785041,0.11829292784684614,0.07879427732563375,-0.8,12.657142857142857,1.0
Trey McDonald,11.2,66.34285714285714,9.2,2.657142857142857,1.1142857142857143,1.457142857142857,0.22857142857142856,0.45714285714285713,0.45714285714285713,0.17142857142857143,1.4857142857142858,0.4263265306122449,0.0,0.20476190476190476,0.051842353896644,0.0,0.04150119677068184,0.34285714285714286,12.657142857142857,0.0
