,MP,ORtg,%Ps,Pts,OR,DR,A,TO,Blk,Stl,PF,2Pt %,3Pt %,FT %,2Pt %Att,3Pt %Att,FT %Att,Pnts-Prev,Marg,Maj Cont
Ahmad Gilbert,2.2058823529411766,2.323529411764706,0.7647058823529411,0.7352941176470589,0.058823529411764705,0.35294117647058826,0.058823529411764705,0.23529411764705882,0.058823529411764705,0.058823529411764705,0.20588235294117646,0.029411764705882353,0.08823529411764706,0.029411764705882353,0.004247050796171086,0.032074396040431365,0.0035315201349356944,-0.23529411764705882,6.0,0.0
Akeem Springs,22.58823529411765,93.1470588235294,17.91176470588235,8.911764705882353,0.5,2.323529411764706,1.2647058823529411,0.8823529411764706,0.17647058823529413,0.5294117647058824,1.0588235294117647,0.33879551820728293,0.3349789915966387,0.34387254901960784,0.06426636142256203,0.29527753911541016,0.05373049189449769,-0.35294117647058826,6.0,0.0
Amir Coffey,31.08823529411765,99.32352941176471,18.235294117647058,11.382352941176471,0.6764705882352942,2.9705882352941178,2.8823529411764706,1.8823529411764706,0.14705882352941177,1.0294117647058822,1.6176470588235294,0.4703707240471947,0.2828431372549019,0.6799465240641712,0.13596377930427442,0.150352404783747,0.17603764834359062,-1.411764705882353,6.0,1.0
Bakary Konate,9.264705882352942,48.38235294117647,5.617647058823529,1.5588235294117647,0.8529411764705882,1.8235294117647058,0.08823529411764706,0.5294117647058824,0.7352941176470589,0.23529411764705882,2.088235294117647,0.3892156862745098,0.0,0.1876750700280112,0.02836849622754792,0.0012254901960784311,0.0353940313499137,0.8823529411764706,6.0,0.0
Dupree McBrayer,26.764705882352942,103.73529411764706,19.58823529411765,10.588235294117647,0.2647058823529412,1.7352941176470589,2.588235294117647,1.4705882352941178,0.29411764705882354,0.8235294117647058,1.411764705882353,0.47424136321195137,0.44460784313725493,0.5860294117647059,0.13185420910853737,0.13976774063165429,0.13290355885695498,-0.7058823529411765,6.0,1.0
Eric Curry,19.41176470588235,87.67647058823529,15.352941176470589,5.205882352941177,1.5588235294117647,3.5588235294117645,1.2352941176470589,1.0294117647058822,0.7058823529411765,0.4411764705882353,1.911764705882353,0.4103641456582633,0.04362745098039216,0.34558823529411764,0.08651900522555331,0.04295097140662611,0.0808605667721616,0.23529411764705882,6.0,1.0
Jordan Murphy,26.558823529411764,96.82352941176471,21.38235294117647,10.823529411764707,2.3823529411764706,6.176470588235294,0.7647058823529411,1.6176470588235294,1.0588235294117647,0.6470588235294118,2.8823529411764706,0.5057099762982116,0.04411764705882353,0.5264598146951087,0.17290668267523746,0.05055492568400053,0.17050494531713103,0.17647058823529413,6.0,1.0
Michael Hurt,4.323529411764706,6.823529411764706,1.3529411764705883,0.5294117647058824,0.11764705882352941,0.23529411764705882,0.17647058823529413,0.17647058823529413,0.029411764705882353,0.058823529411764705,0.35294117647058826,0.08823529411764706,0.03676470588235294,0.058823529411764705,0.0041042147853293355,0.01973549791433601,0.005777310924369748,-0.17647058823529413,6.0,0.0
Nate Mason,33.411764705882355,104.02941176470588,24.08823529411765,15.088235294117647,0.6470588235294118,2.911764705882353,4.882352941176471,1.7941176470588236,0.11764705882352941,1.2941176470588236,1.588235294117647,0.3524796138117937,0.33585434173669476,0.6595238095238095,0.2056171452059076,0.23864926952183374,0.19563789621216976,-0.7647058823529411,6.0,1.0
Reggie Lynch,21.735294117647058,97.70588235294117,18.264705882352942,7.9411764705882355,1.9705882352941178,3.8529411764705883,0.4411764705882353,1.3823529411764706,3.264705882352941,0.4117647058823529,3.176470588235294,0.4952731092436976,0.0,0.47892156862745106,0.13674129054299725,0.0,0.1162102654883928,4.588235294117647,6.0,1.0
