,MP,ORtg,%Ps,Pts,OR,DR,A,TO,Blk,Stl,PF,2Pt %,3Pt %,FT %,2Pt %Att,3Pt %Att,FT %Att,Pnts-Prev,Marg,Maj Cont
Aaron Bodager,5.171428571428572,31.085714285714285,4.371428571428571,1.3714285714285714,0.05714285714285714,0.42857142857142855,0.2857142857142857,0.22857142857142856,0.0,0.14285714285714285,0.2857142857142857,0.05714285714285714,0.13598639455782316,0.02142857142857143,0.004118937897739741,0.05143903294363915,0.0034632034632034636,-0.17142857142857143,7.714285714285714,0.0
Beau Beech,29.485714285714284,101.37142857142857,19.82857142857143,12.114285714285714,0.9428571428571428,4.571428571428571,1.4,1.6857142857142857,0.2857142857142857,1.2285714285714286,2.5428571428571427,0.4461224489795919,0.35601834673263244,0.4764285714285714,0.10000892109812903,0.274923917245752,0.11503236353250443,-0.34285714285714286,7.714285714285714,1.0
Chris Davenport,26.37142857142857,106.8,20.685714285714287,10.82857142857143,1.2571428571428571,4.885714285714286,2.085714285714286,2.057142857142857,0.9714285714285714,0.8285714285714286,2.4857142857142858,0.5795537002679859,0.2857142857142857,0.5485086342229201,0.18650303977350732,0.049222684354940115,0.17292254014939576,-0.5142857142857142,7.714285714285714,1.0
Dallas Moore,31.485714285714284,105.45714285714286,24.057142857142857,15.457142857142857,0.8571428571428571,2.085714285714286,3.5142857142857142,2.2,0.02857142857142857,1.0,1.0857142857142856,0.49312084740656176,0.33690476190476193,0.46368171511028655,0.24735700046445003,0.18934582861344235,0.11447171696883984,-2.342857142857143,7.714285714285714,1.0
Demarcus Daniels,20.942857142857143,98.94285714285714,16.82857142857143,8.028571428571428,1.8,3.2285714285714286,0.9142857142857143,0.9142857142857143,1.5142857142857142,0.37142857142857144,2.2,0.41775510204081634,0.26428571428571423,0.48537414965986403,0.1285309697782132,0.07573725958756047,0.12369187153866983,1.9428571428571428,7.714285714285714,1.0
Devin Wilson,7.2,36.114285714285714,4.714285714285714,1.4,0.08571428571428572,0.5142857142857142,1.0,0.6571428571428571,0.0,0.34285714285714286,0.45714285714285713,0.08571428571428572,0.14285714285714285,0.2020408163265306,0.012136021524856905,0.016535825057992542,0.029285375702280035,-0.6285714285714286,7.714285714285714,0.0
Jalen Nesbitt,31.4,108.37142857142857,19.257142857142856,10.457142857142857,1.5142857142857142,3.914285714285714,3.2857142857142856,2.342857142857143,0.6857142857142857,1.6285714285714286,1.9714285714285715,0.5172344322344321,0.31857142857142856,0.5560186242329099,0.13131525260006077,0.08974786135858881,0.244871339685736,-0.05714285714285714,7.714285714285714,1.0
Romelo Banks,16.742857142857144,86.11428571428571,16.34285714285714,5.257142857142857,1.1142857142857143,1.6571428571428573,0.2,0.8857142857142857,0.5142857142857142,0.05714285714285714,2.4857142857142858,0.3984879406307978,0.0,0.3372789115646258,0.13995213665536319,0.0,0.11610856276820332,-0.6285714285714286,7.714285714285714,0.0
Trent Mackey,25.114285714285714,121.88571428571429,13.514285714285714,8.628571428571428,0.2857142857142857,1.2857142857142858,1.3428571428571427,0.8,0.05714285714285714,0.4857142857142857,2.0285714285714285,0.16190476190476188,0.4318934240362811,0.3157142857142857,0.021506291636251177,0.224476162266656,0.051581597619738795,-0.5142857142857142,7.714285714285714,1.0
