,MP,ORtg,%Ps,Pts,OR,DR,A,TO,Blk,Stl,PF,2Pt %,3Pt %,FT %,2Pt %Att,3Pt %Att,FT %Att,Pnts-Prev,Marg,Maj Cont
Aarias Austin,3.3333333333333335,17.02777777777778,4.361111111111111,1.3611111111111112,0.0,0.4444444444444444,0.19444444444444445,0.2222222222222222,0.0,0.05555555555555555,0.19444444444444445,0.06898148148148148,0.054497354497354496,0.05555555555555555,0.014817665877121917,0.03347451553720904,0.005189255189255189,-0.3333333333333333,4.805555555555555,0.0
Bennett Koch,17.77777777777778,83.61111111111111,22.805555555555557,7.277777777777778,0.9166666666666666,2.5,0.4166666666666667,1.3333333333333333,0.3611111111111111,0.25,2.4166666666666665,0.4337221420554754,0.0,0.4500771604938272,0.1780233617324487,0.0,0.13716385289277636,-1.4444444444444444,4.805555555555555,1.0
Jeremy Morgan,29.86111111111111,111.94444444444444,17.583333333333332,9.805555555555555,1.1388888888888888,3.6944444444444446,2.1944444444444446,1.2777777777777777,0.8055555555555556,1.8333333333333333,2.1666666666666665,0.4687830687830688,0.3763888888888889,0.5708223104056437,0.12139216034510697,0.14383972810395726,0.1848501860106313,2.7222222222222223,4.805555555555555,1.0
Klint Carlson,18.47222222222222,76.86111111111111,14.694444444444445,5.972222222222222,0.6388888888888888,2.5,0.5277777777777778,0.8333333333333334,0.19444444444444445,0.5277777777777778,1.5555555555555556,0.3882164902998237,0.19675925925925922,0.3657407407407407,0.11364298065855512,0.06554275479949641,0.0751379412517226,-0.2222222222222222,4.805555555555555,1.0
Matt Bohannon,33.0,108.83333333333333,14.305555555555555,11.13888888888889,0.027777777777777776,3.8055555555555554,0.9166666666666666,0.6666666666666666,0.08333333333333333,0.7777777777777778,1.75,0.5018518518518519,0.377799823633157,0.44027777777777777,0.0644370616953654,0.280706371278622,0.08513628112120275,0.3888888888888889,4.805555555555555,1.0
Paul Jesperson,28.61111111111111,97.61111111111111,17.166666666666668,10.083333333333334,0.5,3.4166666666666665,0.8611111111111112,1.0,0.25,0.3888888888888889,1.8055555555555556,0.43888888888888894,0.33426026134359477,0.4027777777777778,0.09009768756577409,0.24151152712250548,0.07336181014278112,-0.7222222222222222,4.805555555555555,1.0
Robert Knar,0.9444444444444444,0.0,0.0,0.3611111111111111,0.0,0.19444444444444445,0.0,0.0,0.0,0.0,0.05555555555555555,0.041666666666666664,0.018518518518518517,0.041666666666666664,0.003959209514765071,0.013278415054730843,0.009324009324009326,0.0,4.805555555555555,0.0
Ted Friedman,8.194444444444445,37.22222222222222,4.138888888888889,0.8611111111111112,0.5,0.75,0.25,0.25,0.1388888888888889,0.05555555555555555,1.1111111111111112,0.21759259259259262,0.0,0.034722222222222224,0.02513604672296204,0.0007936507936507935,0.026643444479108692,-0.1111111111111111,4.805555555555555,0.0
Wes Washpun,32.47222222222222,103.02777777777777,25.805555555555557,13.472222222222221,0.2222222222222222,3.5833333333333335,4.916666666666667,2.4444444444444446,0.6111111111111112,1.1388888888888888,2.361111111111111,0.5184536913703579,0.23763227513227514,0.594152837902838,0.25742354542430707,0.1033078834946796,0.2883921608189118,-1.3888888888888888,4.805555555555555,1.0
Wyatt Lohaus,16.86111111111111,82.80555555555556,13.277777777777779,3.888888888888889,0.08333333333333333,1.2222222222222223,1.0,0.7777777777777778,0.0,0.3333333333333333,0.8888888888888888,0.29351851851851846,0.19312169312169314,0.24768518518518523,0.07551472490803805,0.0619895982595931,0.059245503214045266,-0.8888888888888888,4.805555555555555,1.0
