,MP,ORtg,%Ps,Pts,OR,DR,A,TO,Blk,Stl,PF,2Pt %,3Pt %,FT %,2Pt %Att,3Pt %Att,FT %Att,Pnts-Prev,Marg,Result
0,0.6595500459136829,6.24219467401285,1.2998163452708962,-0.23255280073461826,-0.07460973370064305,0.40243342516069713,0.05371900826446274,0.185720844811754,0.2465564738292011,-0.3767217630853994,-0.13957759412304882,-0.009520718861283584,0.015117363696909164,0.008242930419239014,0.002295684113865895,0.002295684113865909,0.0022956841138659367,-0.6317722681359046,-1.4090909090909136,0.0
1,-3.6222222222222236,-13.079365079365104,-0.5712698412698387,-2.9655555555555564,-0.10507936507936533,-0.5284126984126982,-0.7522222222222219,0.039047619047618776,-0.1985714285714286,-0.22603174603174592,-0.42555555555555546,0.00737896450991693,-0.07846743644362694,-0.030785989143132075,-0.02984126984126985,-0.02984126984126985,-0.02984126984126985,-0.9273015873015873,-7.444444444444445,0.0
2,-1.5260081510081562,-3.253013728013741,-1.496063921063918,-0.2254397254397258,-0.01668811668811676,-0.19727584727584668,-0.09478764478764456,0.18989703989703965,-0.04912054912054914,-0.0412483912483913,0.019036894036894347,-0.03227193188502708,0.00887567878639306,0.005687183782421945,-0.009899184899184912,-0.009899184899184885,-0.009899184899184926,-0.5605319605319604,-1.3637065637065646,0.0
3,-3.278373015873015,7.370634920634913,0.30753968253968367,-0.6817460317460311,0.2968253968253969,-0.017658730158730318,-0.14107142857142851,-0.19107142857142878,-0.09484126984126989,-0.16309523809523818,-0.0658730158730152,0.03009301985492463,0.02811149333470761,-0.03836346964323156,-0.015079365079365067,-0.015079365079365067,-0.015079365079365095,-0.13373015873015864,4.038095238095239,1.0
4,1.150793650793645,4.717604617604607,1.58860028860029,0.007647907647907459,0.24227994227994232,0.3425685425685425,-0.14372294372294347,0.08354978354978337,0.14834054834054827,-0.25021645021645045,-0.0007215007215004565,-0.027753425638579632,-0.0329104277156225,0.0845246081880281,0.004617604617604604,0.0046176046176046315,0.004617604617604618,-0.37085137085137077,-3.9861471861471838,1.0
5,-1.150793650793645,-4.717604617604607,-1.58860028860029,-0.007647907647907459,-0.24227994227994232,-0.3425685425685425,0.14372294372294347,-0.08354978354978337,-0.14834054834054827,0.25021645021645045,0.0007215007215004565,0.027753425638579632,0.0329104277156225,-0.0845246081880281,-0.004617604617604604,-0.0046176046176046315,-0.004617604617604618,0.37085137085137077,3.9861471861471838,0.0
6,-0.4814133986928084,5.510825163398707,0.389705882352942,-0.0639297385620905,-0.06617647058823528,0.21160130718954218,-0.13848039215686292,0.004697712418300748,-0.22324346405228757,-0.15175653594771232,0.3361928104575167,0.024599598159647185,0.031042760117515,0.020806823441627376,-0.002655228758169953,-0.002655228758169925,-0.002655228758169925,-0.7593954248366013,2.3253676470588207,0.0
7,0.38480392156862564,-2.8127450980392155,-0.3261437908496738,-0.050326797385621624,-0.18039215686274512,0.21503267973856266,0.06045751633986951,-0.3379084967320264,0.15718954248366016,-0.18937908496732025,-0.2825163398692814,0.019774951807861707,-0.009065382692833662,0.014554457887791195,0.002614379084967311,0.002614379084967325,0.002614379084967325,0.6114379084967321,4.333333333333334,0.0
8,2.4072510822510793,5.2132034632034845,0.6016594516594491,0.927561327561329,0.13073593073593082,0.4886724386724386,0.08232323232323235,0.14581529581529584,-0.05050505050505047,-0.0019119769119768648,0.30955988455988503,-0.0033268489166757287,-0.0031780146661098962,0.01972760925141881,0.013924963924963937,0.01392496392496391,0.013924963924963923,-0.3964646464646465,-0.3761904761904775,0.0
9,-0.38480392156862564,2.8127450980392155,0.3261437908496738,0.050326797385621624,0.18039215686274512,-0.21503267973856266,-0.06045751633986951,0.3379084967320264,-0.15718954248366016,0.18937908496732025,0.2825163398692814,-0.019774951807861707,0.009065382692833662,-0.014554457887791195,-0.002614379084967311,-0.002614379084967325,-0.002614379084967325,-0.6114379084967321,-4.333333333333334,1.0
10,0.9345117845117876,-0.12028619528616957,0.8904040404040394,0.007491582491581106,-0.24099326599326565,0.37550505050505034,0.05353535353535355,0.08585858585858586,-0.10900673400673405,-0.2647306397306397,0.04831649831649809,-0.010231362101993768,-0.022483539655256818,-0.00814084087442668,0.007154882154882178,0.007154882154882122,0.007154882154882164,-0.9191919191919193,-6.880303030303031,0.0
11,1.1914959114959132,-1.79179413179412,-0.45864357864357963,0.0043963443963459525,-0.046628186628186574,-0.022193362193362542,-0.07821067821067818,-0.07604617604617614,-0.07464165464165479,-0.12036556036556034,-0.0020009620009620033,-0.019217612641345805,-0.05394404916338538,-0.07113026172694281,0.007234247234247232,0.007234247234247232,0.0072342472342472736,-0.23792207792207803,-5.45887445887446,1.0
12,2.3323529411764667,0.21720142602494263,1.9085264408793794,-0.01954842543077895,0.5132204396910278,0.1187165775401069,-0.283095662507427,0.16090314913844317,0.33618538324420677,0.24468211527035078,0.27798573975044616,0.06638845177818387,-0.059910388268231446,0.03106620487190903,0.01120023767082591,0.011200237670825924,0.01120023767082591,0.8399286987522284,-3.9640522875817013,0.0
13,-3.367424242424242,-20.86805555555553,-3.6530934343434325,-1.4229166666666693,-0.1995580808080808,0.014393939393939181,-0.21691919191919207,-0.06313131313131315,-0.15530303030303033,-0.1263257575757576,-0.5321969696969695,-0.06147457077854801,-0.015241577481160812,-0.06288477761015637,-0.021085858585858583,-0.02108585858585857,-0.021085858585858583,-0.4369949494949493,0.6590909090909096,0.0
14,4.346825396825391,8.278571428571425,1.519047619047619,1.59484126984127,0.3488095238095237,0.771031746031746,0.10515873015873001,0.05992063492063471,-0.15833333333333333,-0.4373015873015874,0.3412698412698416,0.05652523248936153,0.04453130753725995,0.09728801896956668,0.0234126984126984,0.023412698412698427,0.0234126984126984,-1.311111111111111,-3.5928571428571434,0.0
15,3.5724789915966397,10.91974789915966,2.106302521008404,1.0745798319327742,0.3086134453781515,0.4144957983193276,0.16953781512605026,-0.04579831932773093,-0.11617647058823521,-0.09285714285714286,0.3533613445378152,0.06232094262015797,0.006416975881261638,0.05518762458363308,0.020798319327731102,0.020798319327731143,0.020798319327731074,-0.32647058823529407,-0.1075630252100872,1.0
16,-6.115079365079364,-12.599927849927866,-2.41450216450216,-2.7813852813852815,-0.23124098124098136,-0.4776334776334772,-0.38744588744588726,-0.22546897546897582,-0.17316017316017315,-0.3318903318903319,-0.5999278499278502,-0.05561342367348854,-0.01730470807851761,-0.08223040287434236,-0.04112554112554111,-0.04112554112554115,-0.04112554112554112,-0.5591630591630592,0.16666666666666785,0.0
17,-2.3323529411764667,-0.21720142602494263,-1.9085264408793794,0.01954842543077895,-0.5132204396910278,-0.1187165775401069,0.283095662507427,-0.16090314913844317,-0.33618538324420677,-0.24468211527035078,-0.27798573975044616,-0.06638845177818387,0.059910388268231446,-0.03106620487190903,-0.01120023767082591,-0.011200237670825924,-0.01120023767082591,-0.8399286987522284,3.9640522875817013,1.0
18,6.852349121466766,27.89237012987016,4.538015660809775,3.0713521772345302,0.08710847975553859,0.8934110007639426,0.5126336898395722,0.14246562261268125,0.06183155080213909,0.12562070282658522,0.6108670741023683,0.07895345002740639,0.12762174566796416,0.16793347700385514,0.040804048892284187,0.04080404889228416,0.04080404889228416,0.08997326203208555,5.663025210084032,0.0
19,4.2511904761904695,9.565079365079384,0.7746031746031719,2.318253968253968,-0.2682539682539683,0.4801587301587298,0.4238095238095234,0.090873015873016,0.00952380952380949,-0.24841269841269864,0.3539682539682538,0.0016575533210870796,0.08344413192627481,0.041356533127366535,0.03253968253968252,0.03253968253968255,0.03253968253968252,-0.6595238095238094,-1.8055555555555554,0.0
20,6.2514430014430005,27.599927849927866,3.4549062049062016,3.4783549783549796,0.03679653679653694,0.5937950937950933,0.7258297258297257,0.14718614718614753,0.07720057720057727,0.07431457431457422,0.6277056277056274,0.03337588266923641,0.09741533818914773,0.09376490512854158,0.04365079365079366,0.04365079365079366,0.04365079365079366,0.008658008658008587,3.2222222222222214,1.0
21,6.115079365079364,12.599927849927866,2.41450216450216,2.7813852813852815,0.23124098124098136,0.4776334776334772,0.38744588744588726,0.22546897546897582,0.17316017316017315,0.3318903318903319,0.5999278499278502,0.05561342367348854,0.01730470807851761,0.08223040287434236,0.04112554112554111,0.04112554112554115,0.04112554112554112,0.5591630591630592,-0.16666666666666785,1.0
22,3.6222222222222236,13.079365079365104,0.5712698412698387,2.9655555555555564,0.10507936507936533,0.5284126984126982,0.7522222222222219,-0.039047619047618776,0.1985714285714286,0.22603174603174592,0.42555555555555546,-0.00737896450991693,0.07846743644362694,0.030785989143132075,0.02984126984126985,0.02984126984126985,0.02984126984126985,0.9273015873015873,7.444444444444445,1.0
23,1.8451143451143466,13.816441441441455,3.076143451143448,0.29799029799029864,0.13747401247401247,0.22981635481635543,0.2265246015246014,0.265072765072765,0.05968468468468463,0.16008316008316015,0.26533264033264037,0.04461883409251832,0.04758460383460386,0.04939044314044305,0.005717255717255704,0.005717255717255745,0.005717255717255704,-0.09060984060984063,5.6410256410256405,0.0
24,1.1126126126126117,7.465840840840855,0.1433933933933922,0.4504504504504512,-0.03378378378378366,0.11261261261261302,0.19331831831831803,-0.27252252252252296,-0.02702702702702703,-0.15728228228228236,-0.24324324324324342,0.004752709961043322,0.04032892470392474,-0.033864058864058966,0.009384384384384381,0.009384384384384409,0.009384384384384353,0.1764264264264264,10.08108108108108,1.0
25,4.275184275184277,23.545942332707057,3.7291154791154764,2.0300621477092076,-0.0655802861685214,0.5071542130365665,0.36141422170833937,0.037902876138170116,-0.13795346148287319,0.10223659488365378,0.023919641566700234,0.07470429571031173,0.07567209306848346,0.012889865831042291,0.02592498916028327,0.025924989160283296,0.025924989160283254,-0.14723948547477966,9.647058823529413,1.0
26,2.65160472972973,-3.4762668918918678,-2.2558277027027067,0.11081081081081123,-0.15988175675675664,0.2501689189189191,0.12972972972972951,-0.11858108108108123,-0.0955236486486487,-0.1752533783783783,-0.29788851351351364,-0.044256742694242734,0.028326362076362105,-0.05750416109791112,0.014611486486486469,0.014611486486486483,0.014611486486486455,-0.3043918918918919,6.4375,1.0
27,-1.1126126126126117,-7.465840840840855,-0.1433933933933922,-0.4504504504504512,0.03378378378378366,-0.11261261261261302,-0.19331831831831803,0.27252252252252296,0.02702702702702703,0.15728228228228236,0.24324324324324342,-0.004752709961043322,-0.04032892470392474,0.033864058864058966,-0.009384384384384381,-0.009384384384384409,-0.009384384384384353,-0.1764264264264264,-10.08108108108108,0.0
28,-0.5136018371312474,1.1790319731496481,0.6947535771065176,0.24924924924924952,0.013955131602190418,-0.17408585055643933,0.13690160748984304,0.24209503621268347,-0.09220985691573919,0.19802155096272767,0.21338986044868413,0.01314543471406221,0.024659759708779316,0.061948280085535046,-0.002473061296590723,-0.002473061296590723,-0.002473061296590709,-0.2725666843313903,-2.139904610492848,1.0
29,-1.1814939939939926,12.0832394894895,1.8657094594594579,0.5200825825825826,0.20411036036036034,0.011167417417417447,-0.13719969969969958,0.13935810810810856,-0.024399399399399446,0.11223723723723744,-0.023742492492492495,0.043277388589888555,-0.0008275185358518622,0.05550638206888214,-0.005536786786786804,-0.005536786786786804,-0.005536786786786763,-0.10304054054054052,-2.6435810810810816,1.0
30,1.1814939939939926,-12.0832394894895,-1.8657094594594579,-0.5200825825825826,-0.20411036036036034,-0.011167417417417447,0.13719969969969958,-0.13935810810810856,0.024399399399399446,-0.11223723723723744,0.023742492492492495,-0.043277388589888555,0.0008275185358518622,-0.05550638206888214,0.005536786786786804,0.005536786786786804,0.005536786786786763,0.10304054054054052,2.6435810810810816,0.0
31,2.2406393606393618,22.556203796203803,1.405321345321351,1.379067599067601,-0.06728604728604726,0.28625374625374644,0.3531535131535133,-0.004735264735264755,-0.10551448551448545,0.14401598401598403,0.00027306027306028824,0.013295115529381285,0.054125443339729046,0.05153371952722602,0.015031635031635016,0.01503163503163503,0.01503163503163503,0.08647352647352649,9.556043956043961,0.0
32,-3.45140933140933,4.177027417027418,-2.78607984607984,-0.4321212121212108,0.07956709956709951,-0.4811640211640209,0.1858393458393457,-0.1469264069264069,-0.18036556036556034,-0.06318422318422312,-0.44961038961038935,-0.008716382569917858,0.030460705533577076,-0.06574888563416703,-0.013458393458393461,-0.013458393458393475,-0.013458393458393475,-0.19324675324675317,6.898701298701301,1.0
33,3.278373015873015,-7.370634920634913,-0.30753968253968367,0.6817460317460311,-0.2968253968253969,0.017658730158730318,0.14107142857142851,0.19107142857142878,0.09484126984126989,0.16309523809523818,0.0658730158730152,-0.03009301985492463,-0.02811149333470761,0.03836346964323156,0.015079365079365067,0.015079365079365067,0.015079365079365095,0.13373015873015864,-4.038095238095239,0.0
34,3.7824999999999953,6.004285714285729,1.1702380952380995,1.437619047619048,-0.06571428571428584,0.0027380952380955392,0.09535714285714292,0.4129761904761904,0.12023809523809526,0.2640476190476191,0.23095238095238058,0.014525707097135687,-0.005141029935672781,0.061833822145797024,0.019523809523809485,0.0195238095238095,0.019523809523809527,-0.05738095238095234,-2.095238095238094,1.0
35,2.949074074074076,18.73533950617282,3.6199845679012306,0.95871913580247,0.29899691358024694,-0.08796296296296369,0.05092592592592582,0.2530864197530862,0.004629629629629706,0.18479938271604934,0.6026234567901234,0.04578352781477785,0.04019035983735059,0.06162431746922492,0.016203703703703706,0.016203703703703692,0.01620370370370368,-0.12731481481481488,-4.888888888888889,0.0
36,3.367424242424242,20.86805555555553,3.6530934343434325,1.4229166666666693,0.1995580808080808,-0.014393939393939181,0.21691919191919207,0.06313131313131315,0.15530303030303033,0.1263257575757576,0.5321969696969695,0.06147457077854801,0.015241577481160812,0.06288477761015637,0.021085858585858583,0.02108585858585857,0.021085858585858583,0.4369949494949493,-0.6590909090909096,1.0
37,0.0882716049382779,15.698456790123444,2.038271604938272,1.0669753086419727,-0.15401234567901212,0.24475308641975335,0.039506172839506304,0.07407407407407418,-0.25462962962962965,-0.11574074074074081,0.0222222222222217,0.02595055779449057,0.10569042582931473,0.10474881342936904,0.004629629629629636,0.004629629629629595,0.0046296296296296224,-0.8888888888888888,6.2333333333333325,0.0
38,-1.2349310094408104,8.107116920842401,0.3647421931735675,0.43936092955700623,0.03994190268700071,0.12890341321713894,-0.09840232389252002,0.11328976034858385,-0.02995642701525053,-0.10838779956427025,-0.12254901960784359,0.02349128025620123,0.07581064692992798,0.06865841281690954,-0.0027233115468409397,-0.0027233115468409674,-0.0027233115468409397,-0.5032679738562091,11.700980392156861,1.0
39,-0.7932098765432087,16.429012345678984,0.370370370370372,1.3919753086419746,0.20679012345679004,0.24382716049382713,0.2685185185185186,0.12654320987654333,-0.10185185185185186,-0.06481481481481488,-0.09259259259259278,0.023930756458204583,0.08123162845385068,0.06129092101314326,-0.0030864197530864335,-0.0030864197530864335,-0.0030864197530864196,-0.5864197530864197,15.305555555555554,1.0
40,-2.5483704292527847,-18.179531001589837,-4.777623211446743,0.025914149443559964,-0.11939586645469003,-0.47496025437201883,-0.010333863275039823,-0.01780604133545305,-0.1606518282988872,-0.11589825119236885,-0.06999205087440385,-0.11386933923698633,-0.02452987030192913,-0.07961194078841138,-0.017368839427662958,-0.01736883942766293,-0.017368839427662985,-0.5174880763116056,-5.341017488076313,0.0
41,-0.89108751608752,-2.8752359502359752,-1.5532067782067784,0.6856713856713839,0.10077220077220073,0.015422565422566148,0.1464821964821963,0.18037323037323016,-0.1411840411840412,-0.07934362934362926,0.06348133848133841,-0.022502803306374775,0.027486160015921912,-0.019993202850345726,-0.006724581724581735,-0.0067245817245817074,-0.006724581724581735,-0.8018018018018017,-2.192277992277993,0.0
42,-1.3428571428571416,6.311111111111103,0.16507936507936627,0.6603174603174606,0.1365079365079367,0.03492063492063524,-0.2126984126984126,0.1587301587301584,-0.10793650793650805,0.11428571428571432,0.17142857142857149,0.021464179559417595,0.0442907533383724,0.019228284942570617,-0.003174603174603191,-0.0031746031746031633,-0.003174603174603177,-0.30476190476190473,0.9142857142857173,1.0
43,0.7932098765432087,-16.429012345678984,-0.370370370370372,-1.3919753086419746,-0.20679012345679004,-0.24382716049382713,-0.2685185185185186,-0.12654320987654333,0.10185185185185186,0.06481481481481488,0.09259259259259278,-0.023930756458204583,-0.08123162845385068,-0.06129092101314326,0.0030864197530864335,0.0030864197530864335,0.0030864197530864196,0.5864197530864197,-15.305555555555554,0.0
44,3.7404684095860574,5.901143790849687,3.227214960058097,0.15686274509803866,0.020243282498184745,0.35566448801742956,-0.05319535221496019,-0.020606390704430044,0.16013071895424835,0.24482570806100212,0.2421023965141611,0.02352188472230443,-0.035963972483580325,0.08277974915616809,0.024055918663761833,0.02405591866376182,0.024055918663761777,0.8511256354393609,-2.1928104575163396,1.0
45,2.6018711018711045,13.66441441441441,3.0457380457380445,0.7878551628551609,0.2253118503118503,0.6791406791406791,0.3616597366597367,0.5015592515592514,0.4617117117117116,0.18373180873180872,0.501819126819127,0.09169285616654038,0.01513206200706202,0.14596843346843347,0.009095634095634103,0.009095634095634103,0.009095634095634103,0.2877685377685378,2.4248094248094283,0.0
46,5.132951132951138,19.048252798252804,2.8982050232050245,1.7274433524433501,0.08108108108108114,0.868243243243243,0.32319819819819817,0.4155064155064153,0.46549959049959044,0.08087633087633095,0.4754982254982254,0.08248606405709552,0.05521747813414481,0.17579754094905614,0.029006279006279,0.029006279006278987,0.029006279006279,0.26173901173901176,5.144894894894901,1.0
47,6.00269019019019,31.157469969969952,4.665040040040038,2.921046046046045,0.21071071071071057,1.0881506506506504,0.8324574574574575,0.24336836836836828,0.4894894894894894,0.2795295295295296,0.22065815815815837,0.1579483365941699,0.061571463654797015,0.18464228533672983,0.033846346346346354,0.03384634634634634,0.033846346346346326,1.0513013013013013,11.339339339339343,1.0
48,-4.033785332314743,-4.394919786096253,-0.997794117647059,-1.7525210084033604,0.13155080213903747,-0.32348166539343026,-0.16293926661573765,-0.25131779984721137,-0.07649923605805958,-0.2384358288770052,-0.051613827349121344,-0.009021166264768288,-0.03561322393971364,-0.012185013865686156,-0.02198242933537052,-0.021982429335370507,-0.02198242933537052,-0.12723453017570666,2.8941176470588186,0.0
49,5.981437679967092,15.378136569313028,2.5716868915398337,2.4373028931852456,0.036747566159330836,0.3035016454134103,0.49687200054847147,0.24892019744960914,0.05072501028383386,0.2692050596462361,0.26773104346633714,0.009417621291592959,0.03874830915272093,0.055209377669270754,0.031040038392979558,0.03104003839297957,0.03104003839297957,0.14201974496092143,-1.9095022624434348,0.0
50,4.25066844919786,11.301990493166969,2.386177956030897,1.1841948900772419,0.006833036244800916,0.11099970291146777,0.48191473559120634,0.2658199643493757,-0.043486333927510334,0.13944592988710636,0.1941102198455138,0.015602779161157099,0.05036201461112336,0.020277586676873682,0.024435531788472978,0.02443553178847295,0.024435531788472964,-0.3397207367795602,-4.3218954248365975,1.0
51,4.033785332314743,4.394919786096253,0.997794117647059,1.7525210084033604,-0.13155080213903747,0.32348166539343026,0.16293926661573765,0.25131779984721137,0.07649923605805958,0.2384358288770052,0.051613827349121344,0.009021166264768288,0.03561322393971364,0.012185013865686156,0.02198242933537052,0.021982429335370507,0.02198242933537052,0.12723453017570666,-2.8941176470588186,1.0
52,0.4814133986928084,-5.510825163398707,-0.389705882352942,0.0639297385620905,0.06617647058823528,-0.21160130718954218,0.13848039215686292,-0.004697712418300748,0.22324346405228757,0.15175653594771232,-0.3361928104575167,-0.024599598159647185,-0.031042760117515,-0.020806823441627376,0.002655228758169953,0.002655228758169925,0.002655228758169925,0.7593954248366013,-2.3253676470588207,1.0
53,-0.4750750750750754,12.099549549549565,0.5385135135135108,0.8891891891891905,0.02920420420420411,0.050900900900899604,0.04309309309309284,-0.2572822822822822,-0.19001501501501505,-0.1954954954954956,-0.1581831831831828,0.020690927872300424,0.04609776297276297,0.032222200972201076,0.0003412056858456691,0.0005732567717637582,0.006587479378796918,-0.25645645645645654,-1.2353603603603602,0.0
54,-3.7404684095860574,-5.901143790849687,-3.227214960058097,-0.15686274509803866,-0.020243282498184745,-0.35566448801742956,0.05319535221496019,0.020606390704430044,-0.16013071895424835,-0.24482570806100212,-0.2421023965141611,-0.02352188472230443,0.035963972483580325,-0.08277974915616809,-0.024055918663761833,-0.02405591866376182,-0.024055918663761777,-0.8511256354393609,2.1928104575163396,0.0
55,-0.770726495726489,0.38333333333332575,1.3455128205128197,-0.6683760683760678,0.2775641025641027,-0.07799145299145271,0.027350427350427475,0.2433760683760685,0.09166666666666667,0.407905982905983,0.3732905982905983,-0.012849416259503976,-0.024942850359517044,0.042564869544036155,-0.011324786324786312,-0.011324786324786298,-0.011324786324786298,0.5123931623931622,2.8910256410256405,1.0
56,3.1173853923853994,13.810489510489504,2.090559440559442,1.4435120435120448,0.22890442890442908,0.28593628593628595,0.3472804972804975,0.1682012432012434,0.04067599067599076,0.4070318570318572,0.22614607614607585,0.01637456110005492,-0.0014296737213403965,0.07977200163753195,0.015190365190365193,0.015190365190365207,0.015190365190365207,0.5590132090132088,5.634615384615386,1.0
57,-4.2511904761904695,-9.565079365079384,-0.7746031746031719,-2.318253968253968,0.2682539682539683,-0.4801587301587298,-0.4238095238095234,-0.090873015873016,-0.00952380952380949,0.24841269841269864,-0.3539682539682538,-0.0016575533210870796,-0.08344413192627481,-0.041356533127366535,-0.03253968253968252,-0.03253968253968255,-0.03253968253968252,0.6595238095238094,1.8055555555555554,1.0
58,0.29226726726727037,8.92972972972973,0.6869369369369345,0.3984984984984985,0.14684684684684723,-0.02132132132132103,0.22447447447447466,-0.1987237237237236,0.021171171171171177,0.22417417417417418,0.05660660660660621,-0.009137896396668288,0.00041414812248141697,0.008389639118805803,0.002552552552552559,0.0025525525525525866,0.002552552552552545,0.8881381381381381,5.790540540540542,1.0
59,-4.346825396825391,-8.278571428571425,-1.519047619047619,-1.59484126984127,-0.3488095238095237,-0.771031746031746,-0.10515873015873001,-0.05992063492063471,0.15833333333333333,0.4373015873015874,-0.3412698412698416,-0.05652523248936153,-0.04453130753725995,-0.09728801896956668,-0.0234126984126984,-0.023412698412698427,-0.0234126984126984,1.311111111111111,3.5928571428571434,1.0
60,-1.6834084084084004,14.182882882882893,-0.1698198198198213,0.47807807807807823,0.22642642642642652,-0.21021021021021102,0.27642642642642623,-0.3572822822822821,-0.07612612612612618,0.2767267267267267,-0.3665165165165163,0.011774165765393863,-0.0062520785437452375,0.003567703463536853,-0.010660660660660667,-0.01066066066066064,-0.010660660660660654,1.1157657657657656,12.222972972972974,1.0
61,-3.221139971139962,-0.032647907647913144,0.4872294372294377,-1.3914502164502185,-0.39462481962481943,-0.4025613275613278,-0.2656565656565657,-0.10692640692640687,-0.3244949494949495,-0.3147546897546898,-0.22344877344877379,-0.0065720872267779895,-0.0008268539220920024,-0.006904359969836071,-0.016702741702741705,-0.01670274170274172,-0.01670274170274169,-1.0646464646464646,-4.307142857142856,0.0
62,-3.8248436748436667,1.204080487413819,0.14957511624178288,-1.5139810806477474,-0.06160012826679495,-0.6627465127465135,0.01582491582491552,0.007271123937790724,-0.18097643097643096,-0.0848164181497515,-0.12221420554753903,-0.020936557430063896,-0.021367612888776893,-0.03258839387146256,-0.021332371332371328,-0.021332371332371314,-0.021332371332371328,-0.5461279461279461,-2.929365079365078,1.0
63,-2.4072510822510793,-5.2132034632034845,-0.6016594516594491,-0.927561327561329,-0.13073593073593082,-0.4886724386724386,-0.08232323232323235,-0.14581529581529584,0.05050505050505047,0.0019119769119768648,-0.30955988455988503,0.0033268489166757287,0.0031780146661098962,-0.01972760925141881,-0.013924963924963937,-0.01392496392496391,-0.013924963924963923,0.3964646464646465,0.3761904761904775,1.0
64,-6.852349121466766,-27.89237012987016,-4.538015660809775,-3.0713521772345302,-0.08710847975553859,-0.8934110007639426,-0.5126336898395722,-0.14246562261268125,-0.06183155080213909,-0.12562070282658522,-0.6108670741023683,-0.07895345002740639,-0.12762174566796416,-0.16793347700385514,-0.040804048892284187,-0.04080404889228416,-0.04080404889228416,-0.08997326203208555,-5.663025210084032,1.0
65,3.775252525252526,20.69163860830527,3.2833894500561165,2.0409652076318743,0.24270482603815968,0.4438832772166108,0.677328843995511,0.3257575757575759,0.3170594837261505,0.24803591470258146,0.4694163860830527,0.08237100008366605,0.05540778665778666,0.07989694866799246,0.02160493827160495,0.021604938271604923,0.02160493827160495,0.4786756453423118,1.8888888888888857,0.0
66,1.8231746031746034,-1.2232098765432085,0.9197530864197532,0.731022927689593,0.08813051146384487,0.26135802469135827,0.42372134038800713,0.34809523809523846,0.3527160493827161,0.33689594356261043,0.16726631393298064,0.019335871094819157,-0.017829111805302278,0.014851757687736555,0.010652557319223974,0.010652557319223974,0.010652557319223988,0.6830335097001761,-1.203174603174606,1.0
67,3.8248436748436667,-1.204080487413819,-0.14957511624178288,1.5139810806477474,0.06160012826679495,0.6627465127465135,-0.01582491582491552,-0.007271123937790724,0.18097643097643096,0.0848164181497515,0.12221420554753903,0.020936557430063896,0.021367612888776893,0.03258839387146256,0.021332371332371328,0.021332371332371314,0.021332371332371328,0.5461279461279461,2.929365079365078,0.0
68,-2.949074074074076,-18.73533950617282,-3.6199845679012306,-0.95871913580247,-0.29899691358024694,0.08796296296296369,-0.05092592592592582,-0.2530864197530862,-0.004629629629629706,-0.18479938271604934,-0.6026234567901234,-0.04578352781477785,-0.04019035983735059,-0.06162431746922492,-0.016203703703703706,-0.016203703703703692,-0.01620370370370368,0.12731481481481488,4.888888888888889,1.0
69,2.8248436748436703,-11.804080487413842,-1.856068622735286,1.2204745871412532,0.1447170113836781,0.5900192400192406,-0.16127946127946124,0.1355860189193523,0.3446127946127946,0.1367644700978034,-0.054409171075837426,0.014769225483511117,-0.06394778599805057,0.01829201564651295,0.013540163540163533,0.013540163540163519,0.013540163540163533,0.6915824915824915,4.615079365079365,1.0
70,0.770726495726489,-0.38333333333332575,-1.3455128205128197,0.6683760683760678,-0.2775641025641027,0.07799145299145271,-0.027350427350427475,-0.2433760683760685,-0.09166666666666667,-0.407905982905983,-0.3732905982905983,0.012849416259503976,0.024942850359517044,-0.042564869544036155,0.011324786324786312,0.011324786324786298,0.011324786324786298,-0.5123931623931622,-2.8910256410256405,0.0
71,-0.0209401709401682,6.213888888888903,0.1544871794871785,0.6044871794871778,-0.34145299145299113,0.06965811965811941,-0.03290598290598279,-0.2628205128205129,-0.3055555555555555,-0.26068376068376065,-0.3399572649572653,0.018328056568188145,0.023700335158668512,-0.009008082966416198,0.008547008547008544,0.008547008547008503,0.00854700854700853,-0.6068376068376069,0.5089743589743598,1.0
72,-1.8451143451143466,-13.816441441441455,-3.076143451143448,-0.29799029799029864,-0.13747401247401247,-0.22981635481635543,-0.2265246015246014,-0.265072765072765,-0.05968468468468463,-0.16008316008316015,-0.26533264033264037,-0.04461883409251832,-0.04758460383460386,-0.04939044314044305,-0.005717255717255704,-0.005717255717255745,-0.005717255717255704,0.09060984060984063,-5.6410256410256405,1.0
73,-2.6018711018711045,-13.66441441441441,-3.0457380457380445,-0.7878551628551609,-0.2253118503118503,-0.6791406791406791,-0.3616597366597367,-0.5015592515592514,-0.4617117117117116,-0.18373180873180872,-0.501819126819127,-0.09169285616654038,-0.01513206200706202,-0.14596843346843347,-0.009095634095634103,-0.009095634095634103,-0.009095634095634103,-0.2877685377685378,-2.4248094248094283,1.0
74,2.341686091686089,3.707070707070713,-0.5086441336441325,0.9193861693861702,-0.20231157731157734,0.5199106449106443,0.12062937062937062,-0.07847707847707841,0.034090909090909116,-0.421037296037296,-0.4556138306138309,0.007069168353059929,0.006536540059267348,0.005606633826330865,0.019910644910644898,0.019910644910644884,0.019910644910644898,-0.6169386169386171,-1.474358974358978,1.0
75,-2.2820512820512846,-0.37857142857141923,-1.0859890109890102,-0.38876678876678916,-0.052167277167277204,-0.37915140415140414,-0.17417582417582445,-0.18504273504273516,0.04404761904761906,0.04368131868131875,-0.2994810744810745,0.014115017825857445,-0.024288633544585908,-0.07445005391433956,-0.0021672771672771735,-0.002167277167277201,-0.0021672771672771735,0.5455433455433456,2.2732600732600723,1.0
76,-6.2514430014430005,-27.599927849927866,-3.4549062049062016,-3.4783549783549796,-0.03679653679653694,-0.5937950937950933,-0.7258297258297257,-0.14718614718614753,-0.07720057720057727,-0.07431457431457422,-0.6277056277056274,-0.03337588266923641,-0.09741533818914773,-0.09376490512854158,-0.04365079365079366,-0.04365079365079366,-0.04365079365079366,-0.008658008658008587,-3.2222222222222214,0.0
77,-3.775252525252526,-20.69163860830527,-3.2833894500561165,-2.0409652076318743,-0.24270482603815968,-0.4438832772166108,-0.677328843995511,-0.3257575757575759,-0.3170594837261505,-0.24803591470258146,-0.4694163860830527,-0.08237100008366605,-0.05540778665778666,-0.07989694866799246,-0.02160493827160495,-0.021604938271604923,-0.02160493827160495,-0.4786756453423118,-1.8888888888888857,1.0
78,-2.736363636363638,-22.602495543672006,-3.710695187165779,-1.2185977421271552,0.08122400475341651,-0.14958407605466406,-0.23764111705288204,-0.2855614973262033,-0.004931669637552039,0.02759952465834814,-0.3616458704693999,-0.08912861137014433,-0.06770719567288193,-0.06147484769142525,-0.013725490196078466,-0.01372549019607841,-0.013725490196078452,0.6164587046939989,-0.9542483660130685,1.0
79,-1.4186554621848728,1.2879144385026962,1.6604278074866308,-0.7910771581359821,-0.06574484339190267,-0.17999999999999972,-0.13789152024446127,0.07581359816653976,0.04085561497326207,0.029442322383498865,0.11511077158135952,0.008704477298442148,-0.040088950731807876,-0.0021156319277021995,-0.006050420168067228,-0.006050420168067228,-0.006050420168067228,-0.011031321619557055,1.7445378151260513,0.0
80,-4.275184275184277,-23.545942332707057,-3.7291154791154764,-2.0300621477092076,0.0655802861685214,-0.5071542130365665,-0.36141422170833937,-0.037902876138170116,0.13795346148287319,-0.10223659488365378,-0.023919641566700234,-0.07470429571031173,-0.07567209306848346,-0.012889865831042291,-0.02592498916028327,-0.025924989160283296,-0.025924989160283254,0.14723948547477966,-9.647058823529413,0.0
81,-7.23831168831169,-17.952119938884636,-3.981818181818179,-3.144251336898395,-0.009033613445377897,-0.9453781512605044,-0.6888273491214669,-0.14398395721925117,0.05716195569136734,-0.3163292589763179,-0.28743315508021383,-0.09825874933041656,-0.07052909524691417,-0.05264025540286049,-0.03586707410236821,-0.03586707410236824,-0.03586707410236821,-0.23036669213139802,0.7243697478991598,1.0
82,-4.25066844919786,-11.301990493166969,-2.386177956030897,-1.1841948900772419,-0.006833036244800916,-0.11099970291146777,-0.48191473559120634,-0.2658199643493757,0.043486333927510334,-0.13944592988710636,-0.1941102198455138,-0.015602779161157099,-0.05036201461112336,-0.020277586676873682,-0.024435531788472978,-0.02443553178847295,-0.024435531788472964,0.3397207367795602,4.3218954248365975,0.0
83,-4.1060606060606055,-14.742279942279964,-2.8201298701298736,-0.2634199134199138,-0.12914862914862935,-0.49343434343434334,-0.3489898989898992,-0.031529581529581074,-0.017099567099567115,0.12034632034632031,-0.002525252525252375,-0.05099002555155463,-0.0986294234265013,-0.00034067744024457447,-0.0220779220779221,-0.022077922077922044,-0.018903318903318922,0.26955266955266943,0.6849206349206334,1.0
84,-3.5724789915966397,-10.91974789915966,-2.106302521008404,-1.0745798319327742,-0.3086134453781515,-0.4144957983193276,-0.16953781512605026,0.04579831932773093,0.11617647058823521,0.09285714285714286,-0.3533613445378152,-0.06232094262015797,-0.006416975881261638,-0.05518762458363308,-0.020798319327731102,-0.020798319327731143,-0.020798319327731074,0.32647058823529407,0.1075630252100872,0.0
85,0.15069444444444713,9.106597222222234,1.1270833333333314,-0.06458333333333499,-0.6003472222222219,-0.019444444444444375,-0.16111111111111098,-0.044791666666666785,-0.3034722222222222,-0.28159722222222217,0.04513888888888862,0.03948060985067564,0.07983109675818009,0.04569143770966688,-0.000347222222222221,-0.00034722222222224874,-0.000347222222222221,-1.0805555555555557,-3.9437499999999996,0.0
86,-3.7824999999999953,-6.004285714285729,-1.1702380952380995,-1.437619047619048,0.06571428571428584,-0.0027380952380955392,-0.09535714285714292,-0.4129761904761904,-0.12023809523809526,-0.2640476190476191,-0.23095238095238058,-0.014525707097135687,0.005141029935672781,-0.061833822145797024,-0.019523809523809485,-0.0195238095238095,-0.019523809523809527,0.05738095238095234,2.095238095238094,0.0
87,0.259999999999998,-3.7714285714285722,-0.5485714285714298,0.008571428571428896,0.29714285714285715,0.2228571428571433,-0.10285714285714298,0.2857142857142858,0.22857142857142876,-0.16571428571428581,-0.22857142857142865,-0.02338389388389389,-0.011344155844155823,-0.015710265924551603,0.0028571428571428775,0.0028571428571428636,0.0028571428571428636,-0.4457142857142858,-4.257142857142859,0.0
88,-5.132951132951138,-19.048252798252804,-2.8982050232050245,-1.7274433524433501,-0.08108108108108114,-0.868243243243243,-0.32319819819819817,-0.4155064155064153,-0.46549959049959044,-0.08087633087633095,-0.4754982254982254,-0.08248606405709552,-0.05521747813414481,-0.17579754094905614,-0.029006279006279,-0.029006279006278987,-0.029006279006279,-0.26173901173901176,-5.144894894894901,0.0
89,-4.95365418894831,-7.34298871063578,-2.9662804515745744,-0.7241532976827099,-0.0032679738562091387,-0.5098039215686274,0.09967320261437917,-0.6310160427807491,-0.07813428401663702,-0.13740344622697565,-0.7852049910873438,0.0023739565187554934,-0.04602956502466306,-0.14184838359303598,-0.021984551396316096,-0.021984551396316096,-0.021984551396316124,0.830956625074272,4.697712418300651,1.0
90,1.6834084084084004,-14.182882882882893,0.1698198198198213,-0.47807807807807823,-0.22642642642642652,0.21021021021021102,-0.27642642642642623,0.3572822822822821,0.07612612612612618,-0.2767267267267267,0.3665165165165163,-0.011774165765393863,0.0062520785437452375,-0.003567703463536853,0.010660660660660667,0.01066066066066064,0.010660660660660654,-1.1157657657657656,-12.222972972972974,0.0
91,0.4750750750750754,-12.099549549549565,-0.5385135135135108,-0.8891891891891905,-0.02920420420420411,-0.050900900900899604,-0.04309309309309284,0.2572822822822822,0.19001501501501505,0.1954954954954956,0.1581831831831828,-0.020690927872300424,-0.04609776297276297,-0.032222200972201076,-0.0003412056858456691,-0.0005732567717637582,-0.006587479378796918,0.25645645645645654,1.2353603603603602,1.0
92,6.287568360677611,20.456902761104445,3.37919167667067,3.015072695744963,0.31918100573562747,1.0014405762304923,0.4673069227691078,0.5215286114445776,0.17030812324929973,0.054008269974656464,0.2777911164465785,0.07863172832310494,0.009527928535531582,0.1330453670904852,0.03420034680538883,0.03420034680538879,0.03420034680538882,-0.5944244364412432,2.874789915966387,0.0
93,-2.65160472972973,3.4762668918918678,2.2558277027027067,-0.11081081081081123,0.15988175675675664,-0.2501689189189191,-0.12972972972972951,0.11858108108108123,0.0955236486486487,0.1752533783783783,0.29788851351351364,0.044256742694242734,-0.028326362076362105,0.05750416109791112,-0.014611486486486469,-0.014611486486486483,-0.014611486486486455,0.3043918918918919,-6.4375,0.0
94,1.3428571428571416,-6.311111111111103,-0.16507936507936627,-0.6603174603174606,-0.1365079365079367,-0.03492063492063524,0.2126984126984126,-0.1587301587301584,0.10793650793650805,-0.11428571428571432,-0.17142857142857149,-0.021464179559417595,-0.0442907533383724,-0.019228284942570617,0.003174603174603191,0.0031746031746031633,0.003174603174603177,0.30476190476190473,-0.9142857142857173,0.0
95,6.013631638631642,24.284138159138166,4.419163044163046,2.126094626094628,0.10908460908460915,0.7086089586089581,0.40794115794115804,0.13584388584388596,0.10328860328860334,0.149073899073899,0.2634583884583883,0.07771802782729353,0.05634991572491574,0.11748365612001976,0.03223240723240722,0.03223240723240724,0.03223240723240725,0.233037233037233,2.5197505197505228,0.0
96,1.5260081510081562,3.253013728013741,1.496063921063918,0.2254397254397258,0.01668811668811676,0.19727584727584668,0.09478764478764456,-0.18989703989703965,0.04912054912054914,0.0412483912483913,-0.019036894036894347,0.03227193188502708,-0.00887567878639306,-0.005687183782421945,0.009899184899184912,0.009899184899184885,0.009899184899184926,0.5605319605319604,1.3637065637065646,1.0
97,0.89108751608752,2.8752359502359752,1.5532067782067784,-0.6856713856713839,-0.10077220077220073,-0.015422565422566148,-0.1464821964821963,-0.18037323037323016,0.1411840411840412,0.07934362934362926,-0.06348133848133841,0.022502803306374775,-0.027486160015921912,0.019993202850345726,0.006724581724581735,0.0067245817245817074,0.006724581724581735,0.8018018018018017,2.192277992277993,1.0
98,2.5483704292527847,18.179531001589837,4.777623211446743,-0.025914149443559964,0.11939586645469003,0.47496025437201883,0.010333863275039823,0.01780604133545305,0.1606518282988872,0.11589825119236885,0.06999205087440385,0.11386933923698633,0.02452987030192913,0.07961194078841138,0.017368839427662958,0.01736883942766293,0.017368839427662985,0.5174880763116056,5.341017488076313,1.0
99,-1.2338439542483641,-2.719485294117618,0.6283496732026137,-0.23611111111111072,-0.044321895424836555,-0.2428921568627458,-0.08075980392156845,-0.08059640522875844,-0.20496323529411753,-0.0808823529411764,0.14928513071895422,-0.042864836575008114,0.0024325070127766135,0.05255718710528762,-0.007700163398692797,-0.007700163398692811,-0.007700163398692839,-0.410498366013072,-3.2775735294117663,0.0
100,1.8639844389844349,1.9554873054872957,-0.3304873054873063,0.6676904176904177,0.06275593775593802,0.5001433251433252,0.09922194922194905,-0.02397624897624895,0.20223177723177715,-0.0695126945126947,0.3371621621621619,-0.0026018968682738897,-0.0391347597597598,0.0045631986541077585,0.02932022932022932,0.029320229320229346,0.02932022932022929,0.31339066339066346,1.7829647829647843,0.0
101,-0.29226726726727037,-8.92972972972973,-0.6869369369369345,-0.3984984984984985,-0.14684684684684723,0.02132132132132103,-0.22447447447447466,0.1987237237237236,-0.021171171171171177,-0.22417417417417418,-0.05660660660660621,0.009137896396668288,-0.00041414812248141697,-0.008389639118805803,-0.002552552552552559,-0.0025525525525525866,-0.002552552552552545,-0.8881381381381381,-5.790540540540542,0.0
102,-0.5126640926640889,-3.026872586872585,-0.3131274131274093,0.0059459459459469954,0.2693436293436292,0.06671814671814635,-0.02463320463320473,0.2945173745173748,0.06501930501930514,0.06741312741312744,-0.09073359073359044,0.007270859878002689,-0.027650155721584246,-0.014987806273520532,-0.0023938223938223813,-0.002393822393822409,-0.0023938223938223813,-0.3241698841698843,-2.5119691119691154,1.0
103,-1.8639844389844349,-1.9554873054872957,0.3304873054873063,-0.6676904176904177,-0.06275593775593802,-0.5001433251433252,-0.09922194922194905,0.02397624897624895,-0.20223177723177715,0.0695126945126947,-0.3371621621621619,0.0026018968682738897,0.0391347597597598,-0.0045631986541077585,-0.02932022932022932,-0.029320229320229346,-0.02932022932022929,-0.31339066339066346,-1.7829647829647843,1.0
104,-2.8248436748436703,11.804080487413842,1.856068622735286,-1.2204745871412532,-0.1447170113836781,-0.5900192400192406,0.16127946127946124,-0.1355860189193523,-0.3446127946127946,-0.1367644700978034,0.054409171075837426,-0.014769225483511117,0.06394778599805057,-0.01829201564651295,-0.013540163540163533,-0.013540163540163519,-0.013540163540163533,-0.6915824915824915,-4.615079365079365,0.0
105,4.124708624708626,30.74988344988344,4.770862470862468,1.3475524475524479,0.2198135198135196,0.1990675990675992,0.5326340326340329,0.04825174825174838,0.03916083916083912,0.05804195804195811,0.2862470862470863,0.08730510553937126,0.015958948458948463,0.12349013780831974,0.017715617715617693,0.017715617715617735,0.01771561771561772,0.09790209790209789,6.111888111888109,0.0
106,0.5126640926640889,3.026872586872585,0.3131274131274093,-0.0059459459459469954,-0.2693436293436292,-0.06671814671814635,0.02463320463320473,-0.2945173745173748,-0.06501930501930514,-0.06741312741312744,0.09073359073359044,-0.007270859878002689,0.027650155721584246,0.014987806273520532,0.0023938223938223813,0.002393822393822409,0.0023938223938223813,0.3241698841698843,2.5119691119691154,0.0
107,-0.259999999999998,3.7714285714285722,0.5485714285714298,-0.008571428571428896,-0.29714285714285715,-0.2228571428571433,0.10285714285714298,-0.2857142857142858,-0.22857142857142876,0.16571428571428581,0.22857142857142865,0.02338389388389389,0.011344155844155823,0.015710265924551603,-0.0028571428571428775,-0.0028571428571428636,-0.0028571428571428636,0.4457142857142858,4.257142857142859,1.0
108,-1.8231746031746034,1.2232098765432085,-0.9197530864197532,-0.731022927689593,-0.08813051146384487,-0.26135802469135827,-0.42372134038800713,-0.34809523809523846,-0.3527160493827161,-0.33689594356261043,-0.16726631393298064,-0.019335871094819157,0.017829111805302278,-0.014851757687736555,-0.010652557319223974,-0.010652557319223974,-0.010652557319223988,-0.6830335097001761,1.203174603174606,0.0
109,1.4186554621848728,-1.2879144385026962,-1.6604278074866308,0.7910771581359821,0.06574484339190267,0.17999999999999972,0.13789152024446127,-0.07581359816653976,-0.04085561497326207,-0.029442322383498865,-0.11511077158135952,-0.008704477298442148,0.040088950731807876,0.0021156319277021995,0.006050420168067228,0.006050420168067228,0.006050420168067228,0.011031321619557055,-1.7445378151260513,1.0
110,0.5136018371312474,-1.1790319731496481,-0.6947535771065176,-0.24924924924924952,-0.013955131602190418,0.17408585055643933,-0.13690160748984304,-0.24209503621268347,0.09220985691573919,-0.19802155096272767,-0.21338986044868413,-0.01314543471406221,-0.024659759708779316,-0.061948280085535046,0.002473061296590723,0.002473061296590723,0.002473061296590709,0.2725666843313903,2.139904610492848,0.0
111,1.2338439542483641,2.719485294117618,-0.6283496732026137,0.23611111111111072,0.044321895424836555,0.2428921568627458,0.08075980392156845,0.08059640522875844,0.20496323529411753,0.0808823529411764,-0.14928513071895422,0.042864836575008114,-0.0024325070127766135,-0.05255718710528762,0.007700163398692797,0.007700163398692811,0.007700163398692839,0.410498366013072,3.2775735294117663,1.0
112,2.2820512820512846,0.37857142857141923,1.0859890109890102,0.38876678876678916,0.052167277167277204,0.37915140415140414,0.17417582417582445,0.18504273504273516,-0.04404761904761906,-0.04368131868131875,0.2994810744810745,-0.014115017825857445,0.024288633544585908,0.07445005391433956,0.0021672771672771735,0.002167277167277201,0.0021672771672771735,-0.5455433455433456,-2.2732600732600723,0.0
113,3.45140933140933,-4.177027417027418,2.78607984607984,0.4321212121212108,-0.07956709956709951,0.4811640211640209,-0.1858393458393457,0.1469264069264069,0.18036556036556034,0.06318422318422312,0.44961038961038935,0.008716382569917858,-0.030460705533577076,0.06574888563416703,0.013458393458393461,0.013458393458393475,0.013458393458393475,0.19324675324675317,-6.898701298701301,0.0
114,0.0209401709401682,-6.213888888888903,-0.1544871794871785,-0.6044871794871778,0.34145299145299113,-0.06965811965811941,0.03290598290598279,0.2628205128205129,0.3055555555555555,0.26068376068376065,0.3399572649572653,-0.018328056568188145,-0.023700335158668512,0.009008082966416198,-0.008547008547008544,-0.008547008547008503,-0.00854700854700853,0.6068376068376069,-0.5089743589743598,0.0
115,3.221139971139962,0.032647907647913144,-0.4872294372294377,1.3914502164502185,0.39462481962481943,0.4025613275613278,0.2656565656565657,0.10692640692640687,0.3244949494949495,0.3147546897546898,0.22344877344877379,0.0065720872267779895,0.0008268539220920024,0.006904359969836071,0.016702741702741705,0.01670274170274172,0.01670274170274169,1.0646464646464646,4.307142857142856,1.0
116,-0.0882716049382779,-15.698456790123444,-2.038271604938272,-1.0669753086419727,0.15401234567901212,-0.24475308641975335,-0.039506172839506304,-0.07407407407407418,0.25462962962962965,0.11574074074074081,-0.0222222222222217,-0.02595055779449057,-0.10569042582931473,-0.10474881342936904,-0.004629629629629636,-0.004629629629629595,-0.0046296296296296224,0.8888888888888888,-6.2333333333333325,1.0
117,-0.9345117845117876,0.12028619528616957,-0.8904040404040394,-0.007491582491581106,0.24099326599326565,-0.37550505050505034,-0.05353535353535355,-0.08585858585858586,0.10900673400673405,0.2647306397306397,-0.04831649831649809,0.010231362101993768,0.022483539655256818,0.00814084087442668,-0.007154882154882178,-0.007154882154882122,-0.007154882154882164,0.9191919191919193,6.880303030303031,1.0
118,-0.15069444444444713,-9.106597222222234,-1.1270833333333314,0.06458333333333499,0.6003472222222219,0.019444444444444375,0.16111111111111098,0.044791666666666785,0.3034722222222222,0.28159722222222217,-0.04513888888888862,-0.03948060985067564,-0.07983109675818009,-0.04569143770966688,0.000347222222222221,0.00034722222222224874,0.000347222222222221,1.0805555555555557,3.9437499999999996,1.0
119,1.2349310094408104,-8.107116920842401,-0.3647421931735675,-0.43936092955700623,-0.03994190268700071,-0.12890341321713894,0.09840232389252002,-0.11328976034858385,0.02995642701525053,0.10838779956427025,0.12254901960784359,-0.02349128025620123,-0.07581064692992798,-0.06865841281690954,0.0027233115468409397,0.0027233115468409674,0.0027233115468409397,0.5032679738562091,-11.700980392156861,0.0
120,-6.287568360677611,-20.456902761104445,-3.37919167667067,-3.015072695744963,-0.31918100573562747,-1.0014405762304923,-0.4673069227691078,-0.5215286114445776,-0.17030812324929973,-0.054008269974656464,-0.2777911164465785,-0.07863172832310494,-0.009527928535531582,-0.1330453670904852,-0.03420034680538883,-0.03420034680538879,-0.03420034680538882,0.5944244364412432,-2.874789915966387,1.0
121,7.23831168831169,17.952119938884636,3.981818181818179,3.144251336898395,0.009033613445377897,0.9453781512605044,0.6888273491214669,0.14398395721925117,-0.05716195569136734,0.3163292589763179,0.28743315508021383,0.09825874933041656,0.07052909524691417,0.05264025540286049,0.03586707410236821,0.03586707410236824,0.03586707410236821,0.23036669213139802,-0.7243697478991598,0.0
122,-1.1914959114959132,1.79179413179412,0.45864357864357963,-0.0043963443963459525,0.046628186628186574,0.022193362193362542,0.07821067821067818,0.07604617604617614,0.07464165464165479,0.12036556036556034,0.0020009620009620033,0.019217612641345805,0.05394404916338538,0.07113026172694281,-0.007234247234247232,-0.007234247234247232,-0.0072342472342472736,0.23792207792207803,5.45887445887446,0.0
123,2.736363636363638,22.602495543672006,3.710695187165779,1.2185977421271552,-0.08122400475341651,0.14958407605466406,0.23764111705288204,0.2855614973262033,0.004931669637552039,-0.02759952465834814,0.3616458704693999,0.08912861137014433,0.06770719567288193,0.06147484769142525,0.013725490196078466,0.01372549019607841,0.013725490196078452,-0.6164587046939989,0.9542483660130685,0.0
124,-2.341686091686089,-3.707070707070713,0.5086441336441325,-0.9193861693861702,0.20231157731157734,-0.5199106449106443,-0.12062937062937062,0.07847707847707841,-0.034090909090909116,0.421037296037296,0.4556138306138309,-0.007069168353059929,-0.006536540059267348,-0.005606633826330865,-0.019910644910644898,-0.019910644910644884,-0.019910644910644898,0.6169386169386171,1.474358974358978,0.0
125,-0.6595500459136829,-6.24219467401285,-1.2998163452708962,0.23255280073461826,0.07460973370064305,-0.40243342516069713,-0.05371900826446274,-0.185720844811754,-0.2465564738292011,0.3767217630853994,0.13957759412304882,0.009520718861283584,-0.015117363696909164,-0.008242930419239014,-0.002295684113865895,-0.002295684113865909,-0.0022956841138659367,0.6317722681359046,1.4090909090909136,1.0
126,4.95365418894831,7.34298871063578,2.9662804515745744,0.7241532976827099,0.0032679738562091387,0.5098039215686274,-0.09967320261437917,0.6310160427807491,0.07813428401663702,0.13740344622697565,0.7852049910873438,-0.0023739565187554934,0.04602956502466306,0.14184838359303598,0.021984551396316096,0.021984551396316096,0.021984551396316124,-0.830956625074272,-4.697712418300651,0.0
127,-6.00269019019019,-31.157469969969952,-4.665040040040038,-2.921046046046045,-0.21071071071071057,-1.0881506506506504,-0.8324574574574575,-0.24336836836836828,-0.4894894894894894,-0.2795295295295296,-0.22065815815815837,-0.1579483365941699,-0.061571463654797015,-0.18464228533672983,-0.033846346346346354,-0.03384634634634634,-0.033846346346346326,-1.0513013013013013,-11.339339339339343,0.0
128,-3.1173853923853994,-13.810489510489504,-2.090559440559442,-1.4435120435120448,-0.22890442890442908,-0.28593628593628595,-0.3472804972804975,-0.1682012432012434,-0.04067599067599076,-0.4070318570318572,-0.22614607614607585,-0.01637456110005492,0.0014296737213403965,-0.07977200163753195,-0.015190365190365193,-0.015190365190365207,-0.015190365190365207,-0.5590132090132088,-5.634615384615386,0.0
129,-6.013631638631642,-24.284138159138166,-4.419163044163046,-2.126094626094628,-0.10908460908460915,-0.7086089586089581,-0.40794115794115804,-0.13584388584388596,-0.10328860328860334,-0.149073899073899,-0.2634583884583883,-0.07771802782729353,-0.05634991572491574,-0.11748365612001976,-0.03223240723240722,-0.03223240723240724,-0.03223240723240725,-0.233037233037233,-2.5197505197505228,1.0
130,-5.981437679967092,-15.378136569313028,-2.5716868915398337,-2.4373028931852456,-0.036747566159330836,-0.3035016454134103,-0.49687200054847147,-0.24892019744960914,-0.05072501028383386,-0.2692050596462361,-0.26773104346633714,-0.009417621291592959,-0.03874830915272093,-0.055209377669270754,-0.031040038392979558,-0.03104003839297957,-0.03104003839297957,-0.14201974496092143,1.9095022624434348,1.0
131,-2.2406393606393618,-22.556203796203803,-1.405321345321351,-1.379067599067601,0.06728604728604726,-0.28625374625374644,-0.3531535131535133,0.004735264735264755,0.10551448551448545,-0.14401598401598403,-0.00027306027306028824,-0.013295115529381285,-0.054125443339729046,-0.05153371952722602,-0.015031635031635016,-0.01503163503163503,-0.01503163503163503,-0.08647352647352649,-9.556043956043961,1.0
132,-4.124708624708626,-30.74988344988344,-4.770862470862468,-1.3475524475524479,-0.2198135198135196,-0.1990675990675992,-0.5326340326340329,-0.04825174825174838,-0.03916083916083912,-0.05804195804195811,-0.2862470862470863,-0.08730510553937126,-0.015958948458948463,-0.12349013780831974,-0.017715617715617693,-0.017715617715617735,-0.01771561771561772,-0.09790209790209789,-6.111888111888109,1.0
133,4.1060606060606055,14.742279942279964,2.8201298701298736,0.2634199134199138,0.12914862914862935,0.49343434343434334,0.3489898989898992,0.031529581529581074,0.017099567099567115,-0.12034632034632031,0.002525252525252375,0.05099002555155463,0.0986294234265013,0.00034067744024457447,0.0220779220779221,0.022077922077922044,0.018903318903318922,-0.26955266955266943,-0.6849206349206334,0.0
