,MP,ORtg,%Ps,Pts,OR,DR,A,TO,Blk,Stl,PF,2Pt %,3Pt %,FT %,2Pt %Att,3Pt %Att,FT %Att,Pnts-Prev,Marg,Result
0,1.2813166712966204,2.211133151607754,1.3007471004930888,0.4852544736903024,-0.20612438363775254,0.033502384424844545,-0.046171232955992236,0.16941642359423126,-0.28664117299812486,0.06675252332337905,0.016311346852790898,0.024783168793614363,0.05234809451788064,0.041163478807950626,0.007639655524373276,0.027400876973714718,0.011587792961650634,-0.7786101465379541,-2.4079666990763258,0.0
1,2.7323308270676705,10.75611756664388,2.692481203007519,1.2328263841421743,0.4329289131920711,0.9137901572112095,0.2863807245386194,0.27038619275461384,0.1128503075871497,0.12383800410116197,0.33766233766233755,0.04467908240464635,-0.02158271761655217,0.08853334722318673,0.02145209920488026,0.011009409182192433,0.01141388742410187,-0.0673957621326042,4.084005468215993,0.0
2,0.8638606239225428,2.4128477609127756,0.805097104361808,0.48610265104073136,0.16252367572027016,0.5104461262355993,0.030432725053468168,0.05975172178732546,0.0795378115037558,0.06775023888026976,-0.003746646006707932,-0.000995113809410586,-0.01910114297885196,0.04225079123437986,0.014896935031723367,-0.017717071388311134,0.02023362671995564,0.1750726571934003,7.781120855385558,1.0
3,-2.9891710632267916,-18.421201540489463,-3.5732552185493347,-1.5051051534023667,-0.034930185704179495,-0.24025120975585423,-0.02787442663603623,-0.10283555035877012,-0.22537664076363756,-0.16688948487710092,-0.26258136307671887,-0.08960566930336933,-0.025812919745250573,-0.04061879773324828,-0.018766333979475747,-0.01259478843006702,-0.02724007003667893,-0.5788611505639369,2.9682371523547975,1.0
4,0.5499787879818872,11.920870364155974,1.369494557729853,0.5127016280073562,0.18910331369696698,0.5160596219226243,0.24741358357844467,-0.05552852290468413,0.0417335803171717,0.07147174076353652,0.11654474266703363,0.06077033029079432,0.0008654303438138111,0.03199583482833812,0.008247676204788376,0.006117061360836139,0.0022201911288688286,0.33746768797078397,11.532029326882267,1.0
5,2.775915561906272,8.176918225679835,1.780308142150247,2.2903706129325307,0.10165835339983953,0.03784190239298568,0.14785762483130882,0.016784750337381804,-0.025105183773914574,0.11737913788997384,0.14685870974570636,-0.00814584278417435,0.07728949386908625,0.08163177551722442,0.019454060618255664,0.040585627184920016,0.02742902473866285,0.15097840755735498,-0.17866357069143568,0.0
6,-4.321052281052282,-14.176807636807638,-2.978650238650239,-0.8435775335775357,-0.021471861471861642,-0.4770540570540571,-0.018697968697968692,-0.14495615495615521,0.16087246087246077,-0.06594072594072597,-0.2809879009879015,-0.07463184302134818,-0.025615403115403085,-0.023745991662658283,-0.02653390061469249,-0.01972337823332332,-0.023607550852492276,0.4797757797757798,1.9717171717171702,1.0
7,-2.687048470105747,-6.781450786056041,-0.1514021350166832,-1.5307474568774877,0.1493455228981544,-0.44305667242973756,0.12577399380804954,0.08611847131196992,-0.141784809617627,-0.26402114912950814,-0.19486480238028192,-0.05785326934947471,0.01965956311367635,-0.04043175790687448,-0.013133091193075597,-0.03282454622212274,-0.017354532368253003,-0.9838488601182098,-1.901228539262597,0.0
8,-1.7304684363507903,-7.274116362351641,-3.2345393521864114,-0.10509306097541415,-0.13596216537393008,-0.24238008061537486,-0.24630245218480518,0.003834047951695063,-0.18387371328547794,0.028050778050778102,-0.022229448700036736,0.004473121251196088,0.05516043550802907,-0.06793493698573908,-0.01512336342001732,0.0019249945350511416,-0.010973759040918296,-0.31931396637278986,-5.031302693067395,0.0
9,3.137955655235066,4.773870798319329,1.3947169858934547,1.5999649071340265,0.0004914578443990791,0.4929815845257024,0.27906075718575696,0.20984161682691105,0.010681243218007869,0.13834987823958406,0.20474329371388222,0.00433149805129851,0.049898222618810856,0.047236665772642655,0.02360505158805793,0.01914960375540771,0.02636267168616105,-0.12162099073863775,3.80739245022333,0.0
10,7.3820179820179845,19.51969511969513,3.06413586413586,2.8959114959114958,0.1551633551633551,1.2913530913530913,0.40315240315240297,0.30209050209050203,0.23434343434343438,0.0523180523180522,0.3220927220927221,0.07050450326544883,0.0014700091495518375,0.14027667619603462,0.037414437414437424,0.037414437414437424,0.037414437414437424,-0.030858030858030863,0.029437229437231593,0.0
11,1.0251081134208047,8.820693891591723,3.379204137795467,-0.1398139957737481,0.3497112880239816,0.44442478745884295,-0.0955390928301143,0.2897488820089438,0.0578824512261045,-0.0037163988402378334,0.6515406162464988,0.009704438189621745,-0.04721058696383036,0.02793982474258533,0.015032436692741666,-0.015376638637689191,0.014827890132285575,-0.4711656592461546,-4.074738316379179,0.0
12,-3.4124289109583223,-12.704874373992027,-2.639786520668876,-2.3877047788812504,-0.408515830574654,-0.7862511671335204,-0.13273066802478573,-0.14656013920719824,-0.5145127748068923,-0.05653594771241838,-0.19508530685001246,-0.05444267803428571,-0.03712610380852681,-0.1036338129122622,-0.02534815692669147,-0.023613397881930745,-0.024143586278066495,-0.8489771666242255,2.037114845938377,1.0
13,1.3170440398381587,0.10484527144191702,-1.0944922413409781,0.9492858254412884,0.07504612956293633,0.3196523053665907,0.09182395180294345,0.030817326930772437,-0.061210595349250885,0.015137721755368816,0.18673580543328439,0.024107783685296758,0.03788303321291517,0.015437399067309343,-0.005351455504090788,0.020324066073706258,0.002808016450146597,-0.1537804010493086,1.571299075185629,0.0
14,-0.9003976415741111,-6.697890385758043,0.28412661684720675,-1.0508432743726868,-0.1379584875908405,-0.09018550893550925,-0.1731663352986884,0.03824814890991346,-0.12575443347502174,0.11715886237945056,-0.2830742378536497,0.020685684128883053,-0.002806274834461109,-0.025696417893109058,-0.0007497132852542915,-0.008237449727101775,0.0019954664244020703,-0.09368744001096954,-3.773972759266875,0.0
15,-2.392589763177998,-9.847135217723462,-2.3449197860962574,-1.2025974025974024,0.04110007639419422,-0.2620320855614977,-0.3281894576012224,-0.21665393430099344,-0.01321619556913678,0.08663101604278073,-0.3956455309396487,0.01445841146375898,-0.010715829031337054,0.010559093313104007,-0.008565450057387403,-0.0274672525231118,-0.008387600710474508,0.5801375095492742,1.8440030557677627,1.0
16,6.880656185919346,18.58248562582928,5.293932692694302,3.3222397571468782,0.5426510795705841,1.1429445941055851,0.33569920791283026,0.6733776285633869,0.12863576052430548,0.2753518153672951,0.7010212697519198,0.09828277380592326,0.022740266760611777,0.1542857740457354,0.046207609857329086,0.03518782569172744,0.041456441961388306,-0.5387801053435727,-4.1632061437015,0.0
17,3.1949339653216686,7.468795576081689,1.5334730999837927,1.3697486225895323,-0.09308661481121383,0.2696078431372553,0.23692472856911362,0.026586047642197408,-0.14991492464754494,0.005038689029330801,0.4157146329606223,0.03144705612688414,0.06278369101313624,-0.064374348876582,0.01596889849633698,0.02992383429412046,0.01900204437828102,-0.34292456652082326,0.3195491006319884,0.0
18,-2.076892676324494,-4.1332964384100706,-0.7470472981836629,-0.5550855607673784,-0.2905908860454315,-0.6155547666911305,-0.37295464738646544,-0.16695466865921404,-0.23067532556168918,-0.11602996887087785,-0.1943162096571185,0.014316285206982915,0.04062900119718302,-0.04824170236212735,-0.014398871019265576,0.010704954461073342,-0.015298628912184878,-0.35950125154670604,-1.0895307497580227,0.0
19,-4.077251873722462,-6.5818907563025135,0.42902250990486124,-0.4999911676382274,-0.4471301133065839,-0.659021500492089,-0.13247987483281587,-0.10766724707901165,-0.29250372220960447,-0.14084462613874382,-0.3454785878315285,-0.020961312127278475,0.025057082346998313,-0.04643807853471718,-0.011208927080215252,-0.0022258881117336177,-0.005078506326649329,-0.651362202538673,1.5230959951548195,1.0
20,-3.137955655235066,-4.773870798319329,-1.3947169858934547,-1.5999649071340265,-0.0004914578443990791,-0.4929815845257024,-0.27906075718575696,-0.20984161682691105,-0.010681243218007869,-0.13834987823958406,-0.20474329371388222,-0.00433149805129851,-0.049898222618810856,-0.047236665772642655,-0.02360505158805793,-0.01914960375540771,-0.02636267168616105,0.12162099073863775,-3.80739245022333,1.0
21,6.1298048150679705,17.68842207500103,3.8681766187029325,3.1810039667934413,0.6003526590368695,1.126037383668963,0.7993897330739435,0.4595416279626806,0.1634131073604757,0.2931573105257315,0.40876231955179354,0.06915637359983806,0.016004103051408813,0.1384330370965709,0.048348331827920636,0.021994952024348834,0.03226773454340475,-0.005942420152946486,2.4930608572713826,1.0
22,6.699274039800349,24.026166323929495,4.652656855814749,3.900969624916994,0.4994228627123364,1.053921341816079,0.8444665617034036,0.30284846732215154,0.12635338345864658,0.27148512306407035,0.36711040421566743,0.08230535044237786,0.06071893140972087,0.16864783578816828,0.05577405446365282,0.030312668746922615,0.05286863311842712,0.18998007840113096,3.851115181115178,1.0
23,3.1104239766081836,6.620419049761168,0.9025077115866544,0.9679862583809955,0.3733137866032602,0.2696995694364117,0.5618144185249447,0.1862428507165349,0.052314654156759344,0.20922905554484494,0.2635017565280724,0.016468516750013817,0.02730872192181713,0.05678609927365397,0.01911189261191816,-0.0007498769816197404,0.010702740058887009,0.15060171797013905,-3.375652593021016,1.0
24,3.673724053724049,5.115573870573883,1.2419291819291818,1.836562881562882,0.45056166056166047,0.4919780219780223,0.5827655677655679,0.22567155067155065,-0.02495115995116015,0.22856532356532355,0.28277777777777824,0.01030801483823457,-0.0013943276740896182,0.04343458059214361,0.02889221316394243,0.004952783591066892,0.02175757809445658,-0.044114774114774144,-1.9896459096459136,1.0
25,5.640845004668531,9.990996432761143,1.925009636333165,3.5123858603270377,0.395430762048409,0.9680449017213726,0.959939428762958,0.3262069357657592,0.003066329095740783,0.2881762192056309,0.46646095190212866,0.053282633620060915,0.067197461368213,0.13506493323177501,0.04572241848736191,0.01982927610985922,0.040718449859278937,-0.069928774928775,2.1400848715554552,1.0
26,0.589408369408364,1.788900543900553,-0.6307980907980895,1.0185808635808629,0.2669452769452768,0.3814885114885118,0.5452031302031302,-0.14515762015762035,0.0769469419469419,-0.0837223887223888,-0.11762182262182219,0.010765959047427609,0.008519258018716863,0.035571887729450746,0.013507597779327044,-0.010431831793548521,0.006372962709841196,0.27676434676434675,10.667496947496947,1.0
27,0.6991932310114102,-4.142320936639102,-2.3534435261707944,1.614885871704054,0.020420110192837404,0.2618457300275483,0.18314393939393936,-0.09671635182998806,0.05849075167256984,-0.02238783943329392,-0.06356503345139708,-0.024478594625226224,0.030506990153905705,-0.018433196418180198,0.0033479645756924747,0.005002764429510309,0.003591280231209318,0.26563852813852806,0.17530499803226895,0.0
28,1.4727847909666085,0.33609383041201113,1.7415387642660356,-0.14712030393848607,0.11254692277419542,-0.1195380377198556,-0.12307067932067906,0.17858448369811997,-0.019479762661580968,0.11909113613659061,0.31612913601549986,-0.0018544598508385413,-0.020150831762033083,0.010559634794618522,0.007274746047018152,0.005619946193200345,0.007031430391501323,-0.15794622044622042,-7.1181621408894165,0.0
29,-0.6991932310114102,4.142320936639102,2.3534435261707944,-1.614885871704054,-0.020420110192837404,-0.2618457300275483,-0.18314393939393936,0.09671635182998806,-0.05849075167256984,0.02238783943329392,0.06356503345139708,0.024478594625226224,-0.030506990153905705,0.018433196418180198,-0.0033479645756924747,-0.005002764429510309,-0.003591280231209318,-0.26563852813852806,-0.17530499803226895,1.0
30,5.4374991480254575,16.0922441350073,3.754883518041412,2.5168043457517144,0.24192924521871895,0.9148570727518097,0.27278435502119713,0.30486034433402864,0.17372101582627905,0.0773575839365313,0.3930294851347478,0.03242635896481827,0.03675871724117338,0.1717591175780851,0.03736025177812085,0.03583829563426622,0.041589465502381025,-0.10756348914243652,-3.9860787360787375,0.0
31,4.095660008748242,11.841803673421317,1.9363633381280376,1.9188162532280177,0.050567079684726735,0.4462373087373086,0.079082759229818,0.17046088104911628,0.17406276023923087,0.37520751844281236,0.28273489876431057,0.05630690003379074,-0.021554365821172553,0.08815602749881457,0.029763742556806076,0.0085371719776271,0.0376275960184166,0.757618795265854,3.927679296944002,0.0
32,2.687048470105747,6.781450786056041,0.1514021350166832,1.5307474568774877,-0.1493455228981544,0.44305667242973756,-0.12577399380804954,-0.08611847131196992,0.141784809617627,0.26402114912950814,0.19486480238028192,0.05785326934947471,-0.01965956311367635,0.04043175790687448,0.013133091193075597,0.03282454622212274,0.017354532368253003,0.9838488601182098,1.901228539262597,1.0
33,-3.1104239766081836,-6.620419049761168,-0.9025077115866544,-0.9679862583809955,-0.3733137866032602,-0.2696995694364117,-0.5618144185249447,-0.1862428507165349,-0.052314654156759344,-0.20922905554484494,-0.2635017565280724,-0.016468516750013817,-0.02730872192181713,-0.05678609927365397,-0.01911189261191816,0.0007498769816197404,-0.010702740058887009,-0.15060171797013905,3.375652593021016,0.0
34,-0.19841053459474445,3.007731133389022,1.8077183386393934,1.30171910632437,-0.04472483134763838,0.25468595161577645,0.08167249329530035,0.06553759273057513,-0.0709791244878964,-0.03757723889302822,-0.3023809837406328,0.007972946173134043,-0.012409305564067441,0.060302152646063895,0.019461031427388857,-0.0007164332772020138,0.024305922733464484,-0.34818791222299994,8.987684551719642,1.0
35,1.531853805027886,-3.1629998587323342,0.806479367881705,1.1497311193096449,-0.1389795706112904,0.29984598305031773,-0.02463499367172317,0.06467564552281702,-0.08924367581840137,0.0029533639370397657,0.05848333799712946,0.00256534602854408,0.008108858327536744,-0.03925514724782375,0.020563880125384154,0.020649815626023,0.019941137077259412,-0.3019319148083573,4.913300245428026,1.0
36,-0.9188511050353156,-0.4864968608389546,1.7740535049745603,1.3207244753297376,0.02609902280954912,0.10875863902179672,0.23360516189463554,0.109725070251386,-0.008268145110250369,0.05207020075441127,-0.18891578694210232,0.02359478396488529,0.01198318216175362,-0.0060490592361937545,0.014269561732960623,0.008249234134521805,0.01400473809771502,-0.1318460292144502,9.388604085972506,1.0
37,-0.9787545787545806,-19.832379426129442,-0.662232905982906,-0.7351648351648352,-0.20716575091575096,-0.02325244200244203,-0.29442155067155074,0.16160714285714295,-0.27290140415140407,0.07679334554334555,0.06507173382173392,-0.061088120393496426,-0.027748676037366526,-0.0662454834938877,-0.0027439381937158364,0.00482877323903462,0.003206328027483843,-0.715430402930403,-12.135470085470084,0.0
38,1.0527401297454766,-11.63886434421196,0.4862283883674241,0.8625103951307165,0.06820968692626461,0.35132781656845813,0.010571068859838939,0.08868065980365458,0.052820619665539525,-0.01119682456580856,-0.3005333347579333,-0.0013166675812852913,-0.04968016591393215,-0.005140059870917257,0.024093490923561153,0.001327592624564486,0.02414492988351212,-0.09411372940784701,-7.336947010209041,1.0
39,1.1366527413934548,-8.352301859790238,0.08324617633828169,1.297528732590651,-0.26821344147195525,-0.14666664461556134,-0.14300775978407587,0.07442363922627082,-0.02927185044058117,0.036289394300230204,-0.18273530734831045,-0.05471987446237264,0.022574017038224828,0.059684690669498525,0.023795045889216992,0.021263617004078722,0.0263817139785181,-0.1348121907332433,-0.5356080151358791,0.0
40,7.069312638090921,28.613832371750902,4.53342356487153,3.312099614814548,0.2455433706564928,0.9054661025249258,0.66909950280991,0.49492312614484557,0.06042637603723572,0.16556211510962654,0.4325140420163043,0.0763380419544108,0.08911491767826608,0.13484124553804872,0.03825094299942303,0.04314433132041318,0.036935344461577174,-0.5378692699959668,-5.079549786563361,0.0
41,-1.531853805027886,3.1629998587323342,-0.806479367881705,-1.1497311193096449,0.1389795706112904,-0.29984598305031773,0.02463499367172317,-0.06467564552281702,0.08924367581840137,-0.0029533639370397657,-0.05848333799712946,-0.00256534602854408,-0.008108858327536744,0.03925514724782375,-0.020563880125384154,-0.020649815626023,-0.019941137077259412,0.3019319148083573,-4.913300245428026,0.0
42,-3.1949339653216686,-7.468795576081689,-1.5334730999837927,-1.3697486225895323,0.09308661481121383,-0.2696078431372553,-0.23692472856911362,-0.026586047642197408,0.14991492464754494,-0.005038689029330801,-0.4157146329606223,-0.03144705612688414,-0.06278369101313624,0.064374348876582,-0.01596889849633698,-0.02992383429412046,-0.01900204437828102,0.34292456652082326,-0.3195491006319884,1.0
43,-2.431750983221571,-9.341136505107087,-3.9461767535296897,-0.6025404606286973,-0.1688233879410349,-0.026513736807854293,-0.22829626800215053,-0.4329170557111732,-0.14259648303765948,-0.13370434032198736,-0.13379947938771508,-0.021466733366959312,0.02767978250375755,-0.08825869677354586,-0.01973453197869647,-0.014578695751396989,-0.016813072212949268,0.31323246470305294,7.305462184873951,0.0
44,2.1758496181573097,5.019948266102098,1.943362839516686,1.4886435001819618,0.010166779397548509,0.41953421953421977,0.2809313117005425,0.23601689370920131,0.08994034378649762,0.11833169140861449,0.13787035325496855,0.03819241709851101,0.019201779613867515,0.10129133189187173,0.01353221371430046,0.028536673555393265,0.018128323643441434,-0.055489717028178565,-3.6242476165553086,0.0
45,-1.3077444900974342,2.2818695796636774,0.07505719049836657,-0.30013643322466876,-0.2687283157871394,0.034082688494453395,0.029188852718264324,-0.19119904855198966,0.009119547354841495,-0.0037989096812626744,0.11004641960524308,0.026823957632860773,0.024191835574888784,0.02483146413195192,-0.012883866001510778,0.010650646517592698,-0.0027115824535232577,0.3930393724511372,-0.11167537858714027,1.0
46,3.663406768669928,18.05577708110603,3.106062760339075,1.8356498764393514,0.5415721340063446,0.6529161992977783,0.24950725444146493,0.2634717256427783,0.4041228143201827,0.0405458941643152,0.42794577498524866,0.05981644118115109,-0.022763236861764402,0.1376285383059902,0.024397859055496234,0.01441119739204954,0.009501630619266559,0.36239396568343946,1.9610339952445202,0.0
47,1.142365529207634,14.304130920249342,2.7897150729387548,0.7723780605359556,0.5420221226142281,0.3580654360259623,-0.06848089775721355,0.13526484480431844,0.3815721194010667,-0.05364412634149468,0.5232066544566546,0.015872848050527855,-0.024503158907137584,0.08231711695382365,0.016941606972543252,-0.011515302411425815,0.009211364328145004,0.38532629651050715,0.7362219651693351,1.0
48,1.2556776556776565,6.762049755799765,-0.5729319291819337,0.3901098901098905,-0.05437271062271065,0.4320436507936505,0.028487484737484525,-0.09127747252747243,0.3696047008547009,-0.3756944444444445,-0.1551816239316237,0.034902921117255126,-0.027328005522831544,0.05969089644479514,0.004941740391518026,-0.002630971041232416,-0.0010085258296816252,0.17037545787545796,4.8497557997557985,1.0
49,0.9003976415741111,6.697890385758043,-0.28412661684720675,1.0508432743726868,0.1379584875908405,0.09018550893550925,0.1731663352986884,-0.03824814890991346,0.12575443347502174,-0.11715886237945056,0.2830742378536497,-0.020685684128883053,0.002806274834461109,0.025696417893109058,0.0007497132852542915,0.008237449727101775,-0.0019954664244020703,0.09368744001096954,3.773972759266875,1.0
50,0.9787545787545806,19.832379426129442,0.662232905982906,0.7351648351648352,0.20716575091575096,0.02325244200244203,0.29442155067155074,-0.16160714285714295,0.27290140415140407,-0.07679334554334555,-0.06507173382173392,0.061088120393496426,0.027748676037366526,0.0662454834938877,0.0027439381937158364,-0.00482877323903462,-0.003206328027483843,0.715430402930403,12.135470085470084,1.0
51,-1.6083241921477196,-9.181041181041195,-2.792185428950132,-0.4852289866995756,-0.10440490881667364,-0.058456739339092456,-0.003136569313040072,-0.25459458841811766,-0.023400292517939597,-0.1334475981534805,-0.41174299556652527,-0.01717259020946682,-0.014492084712672937,-0.11093840836822116,0.0013826200230553781,-0.020198145692317315,-0.01693349079651907,0.1954933954933955,-6.818568033273916,0.0
52,-0.21076331898700396,6.521382364145509,0.6524515406094356,0.29692992587729483,0.1428142211036949,0.031847358492095745,-0.10064191215507012,-0.17915833343464915,0.13368211328737648,0.10042496950391694,0.03390445100971373,-0.002563563510899647,-0.005584612289656135,0.008260271308516948,0.0036434786870735564,0.0054150650755213844,-0.0027349321368140417,0.8265308324518852,4.974984599984596,0.0
53,-8.243211961961965,-24.077427427427445,-5.726926926926927,-2.8971471471471473,-0.16401401401401394,-0.952959209209209,-0.5501939439439437,-0.44613988988988995,0.016779279279279247,0.07786536536536542,-0.5156906906906908,-0.12199140443932105,-0.03715022787939455,-0.17743960264793598,-0.03798384361747829,-0.05278846520274624,-0.06185559800816206,1.0815690690690691,10.419144144144141,1.0
54,-5.032100850850847,-19.432982982983013,-4.393990418990416,-1.8328614328614323,0.18717646217646217,-0.5676417488917487,-0.2938447375947375,-0.2786795724295723,0.14098562848562848,0.00842092092092106,-0.0029922779922781917,-0.06709419406592027,-0.10631152623712146,-0.0974326893672132,-0.03148012085439509,-0.028186578322092606,-0.042087745402542835,0.8561722436722439,2.5627949377949353,1.0
55,-5.262493007713591,-17.986414355532027,-4.457155685096859,-2.1603824412647947,-0.015484602249308255,-0.6998546340458105,-0.4979063622445977,-0.39548629511864797,-0.06818804098215869,0.011852293469940656,-0.2419978802331746,-0.07550406209810051,-0.06397054944236318,-0.10278151926436238,-0.03379104522414297,-0.030497502691840483,-0.04439866977229074,0.6783010952128601,7.57960166048401,1.0
56,-1.147061524334255,-20.87708907254362,-3.609343434343433,0.27933884297520706,0.084090909090909,0.12013314967860422,0.185720844811754,0.2949954086317723,0.22601010101010105,0.24740587695133143,-0.24770431588613406,-0.07341919024810822,-0.013469625912807745,-0.0929818139976542,0.003079118637940012,-0.015019045479630413,-0.010185011204596,0.3568411386593204,3.215656565656566,0.0
57,-1.0527401297454766,11.63886434421196,-0.4862283883674241,-0.8625103951307165,-0.06820968692626461,-0.35132781656845813,-0.010571068859838939,-0.08868065980365458,-0.052820619665539525,0.01119682456580856,0.3005333347579333,0.0013166675812852913,0.04968016591393215,0.005140059870917257,-0.024093490923561153,-0.001327592624564486,-0.02414492988351212,0.09411372940784701,7.336947010209041,0.0
58,3.156043956043959,7.387612387612393,0.3836163836163813,0.7844155844155836,-0.34565434565434583,0.7886113886113884,-0.07592407592407624,0.10969030969030968,0.16103896103896106,-0.3536463536463537,-0.22037962037962,0.01697532628335574,0.035963872402433844,0.034665662897431115,0.015384615384615385,0.0153846153846154,0.015384615384615385,-0.6045954045954046,-0.5999999999999979,0.0
59,1.1697478991596668,3.7753246753246827,-0.44522536287242254,0.32482811306340675,-0.024980901451489568,0.20343773873185622,-0.19862490450725745,-0.032467532467532534,0.16585179526355998,-0.07906799083269667,0.12429335370511851,-0.017164451497912236,0.0048384973824240896,0.005634113573380228,0.007617856237037757,-0.0025210084033613217,0.00745080978525299,0.23850267379679152,-4.253323147440791,1.0
60,-6.699274039800349,-24.026166323929495,-4.652656855814749,-3.900969624916994,-0.4994228627123364,-1.053921341816079,-0.8444665617034036,-0.30284846732215154,-0.12635338345864658,-0.27148512306407035,-0.36711040421566743,-0.08230535044237786,-0.06071893140972087,-0.16864783578816828,-0.05577405446365282,-0.030312668746922615,-0.05286863311842712,-0.18998007840113096,-3.851115181115178,0.0
61,0.21076331898700396,-6.521382364145509,-0.6524515406094356,-0.29692992587729483,-0.1428142211036949,-0.031847358492095745,0.10064191215507012,0.17915833343464915,-0.13368211328737648,-0.10042496950391694,-0.03390445100971373,0.002563563510899647,0.005584612289656135,-0.008260271308516948,-0.0036434786870735564,-0.0054150650755213844,0.0027349321368140417,-0.8265308324518852,-4.974984599984596,1.0
62,-3.70994191990005,-15.429328452205247,-3.2557050449993046,-1.6638773485065346,-0.32865035239437157,-0.7249859590170598,-0.30659076325942347,-0.17808036925859894,-0.20193251392414077,-0.09422020364005995,-0.3776951351413069,-0.027919176445725946,0.0010748857439447645,-0.1159698641802015,-0.025281531770716424,-0.009315251520064863,-0.032598947098730326,-0.23614469661120377,1.3239230886958167,1.0
63,-3.281603948012613,-17.80070393170238,-4.105584486389441,-1.4299782148079365,-0.09253787523911372,-0.46279270892274016,-0.19837973649893148,-0.01567276102879822,-0.13789775941478724,0.001198244619297295,-0.09707711565296662,-0.03167665374764428,-0.03819884306855412,-0.09985891652235823,-0.026431541920311726,-0.02176377485921751,-0.027651941364015144,-0.24205350753338362,-3.2043148660795673,1.0
64,-5.4374991480254575,-16.0922441350073,-3.754883518041412,-2.5168043457517144,-0.24192924521871895,-0.9148570727518097,-0.27278435502119713,-0.30486034433402864,-0.17372101582627905,-0.0773575839365313,-0.3930294851347478,-0.03242635896481827,-0.03675871724117338,-0.1717591175780851,-0.03736025177812085,-0.03583829563426622,-0.041589465502381025,0.10756348914243652,3.9860787360787375,1.0
65,0.42111596891008496,4.854560442795737,0.396620885591469,0.31891818288877083,0.047510746040157814,0.11561561561561562,-0.19692486604251325,-0.010407466289819367,0.11751825354766535,0.04721265383030082,0.026254195371842703,-0.011151152031462552,-0.03853108822471571,0.017276425293173636,0.011238684637432085,-0.02728701084129031,0.01036976714873411,0.3502767473355709,1.3146455278808222,0.0
66,-1.3170440398381587,-0.10484527144191702,1.0944922413409781,-0.9492858254412884,-0.07504612956293633,-0.3196523053665907,-0.09182395180294345,-0.030817326930772437,0.061210595349250885,-0.015137721755368816,-0.18673580543328439,-0.024107783685296758,-0.03788303321291517,-0.015437399067309343,0.005351455504090788,-0.020324066073706258,-0.002808016450146597,0.1537804010493086,-1.571299075185629,1.0
67,1.3077444900974342,-2.2818695796636774,-0.07505719049836657,0.30013643322466876,0.2687283157871394,-0.034082688494453395,-0.029188852718264324,0.19119904855198966,-0.009119547354841495,0.0037989096812626744,-0.11004641960524308,-0.026823957632860773,-0.024191835574888784,-0.02483146413195192,0.012883866001510778,-0.010650646517592698,0.0027115824535232577,-0.3930393724511372,0.11167537858714027,0.0
68,0.20031171958416571,6.657224240041565,1.4601029087871193,-0.34745577922822424,0.3144330113757357,0.4483542114347072,0.23525005696058354,0.2829583428267639,0.20577714339324255,0.09373299559058068,0.18156783447031133,0.0641644371065811,-0.08512728195123521,0.0078112553722534395,0.0023219603656248547,-0.02122355643173575,-0.014598965969812354,0.0331035923141186,-1.7513280750896838,0.0
69,-2.775915561906272,-8.176918225679835,-1.780308142150247,-2.2903706129325307,-0.10165835339983953,-0.03784190239298568,-0.14785762483130882,-0.016784750337381804,0.025105183773914574,-0.11737913788997384,-0.14685870974570636,0.00814584278417435,-0.07728949386908625,-0.08163177551722442,-0.019454060618255664,-0.040585627184920016,-0.02742902473866285,-0.15097840755735498,0.17866357069143568,1.0
70,-1.1366527413934548,8.352301859790238,-0.08324617633828169,-1.297528732590651,0.26821344147195525,0.14666664461556134,0.14300775978407587,-0.07442363922627082,0.02927185044058117,-0.036289394300230204,0.18273530734831045,0.05471987446237264,-0.022574017038224828,-0.059684690669498525,-0.023795045889216992,-0.021263617004078722,-0.0263817139785181,0.1348121907332433,0.5356080151358791,1.0
71,8.243211961961965,24.077427427427445,5.726926926926927,2.8971471471471473,0.16401401401401394,0.952959209209209,0.5501939439439437,0.44613988988988995,-0.016779279279279247,-0.07786536536536542,0.5156906906906908,0.12199140443932105,0.03715022787939455,0.17743960264793598,0.03798384361747829,0.05278846520274624,0.06185559800816206,-1.0815690690690691,-10.419144144144141,0.0
72,2.659313725490204,3.3499999999999943,0.6679738562091497,0.21127450980392215,0.15882352941176459,0.5173202614379084,0.03513071895424802,-0.07957516339869253,0.10490196078431377,-0.15114379084967322,0.05931372549019587,0.04808855579040122,-0.05655564615123437,-0.0019833076328173993,0.011865696765492567,0.008383095167690313,0.006813715788454133,0.06666666666666676,-6.003921568627452,1.0
73,1.147061524334255,20.87708907254362,3.609343434343433,-0.27933884297520706,-0.084090909090909,-0.12013314967860422,-0.185720844811754,-0.2949954086317723,-0.22601010101010105,-0.24740587695133143,0.24770431588613406,0.07341919024810822,0.013469625912807745,0.0929818139976542,-0.003079118637940012,0.015019045479630413,0.010185011204596,-0.3568411386593204,-3.215656565656566,1.0
74,0.9188511050353156,0.4864968608389546,-1.7740535049745603,-1.3207244753297376,-0.02609902280954912,-0.10875863902179672,-0.23360516189463554,-0.109725070251386,0.008268145110250369,-0.05207020075441127,0.18891578694210232,-0.02359478396488529,-0.01198318216175362,0.0060490592361937545,-0.014269561732960623,-0.008249234134521805,-0.01400473809771502,0.1318460292144502,-9.388604085972506,0.0
75,4.340836940836937,18.694083694083673,2.209812409812413,2.2831168831168815,0.12871572871572867,0.6897546897546898,0.5145743145743145,0.15468975468975454,0.19884559884559883,-0.05367965367965377,0.15295815295815318,0.02380630592751809,0.09668429293970415,0.070381051928671,0.022222222222222213,0.022222222222222227,0.022222222222222254,-0.01904761904761898,6.514285714285714,0.0
76,5.414160401002507,14.964498746867157,4.192756892230573,1.8679824561403517,0.2774937343358395,0.9000877192982457,0.2777568922305764,0.6032456140350877,0.18053884711779453,0.06996240601503767,0.4190476190476192,0.03407996100947225,0.024605307912638763,0.11805268537505387,0.038813053394212024,0.017928855442993427,0.03703307697101343,-0.7054887218045113,-7.113533834586462,0.0
77,5.032100850850847,19.432982982983013,4.393990418990416,1.8328614328614323,-0.18717646217646217,0.5676417488917487,0.2938447375947375,0.2786795724295723,-0.14098562848562848,-0.00842092092092106,0.0029922779922781917,0.06709419406592027,0.10631152623712146,0.0974326893672132,0.03148012085439509,0.028186578322092606,0.042087745402542835,-0.8561722436722439,-2.5627949377949353,0.0
78,-0.6357142857142879,12.069047619047637,2.1214285714285683,0.14285714285714235,0.054761904761904734,-0.014285714285714457,-0.22142857142857142,-0.06666666666666687,-0.04047619047619044,0.016666666666666663,0.021428571428571574,0.029123588052159477,0.07065192743764173,0.029449016591873767,-0.0023809523809523864,-0.0023809523809523586,-0.0023809523809523864,0.08571428571428569,4.885714285714285,1.0
79,-1.142365529207634,-14.304130920249342,-2.7897150729387548,-0.7723780605359556,-0.5420221226142281,-0.3580654360259623,0.06848089775721355,-0.13526484480431844,-0.3815721194010667,0.05364412634149468,-0.5232066544566546,-0.015872848050527855,0.024503158907137584,-0.08231711695382365,-0.016941606972543252,0.011515302411425815,-0.009211364328145004,-0.38532629651050715,-0.7362219651693351,0.0
80,4.438901494367082,5.868851492636914,0.6529865096666736,2.0644210378016052,-0.1834757010870372,0.3306937214831951,0.6369796532751999,0.1949989619017959,-0.034072236805030326,0.17022919725348873,-0.1253545599699447,0.05215359216913584,0.0563831127021555,0.07945861569668683,0.014455146087786114,0.04577665313418771,0.017353712804119743,-0.117684002906675,-1.2900164612715272,1.0
81,-1.0251081134208047,-8.820693891591723,-3.379204137795467,0.1398139957737481,-0.3497112880239816,-0.44442478745884295,0.0955390928301143,-0.2897488820089438,-0.0578824512261045,0.0037163988402378334,-0.6515406162464988,-0.009704438189621745,0.04721058696383036,-0.02793982474258533,-0.015032436692741666,0.015376638637689191,-0.014827890132285575,0.4711656592461546,4.074738316379179,1.0
82,-5.414160401002507,-14.964498746867157,-4.192756892230573,-1.8679824561403517,-0.2774937343358395,-0.9000877192982457,-0.2777568922305764,-0.6032456140350877,-0.18053884711779453,-0.06996240601503767,-0.4190476190476192,-0.03407996100947225,-0.024605307912638763,-0.11805268537505387,-0.038813053394212024,-0.017928855442993427,-0.03703307697101343,0.7054887218045113,7.113533834586462,1.0
83,2.9891710632267916,18.421201540489463,3.5732552185493347,1.5051051534023667,0.034930185704179495,0.24025120975585423,0.02787442663603623,0.10283555035877012,0.22537664076363756,0.16688948487710092,0.26258136307671887,0.08960566930336933,0.025812919745250573,0.04061879773324828,0.018766333979475747,0.01259478843006702,0.02724007003667893,0.5788611505639369,-2.9682371523547975,0.0
84,4.5975334610628735,19.731455029690316,3.181247226541343,2.177739536563066,0.09511327746621856,0.9739502592443767,0.2768739651092591,0.17750795397854224,0.2288004099768805,-0.015073289190936423,0.18805647276235482,0.09994345927582288,0.03558305539257922,0.07634207105705704,0.029865029609264147,0.02098573838567365,0.03460478922721069,0.07243833361480417,1.2181653340476881,1.0
85,3.70994191990005,15.429328452205247,3.2557050449993046,1.6638773485065346,0.32865035239437157,0.7249859590170598,0.30659076325942347,0.17808036925859894,0.20193251392414077,0.09422020364005995,0.3776951351413069,0.027919176445725946,-0.0010748857439447645,0.1159698641802015,0.025281531770716424,0.009315251520064863,0.032598947098730326,0.23614469661120377,-1.3239230886958167,0.0
86,2.076892676324494,4.1332964384100706,0.7470472981836629,0.5550855607673784,0.2905908860454315,0.6155547666911305,0.37295464738646544,0.16695466865921404,0.23067532556168918,0.11602996887087785,0.1943162096571185,-0.014316285206982915,-0.04062900119718302,0.04824170236212735,0.014398871019265576,-0.010704954461073342,0.015298628912184878,0.35950125154670604,1.0895307497580227,1.0
87,-1.2813166712966204,-2.211133151607754,-1.3007471004930888,-0.4852544736903024,0.20612438363775254,-0.033502384424844545,0.046171232955992236,-0.16941642359423126,0.28664117299812486,-0.06675252332337905,-0.016311346852790898,-0.024783168793614363,-0.05234809451788064,-0.041163478807950626,-0.007639655524373276,-0.027400876973714718,-0.011587792961650634,0.7786101465379541,2.4079666990763258,1.0
88,-1.7641942298805038,-11.078052275202992,-1.8254878234964043,-1.2458820228428067,-0.2815140786954512,-0.3344236895094743,-0.23995263088400332,-0.04790965207631859,-0.13348043341915888,-0.015994813329372137,-0.11381275995246609,-0.07813618576524906,-0.028907468834194733,-0.06444288883697932,-0.01455969536517461,0.015062095235228723,-0.016798226823785692,-0.20313118934442476,1.596044699445434,0.0
89,5.7155574865069205,24.929584061162984,3.604357199197242,2.5010540438043014,0.5008771309338904,0.9359894214641384,0.3138797057011711,0.28787224795996724,0.2787810038068036,0.18077863255881826,0.5667372531149624,0.08632392211024248,0.02927605728333041,0.10156385273332286,0.02907785832782569,0.02485858544173735,0.01965729588264673,0.3433747768113094,-3.8766147394630357,0.0
90,1.7641942298805038,11.078052275202992,1.8254878234964043,1.2458820228428067,0.2815140786954512,0.3344236895094743,0.23995263088400332,0.04790965207631859,0.13348043341915888,0.015994813329372137,0.11381275995246609,0.07813618576524906,0.028907468834194733,0.06444288883697932,0.01455969536517461,-0.015062095235228723,0.016798226823785692,0.20313118934442476,-1.596044699445434,1.0
91,4.077251873722462,6.5818907563025135,-0.42902250990486124,0.4999911676382274,0.4471301133065839,0.659021500492089,0.13247987483281587,0.10766724707901165,0.29250372220960447,0.14084462613874382,0.3454785878315285,0.020961312127278475,-0.025057082346998313,0.04643807853471718,0.011208927080215252,0.0022258881117336177,0.005078506326649329,0.651362202538673,-1.5230959951548195,0.0
92,2.392589763177998,9.847135217723462,2.3449197860962574,1.2025974025974024,-0.04110007639419422,0.2620320855614977,0.3281894576012224,0.21665393430099344,0.01321619556913678,-0.08663101604278073,0.3956455309396487,-0.01445841146375898,0.010715829031337054,-0.010559093313104007,0.008565450057387403,0.0274672525231118,0.008387600710474508,-0.5801375095492742,-1.8440030557677627,0.0
93,-0.589408369408364,-1.788900543900553,0.6307980907980895,-1.0185808635808629,-0.2669452769452768,-0.3814885114885118,-0.5452031302031302,0.14515762015762035,-0.0769469419469419,0.0837223887223888,0.11762182262182219,-0.010765959047427609,-0.008519258018716863,-0.035571887729450746,-0.013507597779327044,0.010431831793548521,-0.006372962709841196,-0.27676434676434675,-10.667496947496947,0.0
94,-4.340836940836937,-18.694083694083673,-2.209812409812413,-2.2831168831168815,-0.12871572871572867,-0.6897546897546898,-0.5145743145743145,-0.15468975468975454,-0.19884559884559883,0.05367965367965377,-0.15295815295815318,-0.02380630592751809,-0.09668429293970415,-0.070381051928671,-0.022222222222222213,-0.022222222222222227,-0.022222222222222254,0.01904761904761898,-6.514285714285714,1.0
95,-5.640845004668531,-9.990996432761143,-1.925009636333165,-3.5123858603270377,-0.395430762048409,-0.9680449017213726,-0.959939428762958,-0.3262069357657592,-0.003066329095740783,-0.2881762192056309,-0.46646095190212866,-0.053282633620060915,-0.067197461368213,-0.13506493323177501,-0.04572241848736191,-0.01982927610985922,-0.040718449859278937,0.069928774928775,-2.1400848715554552,0.0
96,-5.47158618268244,2.7101433870150515,-0.08921976963420875,-2.883730223035037,-0.1436763548394564,-0.8152065279739076,-0.472508829059631,-0.24373763738736998,-0.2471740900216836,-0.3004306819146391,-0.5637758087624393,0.005497977485702299,-0.030175193831138314,-0.05039531291875929,-0.03465480496620093,-0.03270109216157379,-0.03678547140760382,-0.6077342690979055,6.242563591093006,1.0
97,6.717410267410266,27.64948646125118,6.92207838090191,3.0128128128128138,0.38158256295511217,0.9570681325583288,0.6276573492259767,0.5613383691815064,0.09655818283269268,0.2519746637393697,0.31059897432446437,0.10077202112216116,-0.009806360345576026,0.20367582354510463,0.04494645935243858,0.04358326554682061,0.05039702261832376,-0.42561104521888843,2.6033585406134483,0.0
98,5.47158618268244,-2.7101433870150515,0.08921976963420875,2.883730223035037,0.1436763548394564,0.8152065279739076,0.472508829059631,0.24373763738736998,0.2471740900216836,0.3004306819146391,0.5637758087624393,-0.005497977485702299,0.030175193831138314,0.05039531291875929,0.03465480496620093,0.03270109216157379,0.03678547140760382,0.6077342690979055,-6.242563591093006,0.0
99,0.08842921784098046,6.094828700711062,0.9290239172592116,0.32533936651583595,0.3032967032967032,-0.23600517129928855,0.1656755009696187,0.12882999353587565,-0.09405300581771187,0.07750484809308344,0.44880413703943134,0.04202240605763552,0.013046500651542614,0.033147193609378456,0.003353914432687205,-0.008696481542763868,-0.002753868220376071,-0.2907563025210084,-0.16121525533290715,0.0
100,3.4124289109583223,12.704874373992027,2.639786520668876,2.3877047788812504,0.408515830574654,0.7862511671335204,0.13273066802478573,0.14656013920719824,0.5145127748068923,0.05653594771241838,0.19508530685001246,0.05444267803428571,0.03712610380852681,0.1036338129122622,0.02534815692669147,0.023613397881930745,0.024143586278066495,0.8489771666242255,-2.037114845938377,0.0
101,-0.5499787879818872,-11.920870364155974,-1.369494557729853,-0.5127016280073562,-0.18910331369696698,-0.5160596219226243,-0.24741358357844467,0.05552852290468413,-0.0417335803171717,-0.07147174076353652,-0.11654474266703363,-0.06077033029079432,-0.0008654303438138111,-0.03199583482833812,-0.008247676204788376,-0.006117061360836139,-0.0022201911288688286,-0.33746768797078397,-11.532029326882267,0.0
102,2.7083193583193577,13.59321789321789,4.825078975078972,1.2517017017017027,0.18220644887311543,0.29946266612933314,0.28392591725925076,0.3825801992468658,0.09688498021831354,0.09116064116064126,-0.00033388366721709417,0.011187876063417146,-0.0074806019124200596,0.13365716771094074,0.02520962640428013,0.009109821679026908,0.028780000226810452,-0.3890691557358224,-5.14435387768721,0.0
103,2.431750983221571,9.341136505107087,3.9461767535296897,0.6025404606286973,0.1688233879410349,0.026513736807854293,0.22829626800215053,0.4329170557111732,0.14259648303765948,0.13370434032198736,0.13379947938771508,0.021466733366959312,-0.02767978250375755,0.08825869677354586,0.01973453197869647,0.014578695751396989,0.016813072212949268,-0.31323246470305294,-7.305462184873951,1.0
104,5.262493007713591,17.986414355532027,4.457155685096859,2.1603824412647947,0.015484602249308255,0.6998546340458105,0.4979063622445977,0.39548629511864797,0.06818804098215869,-0.011852293469940656,0.2419978802331746,0.07550406209810051,0.06397054944236318,0.10278151926436238,0.03379104522414297,0.030497502691840483,0.04439866977229074,-0.6783010952128601,-7.57960166048401,0.0
105,0.19841053459474445,-3.007731133389022,-1.8077183386393934,-1.30171910632437,0.04472483134763838,-0.25468595161577645,-0.08167249329530035,-0.06553759273057513,0.0709791244878964,0.03757723889302822,0.3023809837406328,-0.007972946173134043,0.012409305564067441,-0.060302152646063895,-0.019461031427388857,0.0007164332772020138,-0.024305922733464484,0.34818791222299994,-8.987684551719642,0.0
106,-2.7083193583193577,-13.59321789321789,-4.825078975078972,-1.2517017017017027,-0.18220644887311543,-0.29946266612933314,-0.28392591725925076,-0.3825801992468658,-0.09688498021831354,-0.09116064116064126,0.00033388366721709417,-0.011187876063417146,0.0074806019124200596,-0.13365716771094074,-0.02520962640428013,-0.009109821679026908,-0.028780000226810452,0.3890691557358224,5.14435387768721,1.0
107,-6.717410267410266,-27.64948646125118,-6.92207838090191,-3.0128128128128138,-0.38158256295511217,-0.9570681325583288,-0.6276573492259767,-0.5613383691815064,-0.09655818283269268,-0.2519746637393697,-0.31059897432446437,-0.10077202112216116,0.009806360345576026,-0.20367582354510463,-0.04494645935243858,-0.04358326554682061,-0.05039702261832376,0.42561104521888843,-2.6033585406134483,1.0
108,-3.673724053724049,-5.115573870573883,-1.2419291819291818,-1.836562881562882,-0.45056166056166047,-0.4919780219780223,-0.5827655677655679,-0.22567155067155065,0.02495115995116015,-0.22856532356532355,-0.28277777777777824,-0.01030801483823457,0.0013943276740896182,-0.04343458059214361,-0.02889221316394243,-0.004952783591066892,-0.02175757809445658,0.044114774114774144,1.9896459096459136,0.0
109,-1.4727847909666085,-0.33609383041201113,-1.7415387642660356,0.14712030393848607,-0.11254692277419542,0.1195380377198556,0.12307067932067906,-0.17858448369811997,0.019479762661580968,-0.11909113613659061,-0.31612913601549986,0.0018544598508385413,0.020150831762033083,-0.010559634794618522,-0.007274746047018152,-0.005619946193200345,-0.007031430391501323,0.15794622044622042,7.1181621408894165,1.0
110,-0.08842921784098046,-6.094828700711062,-0.9290239172592116,-0.32533936651583595,-0.3032967032967032,0.23600517129928855,-0.1656755009696187,-0.12882999353587565,0.09405300581771187,-0.07750484809308344,-0.44880413703943134,-0.04202240605763552,-0.013046500651542614,-0.033147193609378456,-0.003353914432687205,0.008696481542763868,0.002753868220376071,0.2907563025210084,0.16121525533290715,1.0
111,-1.1697478991596668,-3.7753246753246827,0.44522536287242254,-0.32482811306340675,0.024980901451489568,-0.20343773873185622,0.19862490450725745,0.032467532467532534,-0.16585179526355998,0.07906799083269667,-0.12429335370511851,0.017164451497912236,-0.0048384973824240896,-0.005634113573380228,-0.007617856237037757,0.0025210084033613217,-0.00745080978525299,-0.23850267379679152,4.253323147440791,0.0
112,-4.5975334610628735,-19.731455029690316,-3.181247226541343,-2.177739536563066,-0.09511327746621856,-0.9739502592443767,-0.2768739651092591,-0.17750795397854224,-0.2288004099768805,0.015073289190936423,-0.18805647276235482,-0.09994345927582288,-0.03558305539257922,-0.07634207105705704,-0.029865029609264147,-0.02098573838567365,-0.03460478922721069,-0.07243833361480417,-1.2181653340476881,0.0
113,-2.659313725490204,-3.3499999999999943,-0.6679738562091497,-0.21127450980392215,-0.15882352941176459,-0.5173202614379084,-0.03513071895424802,0.07957516339869253,-0.10490196078431377,0.15114379084967322,-0.05931372549019587,-0.04808855579040122,0.05655564615123437,0.0019833076328173993,-0.011865696765492567,-0.008383095167690313,-0.006813715788454133,-0.06666666666666676,6.003921568627452,0.0
114,1.6083241921477196,9.181041181041195,2.792185428950132,0.4852289866995756,0.10440490881667364,0.058456739339092456,0.003136569313040072,0.25459458841811766,0.023400292517939597,0.1334475981534805,0.41174299556652527,0.01717259020946682,0.014492084712672937,0.11093840836822116,-0.0013826200230553781,0.020198145692317315,0.01693349079651907,-0.1954933954933955,6.818568033273916,1.0
115,3.281603948012613,17.80070393170238,4.105584486389441,1.4299782148079365,0.09253787523911372,0.46279270892274016,0.19837973649893148,0.01567276102879822,0.13789775941478724,-0.001198244619297295,0.09707711565296662,0.03167665374764428,0.03819884306855412,0.09985891652235823,0.026431541920311726,0.02176377485921751,0.027651941364015144,0.24205350753338362,3.2043148660795673,0.0
116,1.7304684363507903,7.274116362351641,3.2345393521864114,0.10509306097541415,0.13596216537393008,0.24238008061537486,0.24630245218480518,-0.003834047951695063,0.18387371328547794,-0.028050778050778102,0.022229448700036736,-0.004473121251196088,-0.05516043550802907,0.06793493698573908,0.01512336342001732,-0.0019249945350511416,0.010973759040918296,0.31931396637278986,5.031302693067395,1.0
117,-1.2556776556776565,-6.762049755799765,0.5729319291819337,-0.3901098901098905,0.05437271062271065,-0.4320436507936505,-0.028487484737484525,0.09127747252747243,-0.3696047008547009,0.3756944444444445,0.1551816239316237,-0.034902921117255126,0.027328005522831544,-0.05969089644479514,-0.004941740391518026,0.002630971041232416,0.0010085258296816252,-0.17037545787545796,-4.8497557997557985,0.0
118,-3.156043956043959,-7.387612387612393,-0.3836163836163813,-0.7844155844155836,0.34565434565434583,-0.7886113886113884,0.07592407592407624,-0.10969030969030968,-0.16103896103896106,0.3536463536463537,0.22037962037962,-0.01697532628335574,-0.035963872402433844,-0.034665662897431115,-0.015384615384615385,-0.0153846153846154,-0.015384615384615385,0.6045954045954046,0.5999999999999979,1.0
119,-7.3820179820179845,-19.51969511969513,-3.06413586413586,-2.8959114959114958,-0.1551633551633551,-1.2913530913530913,-0.40315240315240297,-0.30209050209050203,-0.23434343434343438,-0.0523180523180522,-0.3220927220927221,-0.07050450326544883,-0.0014700091495518375,-0.14027667619603462,-0.037414437414437424,-0.037414437414437424,-0.037414437414437424,0.030858030858030863,-0.029437229437231593,1.0
120,-4.438901494367082,-5.868851492636914,-0.6529865096666736,-2.0644210378016052,0.1834757010870372,-0.3306937214831951,-0.6369796532751999,-0.1949989619017959,0.034072236805030326,-0.17022919725348873,0.1253545599699447,-0.05215359216913584,-0.0563831127021555,-0.07945861569668683,-0.014455146087786114,-0.04577665313418771,-0.017353712804119743,0.117684002906675,1.2900164612715272,0.0
121,-2.1758496181573097,-5.019948266102098,-1.943362839516686,-1.4886435001819618,-0.010166779397548509,-0.41953421953421977,-0.2809313117005425,-0.23601689370920131,-0.08994034378649762,-0.11833169140861449,-0.13787035325496855,-0.03819241709851101,-0.019201779613867515,-0.10129133189187173,-0.01353221371430046,-0.028536673555393265,-0.018128323643441434,0.055489717028178565,3.6242476165553086,1.0
122,-7.069312638090921,-28.613832371750902,-4.53342356487153,-3.312099614814548,-0.2455433706564928,-0.9054661025249258,-0.66909950280991,-0.49492312614484557,-0.06042637603723572,-0.16556211510962654,-0.4325140420163043,-0.0763380419544108,-0.08911491767826608,-0.13484124553804872,-0.03825094299942303,-0.04314433132041318,-0.036935344461577174,0.5378692699959668,5.079549786563361,1.0
123,-6.1298048150679705,-17.68842207500103,-3.8681766187029325,-3.1810039667934413,-0.6003526590368695,-1.126037383668963,-0.7993897330739435,-0.4595416279626806,-0.1634131073604757,-0.2931573105257315,-0.40876231955179354,-0.06915637359983806,-0.016004103051408813,-0.1384330370965709,-0.048348331827920636,-0.021994952024348834,-0.03226773454340475,0.005942420152946486,-2.4930608572713826,0.0
124,-3.663406768669928,-18.05577708110603,-3.106062760339075,-1.8356498764393514,-0.5415721340063446,-0.6529161992977783,-0.24950725444146493,-0.2634717256427783,-0.4041228143201827,-0.0405458941643152,-0.42794577498524866,-0.05981644118115109,0.022763236861764402,-0.1376285383059902,-0.024397859055496234,-0.01441119739204954,-0.009501630619266559,-0.36239396568343946,-1.9610339952445202,1.0
125,-2.7323308270676705,-10.75611756664388,-2.692481203007519,-1.2328263841421743,-0.4329289131920711,-0.9137901572112095,-0.2863807245386194,-0.27038619275461384,-0.1128503075871497,-0.12383800410116197,-0.33766233766233755,-0.04467908240464635,0.02158271761655217,-0.08853334722318673,-0.02145209920488026,-0.011009409182192433,-0.01141388742410187,0.0673957621326042,-4.084005468215993,1.0
126,-0.20031171958416571,-6.657224240041565,-1.4601029087871193,0.34745577922822424,-0.3144330113757357,-0.4483542114347072,-0.23525005696058354,-0.2829583428267639,-0.20577714339324255,-0.09373299559058068,-0.18156783447031133,-0.0641644371065811,0.08512728195123521,-0.0078112553722534395,-0.0023219603656248547,0.02122355643173575,0.014598965969812354,-0.0331035923141186,1.7513280750896838,1.0
127,-5.7155574865069205,-24.929584061162984,-3.604357199197242,-2.5010540438043014,-0.5008771309338904,-0.9359894214641384,-0.3138797057011711,-0.28787224795996724,-0.2787810038068036,-0.18077863255881826,-0.5667372531149624,-0.08632392211024248,-0.02927605728333041,-0.10156385273332286,-0.02907785832782569,-0.02485858544173735,-0.01965729588264673,-0.3433747768113094,3.8766147394630357,1.0
128,-6.880656185919346,-18.58248562582928,-5.293932692694302,-3.3222397571468782,-0.5426510795705841,-1.1429445941055851,-0.33569920791283026,-0.6733776285633869,-0.12863576052430548,-0.2753518153672951,-0.7010212697519198,-0.09828277380592326,-0.022740266760611777,-0.1542857740457354,-0.046207609857329086,-0.03518782569172744,-0.041456441961388306,0.5387801053435727,4.1632061437015,1.0
129,4.321052281052282,14.176807636807638,2.978650238650239,0.8435775335775357,0.021471861471861642,0.4770540570540571,0.018697968697968692,0.14495615495615521,-0.16087246087246077,0.06594072594072597,0.2809879009879015,0.07463184302134818,0.025615403115403085,0.023745991662658283,0.02653390061469249,0.01972337823332332,0.023607550852492276,-0.4797757797757798,-1.9717171717171702,0.0
130,0.6357142857142879,-12.069047619047637,-2.1214285714285683,-0.14285714285714235,-0.054761904761904734,0.014285714285714457,0.22142857142857142,0.06666666666666687,0.04047619047619044,-0.016666666666666663,-0.021428571428571574,-0.029123588052159477,-0.07065192743764173,-0.029449016591873767,0.0023809523809523864,0.0023809523809523586,0.0023809523809523864,-0.08571428571428569,-4.885714285714285,0.0
131,-0.8638606239225428,-2.4128477609127756,-0.805097104361808,-0.48610265104073136,-0.16252367572027016,-0.5104461262355993,-0.030432725053468168,-0.05975172178732546,-0.0795378115037558,-0.06775023888026976,0.003746646006707932,0.000995113809410586,0.01910114297885196,-0.04225079123437986,-0.014896935031723367,0.017717071388311134,-0.02023362671995564,-0.1750726571934003,-7.781120855385558,0.0
132,-4.095660008748242,-11.841803673421317,-1.9363633381280376,-1.9188162532280177,-0.050567079684726735,-0.4462373087373086,-0.079082759229818,-0.17046088104911628,-0.17406276023923087,-0.37520751844281236,-0.28273489876431057,-0.05630690003379074,0.021554365821172553,-0.08815602749881457,-0.029763742556806076,-0.0085371719776271,-0.0376275960184166,-0.757618795265854,-3.927679296944002,1.0
133,-0.42111596891008496,-4.854560442795737,-0.396620885591469,-0.31891818288877083,-0.047510746040157814,-0.11561561561561562,0.19692486604251325,0.010407466289819367,-0.11751825354766535,-0.04721265383030082,-0.026254195371842703,0.011151152031462552,0.03853108822471571,-0.017276425293173636,-0.011238684637432085,0.02728701084129031,-0.01036976714873411,-0.3502767473355709,-1.3146455278808222,1.0
