,MP,ORtg,%Ps,Pts,OR,DR,A,TO,Blk,Stl,PF,2Pt %,3Pt %,FT %,2Pt %Att,3Pt %Att,FT %Att,Pnts-Prev,Marg,Result
0,1.5723649345940363,6.8686260563969554,1.3499609516637356,1.137811340752516,-0.16076339497392128,0.4996680891417733,0.6024182076813657,0.29171477979527505,0.193897302875631,-0.0012467575935068975,0.10853485064011381,0.09211606856343707,-0.009154346739486036,0.043058281634133,0.02403171082154381,-0.04191866573502177,0.012329818186242326,-0.19812846902630188,7.56026692327002,0.0
1,-5.119086486269149,-22.03034055727555,-3.8885730368702554,-1.0353705118411005,-0.49126291664991356,-0.20791283020385154,-0.05960355434039655,-0.22926299706485465,0.017727473764625468,-0.27464918981946845,-0.5382493667323394,-0.05127909458917457,-0.056891876367772015,-0.025703786516781568,-0.026099486654634615,-0.0251241129560741,-0.010738358869883322,-0.055317437979976736,2.6647380483293794,1.0
2,-2.5192019263845875,-5.7392294461644155,-2.306141579438796,-0.2851540616246506,-0.7120998574868544,-0.3823644896555116,0.15155806182121978,-0.19199026979212752,-0.19440095336380148,-0.13204457221485083,-0.0655653840483561,-0.01998997831114885,0.10474732173571183,0.04714681025697537,-0.033813871782648164,0.03865268899886546,-0.020358448100496584,-0.26891051157305035,6.621664455255789,1.0
3,-0.343268473657405,2.7237603906528065,-0.2258643768512183,-0.18282176772888858,-0.0879495790873498,-0.4625983407717157,-0.25168326434773824,-0.056324127870180374,-0.12142227505037106,0.06061772263397652,0.11545377853427397,0.034477261930822234,0.008182251280806505,-0.009389432884176124,-0.007598246935696294,0.007722240829393812,-0.0037892660111855728,-0.0089608490924281,-1.7791846297264273,0.0
4,-6.4131879014231945,-8.29774849333672,-1.6891399994341167,-2.695182214299862,-0.46959015929604164,-1.3531767252355493,-0.30919064595535206,-0.28105919135330915,-0.12215219421101775,-0.1426668647256883,-0.29371869960105235,0.0005605297026864964,-0.03219867913495365,-0.07350913429344794,-0.03883766668270681,-0.024309113852457445,-0.03857360987243282,0.03248026483320597,0.10383102736043881,1.0
5,-9.457126877250715,-18.541212373797507,-6.872721318928749,-4.95269616864044,-0.4032960589462139,-1.4436350285421486,-0.5964140091075076,-0.48997723123110104,-0.17477555983747933,-0.4884416924664603,-0.3758490477530725,-0.09150266229866483,-0.04848146853959928,-0.203262363899028,-0.06231832149696447,-0.0787332792210762,-0.07647229781623843,-0.3464800421456768,-2.016467124207061,0.0
6,-8.586326109391127,-18.765823873409005,-4.66692466460268,-4.572411420708633,-0.231888544891641,-1.3093567251461988,-0.5933608531131751,-0.38120055039559686,-0.36750945992432055,-0.2384416924664603,-0.5382524939800482,-0.05001131114327706,-0.10404286860943215,-0.17031483938604683,-0.03373322119939869,-0.08135784522517883,-0.046826585729930856,-0.44950120399036786,1.5770037839697286,1.0
7,6.446680426556588,39.553783969728244,5.40921912624699,2.1001375988992086,0.3200722394220846,0.5037151702786379,0.5582731338149295,0.3625902992776058,0.16713106295149638,0.24521843825249398,0.75749914000688,0.13990206524068755,0.0811882238275427,0.11198441364850036,0.03437069221708955,0.01607720136676516,0.028903626699729894,0.0995184038527692,-1.0828001375989,1.0
8,9.46451343795094,29.66239628427131,6.024438582251083,5.038192189754689,-0.22788149350649334,1.4457589285714283,1.0683396464646464,0.6738365800865802,-0.05071924603174596,0.3187342171717171,0.44118641774891776,0.09225878549506444,0.16820207543929136,0.09056993617904069,0.05997363095727235,0.07474809097469391,0.06470852018264231,-0.8116432178932178,3.2607052669552674,0.0
9,1.1274834634810862,1.1882236507042947,1.7498468167171168,1.4794782027643594,-0.08040888604245522,-0.22059699477877293,-0.10203360650480298,-0.007138291919638662,-0.10056271910678147,-0.044486036041210764,0.0407895694162832,-0.004701877070563798,0.03965644870388345,0.04268476379786368,0.01744440406388928,0.025437159431407733,0.024180926845464273,-0.2758209264567071,-0.5577089687549677,0.0
10,-3.5853176876811332,-10.478947033358793,-1.7424255308183891,-1.1854122709689943,-0.11017816217396048,-0.8961480046564081,-0.23508759564431836,-0.13443309141838555,0.0027047940388276737,-0.17648423005565866,-0.2787887882425697,-0.05470617672336431,-0.05505548431493808,0.028727930954821707,-0.018033122531526613,-0.017481827995255918,-0.008292783484202107,-0.07869268919689087,3.29223083172663,1.0
11,-9.197951908035945,-30.558428826075904,-4.359576557895885,-3.1918840263378074,-0.4635745207173779,-1.3274855396704137,-0.40703554148932286,-0.424891774891775,-0.0578285859798465,-0.37403324966350177,-0.4780184801193206,-0.11661965055954465,-0.07234236002093149,-0.16465020617497395,-0.04001588031124301,-0.06002763803417308,-0.03610083804441143,-0.013940121503146774,0.7007275637527748,1.0
12,-5.268695312812966,-18.122623490270556,-4.251400030811791,-2.9989621313150723,-0.36432274667568776,-0.4819556437203494,-0.06345972522443089,-0.5203717409599763,0.035271123506417645,-0.2007829213711566,-0.6089465648289181,-0.034522631292866424,-0.05882854279145483,-0.05935088531377036,-0.025262697546806545,-0.05661890183267667,-0.03734905829793764,0.7097198861904743,2.7999586528998313,0.0
13,-4.958849903597802,-18.1437484084543,-4.0087628990990325,-3.0610028860028864,-0.2735806443789637,-0.4870642196272448,-0.30252949664714346,-0.4248808614354834,0.03836837765409201,-0.21552348212012074,-0.3189624334582317,-0.06182400216836709,-0.06076147233785287,-0.07759796268413344,-0.025146358756811607,-0.04874782058698641,-0.04378218383846967,0.49545151393890885,2.173290528332548,1.0
14,2.8696069290186976,-1.4367787767787803,0.3620752014869666,1.6184156584156577,-0.09314417608535197,0.15660045836516456,0.33981066863419795,0.3435840194663725,-0.07444927621398201,-0.07879706350294569,0.0932423567717684,-0.009637140992215576,0.03135588744456837,0.015937741319754728,0.022323076250098828,0.03828465321342936,0.01030774409970979,-0.9936607183666005,-6.257221863104217,0.0
15,2.4315720211553558,3.9673071339738044,0.3466166382833036,0.05345410345410295,-0.17211283252949922,0.059919470336137204,0.358687935771269,0.14070111778445116,-0.028690053690053674,0.13372070663737337,0.20684894851561508,0.022596838747632436,0.025134087911865666,-0.019520979731793203,-0.0011088872858523585,0.025529159229515062,-0.007608279739019008,-0.07134092967426302,-6.783161624828294,0.0
16,-8.296469086469086,-20.616157731157735,-7.798337773337773,-3.76056055056055,-0.10440614940614945,-0.9234903984903979,-0.8365057165057166,-0.7826867576867574,-0.2581890331890332,-0.4541636141636142,-0.21654290154290146,-0.05507411495243725,-0.09065374009138578,-0.0930047508223083,-0.05532998196144034,-0.07586129855159997,-0.05320452858474653,0.14066822066822063,0.43435786435786383,0.0
17,-3.908920436024511,-14.04826706224896,-5.312967751203045,-1.1148718501207195,0.07682849076514231,-0.3849123475820311,-0.527150591992221,-0.7632213437643302,-0.22379073917535444,-0.15056525174172236,-0.13624970303703332,-0.04821600284366928,-0.05223827854214626,-0.026564794491103494,-0.029948223872867545,-0.017519887115084273,-0.01913860373013114,0.7777307056945066,1.4385398814358084,1.0
18,1.507705389848244,5.833536748032543,0.9844124829418952,1.0674464657657934,0.35007618431988174,0.4967615251228692,0.10701075301915641,0.1787058413108833,0.07331958424395393,-0.10325001795590033,0.09675485578846943,0.021586350722527237,0.004036225888216671,0.0523157448590123,0.018614524224026444,-0.003501465903509693,0.014055231104078261,-0.4172725500456593,-0.2541029232205698,0.0
19,-3.9438489614960197,-5.1563408813408955,-3.382599426717075,-2.401239283592224,-0.4133471104059341,-0.6197753227164984,-0.13117568705804006,-0.32113931819814145,-0.2313593269475622,-0.3349385908209438,-0.157664067958186,-0.04550688469637848,0.01037958764012123,-0.07224617015616469,-0.03255189775656343,-0.039688833721616676,-0.03823970702514681,-0.4903171991407286,0.7918645080409803,0.0
20,6.412005125937014,30.62932330827067,4.905845023569482,2.670521703958236,-0.006478394326691617,0.5809755346133056,0.7550781176168174,0.3222312001723766,-0.029317070957937813,0.11902966314731012,0.36600305439314695,0.0867245008143318,0.11950191486237487,0.1708081643759072,0.02368825888673408,0.062260305815507275,0.0260637759223196,-0.4650372159660085,5.01190674650427,1.0
21,6.327750504221093,26.23637923637923,6.7392771731007,3.9006834889187827,0.34653795683207445,0.7983258792082324,0.2184378949084831,0.39111857494210434,0.03868720045190632,0.14244803950686308,0.5323676941323998,0.10352062769264947,0.06735259172233964,0.20039781552386587,0.052818322046602355,0.04255929924080096,0.057951695562503555,-0.41996666996667,-0.4820176511352958,1.0
22,-1.507705389848244,-5.833536748032543,-0.9844124829418952,-1.0674464657657934,-0.35007618431988174,-0.4967615251228692,-0.10701075301915641,-0.1787058413108833,-0.07331958424395393,0.10325001795590033,-0.09675485578846943,-0.021586350722527237,-0.004036225888216671,-0.0523157448590123,-0.018614524224026444,0.003501465903509693,-0.014055231104078261,0.4172725500456593,0.2541029232205698,1.0
23,-1.9128972378972335,-6.895144045144036,-0.9383353133353154,0.021881496881498208,-0.04653994653994631,0.29443866943866936,-0.1923002673002676,-0.22470299970299945,0.006482031482031414,-0.2936516186516188,0.2492723492723492,-0.0134203582444129,-0.019322943251514707,-0.03354961962104808,-0.009986596391608232,-0.024427955749076233,-0.003937679665084182,-0.1249331749331749,-2.877932877932878,0.0
24,9.505972035383795,37.0012535159594,7.681739431739434,3.38798866740043,0.6147018058782763,1.2277526395173455,0.9449064449064454,0.8791223350046876,0.3083241612653378,0.5569891158126452,0.5338755044637398,0.17139030741971922,0.003554494730965363,0.13072403660638943,0.07443177505777718,-0.011036821726365678,0.05354231557811962,-0.027618115853410008,3.090344869756634,0.0
25,1.9128972378972335,6.895144045144036,0.9383353133353154,-0.021881496881498208,0.04653994653994631,-0.29443866943866936,0.1923002673002676,0.22470299970299945,-0.006482031482031414,0.2936516186516188,-0.2492723492723492,0.0134203582444129,0.019322943251514707,0.03354961962104808,0.009986596391608232,0.024427955749076233,0.003937679665084182,0.1249331749331749,2.877932877932878,1.0
26,0.8020386444051351,-5.042649208806331,-1.3641576367389057,1.4170106639146889,-0.21666482382426638,-0.04786844562386361,-0.43116937564499497,-0.1355808332104771,-0.04725769693842452,-0.17045278637770891,-0.15888127180696854,-0.0700927954914023,0.07160903835218299,-0.017369554757486888,0.001312481030605224,0.04400402304245506,0.016655754431266843,-0.16425930021131263,4.1006474519632405,0.0
27,-10.324589651834229,-37.046716329765864,-9.608789430383858,-4.266335659524513,-0.5751595411812132,-1.170734640316683,-1.0081787149898607,-0.6686469447305359,-0.18466548071811228,-0.6607843137254902,-0.6440440450502372,-0.17749280125900502,-0.04752301498273792,-0.21822366917251076,-0.07163951556993611,-0.05700161357267419,-0.06610965288389867,-0.3536056994261329,2.4610379128955007,1.0
28,-0.42254882038163366,-7.116805660149311,-1.7446726912671195,0.09522448144739126,-0.009819859665060882,0.21008137726403997,-0.17957353638468182,0.023984178782940346,0.18024061212915699,-0.14149443561208272,-0.07983558525354195,-0.0478723159450713,-0.026474801237074547,-0.07181432149182412,0.006979030173405815,-0.03324077077877653,-0.0020329530997803408,0.029523995468267866,6.575697656967008,1.0
29,-2.1941950464396243,-18.022915130964655,-3.4130768096712387,0.19606860287974825,-0.3922674332891049,0.39146149687945353,-0.4464654282765738,-0.2482922993758907,0.036862990810359264,-0.5441176470588235,-0.4808405818467738,-0.12057272869275298,0.012017679203935289,-0.0723076517067929,-0.0060010898970663945,0.005329219214157202,0.005131793633106785,-0.5179247137451471,4.5847142365718225,1.0
30,-11.050350934470513,-41.02467912710366,-8.433086462180889,-4.164718076656932,-0.5707206186172902,-1.1927735417305854,-1.2367791348402808,-0.7772643070978984,-0.12889955745218906,-0.6193251760163523,-0.6972474351286271,-0.17878242316794124,-0.02495637064957887,-0.21100657131865905,-0.0669135067327685,-0.04002415660619707,-0.05267690756985378,0.058079147258713854,6.264487402594988,1.0
31,-6.5116320212295395,-40.22165462676296,-7.914757481940148,-2.707292741658068,-0.646889282028601,-1.051815814044916,-0.30087719298245613,-0.5209813750061429,-0.030994152046783685,-0.15882352941176467,-1.0041599095778666,-0.18562624252252735,-0.09244468441284004,-0.19938990127328624,-0.039793281991590025,-0.011106340227595629,-0.03812465273793569,0.6623273870951889,4.270848690353336,1.0
32,-7.703015523061966,-33.25108038962528,-2.170268213611868,-1.5729434251106067,-0.37899543124001334,-1.0448553424559615,-0.6780610170703051,-0.2221922527650083,-0.6663204356702808,-0.07146058848845216,-0.43536518807416646,-0.09883289113663674,-0.09717800452064254,-0.10898470628242923,-0.0006892606985298838,-0.04528358065668786,-0.014501047890437727,-1.0311775427874499,-1.6862140124524032,0.0
33,6.800709833482944,8.69636476212105,3.5029763707284705,3.084729477376536,0.1728973571410546,0.12288893034691428,0.3633643998139797,0.382070395725858,0.1523505798715882,0.504650734167541,0.3328156037189647,0.07790903752751,0.010935919731437926,0.17982617398933926,0.055645007751392944,0.009141782680503072,0.06160863815086268,0.5498618366265424,-2.5099830472729634,0.0
34,7.207601828610233,20.465938193459195,4.354476639140504,2.921869960105254,0.06780681969757574,0.6209395879563953,0.3524919058532503,0.2894666957692167,-0.004641553591133496,0.18842961426995053,0.5186204784944279,0.05151707440259229,0.07292573235293504,0.10092853898876303,0.04531649683878952,0.016352071904498375,0.04809809424866493,-0.2113572701807996,-1.9457301102259086,1.0
35,11.248353166000225,51.792677169147765,9.862910504086972,5.75448202212908,0.44629683159094935,1.4416935652229776,0.9016861781567663,0.7027701498289736,-0.024020009314127067,0.5076215252685842,0.6952835188129307,0.18371760185948904,0.2003495066529826,0.23985188498557483,0.06498898077263696,0.08367088262359307,0.062418167790924996,-0.4383372677490324,3.1453019864784544,0.0
36,-9.62996321335552,-33.49643050202537,-4.502853071052984,-3.549043477039938,-0.561626053930344,-1.3976225577950474,-0.5822511460724642,-0.4199451710508766,-0.6986850880703158,-0.24395126471641282,-0.6989480002527326,-0.09518256701527372,-0.09670107224176219,-0.10367549174045462,-0.03488438572468492,-0.0526218000709843,-0.04423443336566658,-1.0453823634717045,1.1708936206061376,0.0
37,-7.422693913980954,-33.988532179111566,-5.012912616445348,-2.077253210435431,-0.21788965941995564,-1.1013377778802365,-0.7346723587490946,-0.4221674397592132,-0.03981102161111005,-0.11290453355358271,-0.4692678612459684,-0.045903448758149834,-0.10651316006883235,-0.027221549664368933,-0.02079769524242104,-0.05861191226879969,-0.023711627038243872,0.5389037691890411,0.9233013191051676,1.0
38,-2.3609949782882094,-5.195212335946522,0.3826593525399353,0.032111522071716525,0.1428013040573855,0.08212318665657914,-0.5096785002800039,-0.13702860361418523,0.03093987932554937,0.03724909666970702,-0.1950574291794991,0.03798996664192747,-0.07050898002025827,0.03089185301393868,0.004392087969736523,-0.005892165142936917,-0.006399503040497592,0.41043515921888307,-4.973505272554366,1.0
39,-7.253720318536772,-22.991983109033093,-4.293616744943591,-2.6049993389168526,-0.31750881639205364,-0.6932554308273013,-0.6498947239714599,-0.43518854910385196,-0.14821680134041923,-0.6779744353881905,-0.3576484687442225,-0.07135975464031358,-0.04544372841729283,-0.09063292309003976,-0.03285409494527903,-0.03671958069854972,-0.03653791372704044,-0.7820053752495151,-2.718996545986819,1.0
40,4.958849903597802,18.1437484084543,4.0087628990990325,3.0610028860028864,0.2735806443789637,0.4870642196272448,0.30252949664714346,0.4248808614354834,-0.03836837765409201,0.21552348212012074,0.3189624334582317,0.06182400216836709,0.06076147233785287,0.07759796268413344,0.025146358756811607,0.04874782058698641,0.04378218383846967,-0.49545151393890885,-2.173290528332548,0.0
41,-1.0246151092015765,-7.7323137388926995,0.44605778515552785,-0.19753930280246124,-0.0940940012368583,0.0010054899152645014,-0.16349586086428203,0.10886577916653106,-0.06830875891026272,0.1451643177207087,-0.14395376970564944,0.009510433926282758,-0.027000335663063924,-0.023774139500570057,0.0019968179641055572,-0.0030222518806616028,0.0040457210534981525,-0.06402044071216995,-0.18128790591196964,1.0
42,-1.723604826546012,-9.758832361773543,-1.0686444362914926,-0.7831111654641072,-0.17945320886497362,0.02690812984930613,0.29714442949737085,-0.10384479502126576,0.19174377997907405,-0.10786012256600486,-0.27544059897001105,0.009997236359138684,-0.057125407790000526,0.012820826913964245,0.009642711020465614,-0.03308347347393295,0.0062512531841951435,0.3754569048686695,2.7852547117253046,0.0
43,-1.4371790075679414,-23.164099157206753,-4.0871125730994144,-0.5927880976952178,-0.23542913656690734,-0.27353629170966665,-0.1663706140350878,-0.2642726608187134,-0.20015243378052977,-0.15133513931888545,-0.24589783281733735,-0.11425189471500102,-0.026779469097580548,-0.10427439360247022,-0.0016372184782394994,-0.005437572909721081,-0.004113439798408586,-0.17442982456140355,1.2111713106295134,0.0
44,-12.184424877366062,-60.06717955512073,-11.368392646039702,-5.401220428573369,-0.6807317951435599,-1.3162808283396519,-0.46990569755275624,-0.8757320669085376,-0.26311992988463573,-0.5174177571236395,-0.966581740111152,-0.2120846291559848,-0.16408387724846998,-0.25855137695823965,-0.0568761735292858,-0.09628823567096735,-0.06241765050287636,0.19038875980052447,4.590995067465657,1.0
45,0.8297817460317454,-14.658650793650796,-2.532460317460318,-0.37325396825396817,-0.03236111111111112,0.1807738095238094,0.4257738095238095,-0.004861111111111149,-0.10888888888888891,0.025099206349206316,0.025793650793650924,-0.08518392542202066,-0.06251322751322752,-0.08487799981103551,0.005003032341979546,-0.0073763342572649715,-0.006891666778861029,-0.1578571428571429,-2.8869047619047628,1.0
46,-13.439904904904907,-57.866438938938956,-12.776186186186187,-5.787369869869869,-0.6126976976976979,-1.4413688688688686,-0.892752752752753,-1.0789539539539543,-0.3188863863863864,-0.6059559559559561,-0.9273773773773772,-0.2407053575109131,-0.17208590420395978,-0.27879262952179623,-0.061191460223321406,-0.1279821127249383,-0.07428723676003696,0.30822322322322315,5.834697197197199,1.0
47,-9.318940368940368,-36.55911625911625,-6.4904761904761905,-4.417782067782067,-0.025568425568425424,-0.7536250536250539,-0.5699914199914199,-0.27732732732732734,0.15304590304590307,-0.181939081939082,-0.5789360789360789,-0.1746977963049392,-0.18674816823626347,-0.11582868582868586,-0.04516190633326059,-0.07678539747052504,-0.03854238636966426,0.4968682968682968,3.871042471042471,0.0
48,-11.248353166000225,-51.792677169147765,-9.862910504086972,-5.75448202212908,-0.44629683159094935,-1.4416935652229776,-0.9016861781567663,-0.7027701498289736,0.024020009314127067,-0.5076215252685842,-0.6952835188129307,-0.18371760185948904,-0.2003495066529826,-0.23985188498557483,-0.06498898077263696,-0.08367088262359307,-0.062418167790924996,0.4383372677490324,-3.1453019864784544,1.0
49,-0.5153131182542943,-2.790238682885743,-1.8616662749015678,-0.8524942377883535,-0.12353806324394567,-0.22706329618094268,-0.28827512356924134,0.06237602267014064,-0.12057566616390142,-0.23757321110262297,0.16050632374161755,-0.013794577060524948,0.024902170566065446,-0.01830644267938597,-0.005343298721678685,-0.025320046608120067,-0.017896376543059977,-0.8410497998733294,-8.2947653653536,0.0
50,2.450503602341838,9.7223559694148,1.481347629141748,0.4483272137683896,0.07608086027203675,0.5145407487319253,0.2015732644409115,0.28705822419057714,0.3366607679107678,0.026094266535443,0.19895084159790044,0.04222229346966744,-0.020373601187676782,-0.02035248732727732,0.022856037522316262,-0.03562501264448954,0.005490413758635453,0.15139362051126753,0.9470641860347744,0.0
51,3.1830065840592177,11.259050715366506,3.8117569564937988,2.407615133404607,0.3436883000040895,0.6476970398023029,-0.20280438859386218,0.14020242914979741,0.15139976982082246,0.19646896962686441,0.031211770685454665,0.10773353922602044,-0.01569351241907635,0.14001456076644048,0.03963875610222839,0.012910085171917288,0.04132497639837084,0.4153326205957783,-5.12942723942724,0.0
52,-2.082789777836222,-10.282868671413567,-1.6312844246280793,-0.5573954095625915,-0.5148406920852742,-0.9064978290984478,-0.2515858405951288,-0.3032847088574644,-0.6530409223907675,-0.15179741882528247,-0.3801687578777364,-0.009240718982905238,0.026817693122241276,-0.06317384475187071,-0.007115023075303123,0.004246283400829887,-0.01665490983834579,-1.0031072647171717,-0.3748945761329665,0.0
53,9.318940368940368,36.55911625911625,6.4904761904761905,4.417782067782067,0.025568425568425424,0.7536250536250539,0.5699914199914199,0.27732732732732734,-0.15304590304590307,0.181939081939082,0.5789360789360789,0.1746977963049392,0.18674816823626347,0.11582868582868586,0.04516190633326059,0.07678539747052504,0.03854238636966426,-0.4968682968682968,-3.871042471042471,1.0
54,3.856538628965099,8.783506826153882,3.03228196684079,1.894382933353521,0.01879179599767833,0.4067881431852023,0.5001605597193831,0.24009119413531177,0.006060261942614886,-0.0476669947258182,0.08802347515582798,0.12103623032719679,0.05902475058637524,0.05968931641725764,0.04213880552452635,-0.02078716869602648,0.02655605594199184,-0.5633958538370303,-0.36662297802003607,1.0
55,2.3609949782882094,5.195212335946522,-0.3826593525399353,-0.032111522071716525,-0.1428013040573855,-0.08212318665657914,0.5096785002800039,0.13702860361418523,-0.03093987932554937,-0.03724909666970702,0.1950574291794991,-0.03798996664192747,0.07050898002025827,-0.03089185301393868,-0.004392087969736523,0.005892165142936917,0.006399503040497592,-0.41043515921888307,4.973505272554366,0.0
56,-3.1830065840592177,-11.259050715366506,-3.8117569564937988,-2.407615133404607,-0.3436883000040895,-0.6476970398023029,0.20280438859386218,-0.14020242914979741,-0.15139976982082246,-0.19646896962686441,-0.031211770685454665,-0.10773353922602044,0.01569351241907635,-0.14001456076644048,-0.03963875610222839,-0.012910085171917288,-0.04132497639837084,-0.4153326205957783,5.12942723942724,1.0
57,3.5853176876811332,10.478947033358793,1.7424255308183891,1.1854122709689943,0.11017816217396048,0.8961480046564081,0.23508759564431836,0.13443309141838555,-0.0027047940388276737,0.17648423005565866,0.2787887882425697,0.05470617672336431,0.05505548431493808,-0.028727930954821707,0.018033122531526613,0.017481827995255918,0.008292783484202107,0.07869268919689087,-3.29223083172663,0.0
58,-2.082242063492062,-2.497619047619061,-0.15505952380952515,-0.47787698412698365,-0.17757936507936523,-0.08313492063492056,-0.08501984126984119,-0.28621031746031755,-0.13144841269841265,-0.16388888888888897,0.17103174603174587,-0.03186965917226764,0.04173059964726626,-0.09512208690780119,-0.008206766831287252,-0.008079812521848417,-0.015678139476938593,-0.0182539682539683,-3.666666666666667,1.0
59,2.082242063492062,2.497619047619061,0.15505952380952515,0.47787698412698365,0.17757936507936523,0.08313492063492056,0.08501984126984119,0.28621031746031755,0.13144841269841265,0.16388888888888897,-0.17103174603174587,0.03186965917226764,-0.04173059964726626,0.09512208690780119,0.008206766831287252,0.008079812521848417,0.015678139476938593,0.0182539682539683,3.666666666666667,0.0
60,4.222785874256463,14.251972863737564,4.951535229476409,1.2771713580537112,0.21283748930807755,0.5581575287457645,0.21021707051118832,0.47427131691837576,0.1038608450373156,0.18584552702199758,0.3477313536137068,-0.010157785485839732,-0.03310958746357906,0.05511015983705053,0.0293245891363679,0.029229528849540554,0.017705122269781846,-0.369129889718125,-1.3013484881131916,0.0
61,-1.42116691519265,6.8979929384341006,2.162322461035698,-0.5728373954476886,-0.055356663352986835,-0.22754946238402085,-0.1506970868184101,-0.02292902155034504,0.015956725055989718,-0.041408499588646674,0.24790788255861806,-0.009220535590166334,-0.00737769685379977,-0.020709154934798357,-0.004916072430381432,-0.0015144664978859607,-0.003339625637625507,-0.005045505964623609,1.6212253330819504,1.0
62,-7.207601828610233,-20.465938193459195,-4.354476639140504,-2.921869960105254,-0.06780681969757574,-0.6209395879563953,-0.3524919058532503,-0.2894666957692167,0.004641553591133496,-0.18842961426995053,-0.5186204784944279,-0.05151707440259229,-0.07292573235293504,-0.10092853898876303,-0.04531649683878952,-0.016352071904498375,-0.04809809424866493,0.2113572701807996,1.9457301102259086,0.0
63,-6.446680426556588,-39.553783969728244,-5.40921912624699,-2.1001375988992086,-0.3200722394220846,-0.5037151702786379,-0.5582731338149295,-0.3625902992776058,-0.16713106295149638,-0.24521843825249398,-0.75749914000688,-0.13990206524068755,-0.0811882238275427,-0.11198441364850036,-0.03437069221708955,-0.01607720136676516,-0.028903626699729894,-0.0995184038527692,1.0828001375989,0.0
64,1.42116691519265,-6.8979929384341006,-2.162322461035698,0.5728373954476886,0.055356663352986835,0.22754946238402085,0.1506970868184101,0.02292902155034504,-0.015956725055989718,0.041408499588646674,-0.24790788255861806,0.009220535590166334,0.00737769685379977,0.020709154934798357,0.004916072430381432,0.0015144664978859607,0.003339625637625507,0.005045505964623609,-1.6212253330819504,0.0
65,-0.8020386444051351,5.042649208806331,1.3641576367389057,-1.4170106639146889,0.21666482382426638,0.04786844562386361,0.43116937564499497,0.1355808332104771,0.04725769693842452,0.17045278637770891,0.15888127180696854,0.0700927954914023,-0.07160903835218299,0.017369554757486888,-0.001312481030605224,-0.04400402304245506,-0.016655754431266843,0.16425930021131263,-4.1006474519632405,1.0
66,-8.681307895965407,-32.89979268022998,-4.136960354317168,-3.8738758661359274,-0.39400400511081635,-1.0565715759988201,-0.3486601000049143,-0.273997033023736,-0.5546023453240945,-0.13367763772175534,-0.6153091060985798,-0.09853666108955061,-0.13815100601644165,-0.11180986155981093,-0.035528072075914685,-0.06313779899911785,-0.042213306136556245,-0.8285659000442281,1.1262678755712825,1.0
67,1.4371790075679414,23.164099157206753,4.0871125730994144,0.5927880976952178,0.23542913656690734,0.27353629170966665,0.1663706140350878,0.2642726608187134,0.20015243378052977,0.15133513931888545,0.24589783281733735,0.11425189471500102,0.026779469097580548,0.10427439360247022,0.0016372184782394994,0.005437572909721081,0.004113439798408586,0.17442982456140355,-1.2111713106295134,1.0
68,-1.1274834634810862,-1.1882236507042947,-1.7498468167171168,-1.4794782027643594,0.08040888604245522,0.22059699477877293,0.10203360650480298,0.007138291919638662,0.10056271910678147,0.044486036041210764,-0.0407895694162832,0.004701877070563798,-0.03965644870388345,-0.04268476379786368,-0.01744440406388928,-0.025437159431407733,-0.024180926845464273,0.2758209264567071,0.5577089687549677,1.0
69,0.343268473657405,-2.7237603906528065,0.2258643768512183,0.18282176772888858,0.0879495790873498,0.4625983407717157,0.25168326434773824,0.056324127870180374,0.12142227505037106,-0.06061772263397652,-0.11545377853427397,-0.034477261930822234,-0.008182251280806505,0.009389432884176124,0.007598246935696294,-0.007722240829393812,0.0037892660111855728,0.0089608490924281,1.7791846297264273,1.0
70,-11.397284111012826,-30.65637636633599,-6.838595043280476,-5.148373033423896,-0.23688712327036066,-1.1558681367283752,-1.007943111455108,-0.6017270724079105,-0.11638951633284889,-0.49737434447463225,-0.5514010867504895,-0.13238311113919254,-0.13554900919128185,-0.1696655944251529,-0.06313954928252548,-0.08177826758702372,-0.0706656857684812,-0.024073576799140774,2.3188206861692064,1.0
71,0.7302674685027668,-8.455556137909099,-0.6798059209823943,-0.039220385543913494,-0.24740563122916037,0.07238094591035771,0.08552734214498914,0.1551478838243544,-0.06990231181407652,-0.3510888312358901,-0.35951064995182613,-0.047300095567542,0.010217460645641552,0.031975245811142305,0.0013630102618404222,0.032414654331949413,0.008511347748095408,-1.152278053748642,-5.126550516256404,0.0
72,2.5192019263845875,5.7392294461644155,2.306141579438796,0.2851540616246506,0.7120998574868544,0.3823644896555116,-0.15155806182121978,0.19199026979212752,0.19440095336380148,0.13204457221485083,0.0655653840483561,0.01998997831114885,-0.10474732173571183,-0.04714681025697537,0.033813871782648164,-0.03865268899886546,0.020358448100496584,0.26891051157305035,-6.621664455255789,0.0
73,13.439904904904907,57.866438938938956,12.776186186186187,5.787369869869869,0.6126976976976979,1.4413688688688686,0.892752752752753,1.0789539539539543,0.3188863863863864,0.6059559559559561,0.9273773773773772,0.2407053575109131,0.17208590420395978,0.27879262952179623,0.061191460223321406,0.1279821127249383,0.07428723676003696,-0.30822322322322315,-5.834697197197199,0.0
74,11.050350934470513,41.02467912710366,8.433086462180889,4.164718076656932,0.5707206186172902,1.1927735417305854,1.2367791348402808,0.7772643070978984,0.12889955745218906,0.6193251760163523,0.6972474351286271,0.17878242316794124,0.02495637064957887,0.21100657131865905,0.0669135067327685,0.04002415660619707,0.05267690756985378,-0.058079147258713854,-6.264487402594988,0.0
75,4.450636407511407,10.666049710424716,3.9000962325962334,2.3534273721773724,0.40789041476541454,0.17665928103428197,0.6479976892476895,0.5711797999297998,-0.04365303615303612,0.4702291739791739,0.15417741605241608,0.043178800345268165,-0.09386213326351314,0.1093624855432892,0.04791113636126203,-0.004864277132483691,0.053138569323162514,-0.2892073242073242,-2.8795567158067135,1.0
76,-2.5775062656641605,-8.639745196324142,-4.109993734335841,-0.5610693400167088,-0.5687656641604009,0.12608604845446936,-0.36622807017543857,-0.4802370509607351,-0.07278613199665826,-0.4426169590643275,-0.6165413533834586,-0.048819593626924396,0.018626401518397118,-0.06533622001432149,-0.01827150067364257,-0.0037804315859599896,-0.015129662230796932,-0.07033208020050125,2.0595655806182096,0.0
77,-9.04636424702214,-19.481396019224945,-7.229845485437593,-3.5311509475983174,-0.7452615594062963,-1.5415483066798852,-0.7337410376884059,-0.9681945701682545,-0.2551668893774156,-0.4509827111800797,-0.7374229492650545,-0.08356507628748222,0.013128664770660381,-0.15095308080704817,-0.0735469146479287,-0.05588463291746029,-0.07103977163639916,0.5240899392215181,1.7491674389700709,1.0
78,-3.856538628965099,-8.783506826153882,-3.03228196684079,-1.894382933353521,-0.01879179599767833,-0.4067881431852023,-0.5001605597193831,-0.24009119413531177,-0.006060261942614886,0.0476669947258182,-0.08802347515582798,-0.12103623032719679,-0.05902475058637524,-0.05968931641725764,-0.04213880552452635,0.02078716869602648,-0.02655605594199184,0.5633958538370303,0.36662297802003607,0.0
79,8.681307895965407,32.89979268022998,4.136960354317168,3.8738758661359274,0.39400400511081635,1.0565715759988201,0.3486601000049143,0.273997033023736,0.5546023453240945,0.13367763772175534,0.6153091060985798,0.09853666108955061,0.13815100601644165,0.11180986155981093,0.035528072075914685,0.06313779899911785,0.042213306136556245,0.8285659000442281,-1.1262678755712825,0.0
80,9.62996321335552,33.49643050202537,4.502853071052984,3.549043477039938,0.561626053930344,1.3976225577950474,0.5822511460724642,0.4199451710508766,0.6986850880703158,0.24395126471641282,0.6989480002527326,0.09518256701527372,0.09670107224176219,0.10367549174045462,0.03488438572468492,0.0526218000709843,0.04423443336566658,1.0453823634717045,-1.1708936206061376,1.0
81,2.082789777836222,10.282868671413567,1.6312844246280793,0.5573954095625915,0.5148406920852742,0.9064978290984478,0.2515858405951288,0.3032847088574644,0.6530409223907675,0.15179741882528247,0.3801687578777364,0.009240718982905238,-0.026817693122241276,0.06317384475187071,0.007115023075303123,-0.004246283400829887,0.01665490983834579,1.0031072647171717,0.3748945761329665,1.0
82,1.6974877719459798,6.958837447382322,-1.9767763540209344,0.6219314740986546,0.0630782873816933,0.30462318898851404,0.0602141580469755,0.004715666170774457,0.4168062243913637,-0.08628308396110251,0.3348773861157761,0.0031172071184432104,0.09966928439064661,-0.0008829076299389227,-0.012205298584120755,0.014064636767877225,-0.010259706601097512,0.6516149485189733,-3.5755412801852424,1.0
83,7.703015523061966,33.25108038962528,2.170268213611868,1.5729434251106067,0.37899543124001334,1.0448553424559615,0.6780610170703051,0.2221922527650083,0.6663204356702808,0.07146058848845216,0.43536518807416646,0.09883289113663674,0.09717800452064254,0.10898470628242923,0.0006892606985298838,0.04528358065668786,0.014501047890437727,1.0311775427874499,1.6862140124524032,1.0
84,9.04636424702214,19.481396019224945,7.229845485437593,3.5311509475983174,0.7452615594062963,1.5415483066798852,0.7337410376884059,0.9681945701682545,0.2551668893774156,0.4509827111800797,0.7374229492650545,0.08356507628748222,-0.013128664770660381,0.15095308080704817,0.0735469146479287,0.05588463291746029,0.07103977163639916,-0.5240899392215181,-1.7491674389700709,0.0
85,-4.048739495798323,-13.577824463118574,-5.129551820728288,-3.6162931839402415,-0.03627450980392166,-0.626797385620915,-0.6676937441643325,-0.5010737628384687,-0.2618113912231559,-0.20126050420168068,-0.42189542483660136,-0.032925379164874924,-0.09403061224489803,-0.11346827619936867,-0.03135079686168699,-0.043461850616829625,-0.03935274276728491,0.07600373482726447,-1.9418300653594773,0.0
86,7.422693913980954,33.988532179111566,5.012912616445348,2.077253210435431,0.21788965941995564,1.1013377778802365,0.7346723587490946,0.4221674397592132,0.03981102161111005,0.11290453355358271,0.4692678612459684,0.045903448758149834,0.10651316006883235,0.027221549664368933,0.02079769524242104,0.05861191226879969,0.023711627038243872,-0.5389037691890411,-0.9233013191051676,0.0
87,-6.800709833482944,-8.69636476212105,-3.5029763707284705,-3.084729477376536,-0.1728973571410546,-0.12288893034691428,-0.3633643998139797,-0.382070395725858,-0.1523505798715882,-0.504650734167541,-0.3328156037189647,-0.07790903752751,-0.010935919731437926,-0.17982617398933926,-0.055645007751392944,-0.009141782680503072,-0.06160863815086268,-0.5498618366265424,2.5099830472729634,1.0
88,-0.8167346456116498,28.47197174603592,2.838779477616381,-0.816643344851899,0.20839188031701394,0.5217907321516946,0.14380259921703753,-0.12784920311658277,0.06209715514528344,-0.18269332861578852,0.2662618509543646,0.06357244956676772,0.04115336927046939,-0.058262293910689655,-0.015420380555502655,-0.01465823576832967,-0.026805093383411235,0.014506059292155538,3.218765981934432,1.0
89,-1.6974877719459798,-6.958837447382322,1.9767763540209344,-0.6219314740986546,-0.0630782873816933,-0.30462318898851404,-0.0602141580469755,-0.004715666170774457,-0.4168062243913637,0.08628308396110251,-0.3348773861157761,-0.0031172071184432104,-0.09966928439064661,0.0008829076299389227,0.012205298584120755,-0.014064636767877225,0.010259706601097512,-0.6516149485189733,3.5755412801852424,0.0
90,-2.8696069290186976,1.4367787767787803,-0.3620752014869666,-1.6184156584156577,0.09314417608535197,-0.15660045836516456,-0.33981066863419795,-0.3435840194663725,0.07444927621398201,0.07879706350294569,-0.0932423567717684,0.009637140992215576,-0.03135588744456837,-0.015937741319754728,-0.022323076250098828,-0.03828465321342936,-0.01030774409970979,0.9936607183666005,6.257221863104217,1.0
91,5.119086486269149,22.03034055727555,3.8885730368702554,1.0353705118411005,0.49126291664991356,0.20791283020385154,0.05960355434039655,0.22926299706485465,-0.017727473764625468,0.27464918981946845,0.5382493667323394,0.05127909458917457,0.056891876367772015,0.025703786516781568,0.026099486654634615,0.0251241129560741,0.010738358869883322,0.055317437979976736,-2.6647380483293794,0.0
92,7.647582972582972,29.226091269841277,4.76884018759019,3.1845418470418467,0.15688131313131315,0.7453102453102449,0.6617965367965368,0.42320526695526683,-0.12970779220779222,0.17177128427128424,0.40530303030303094,0.11837682554980272,0.12956181715110288,0.11427627289437356,0.038212077530245796,0.05897439910274327,0.03364354217803255,-0.7622835497835497,2.199882756132757,1.0
93,6.4131879014231945,8.29774849333672,1.6891399994341167,2.695182214299862,0.46959015929604164,1.3531767252355493,0.30919064595535206,0.28105919135330915,0.12215219421101775,0.1426668647256883,0.29371869960105235,-0.0005605297026864964,0.03219867913495365,0.07350913429344794,0.03883766668270681,0.024309113852457445,0.03857360987243282,-0.03248026483320597,-0.10383102736043881,0.0
94,-1.6301154401154427,-6.5398590951532185,-1.7412834224598939,-2.255653170359051,0.05532467532467511,-0.04720397249809016,-0.05396231219760628,-0.10272387742975986,-0.3259027247262541,-0.02395127748068926,-0.30929208046855083,-0.010378004193130175,-0.09614958508655994,-0.05496921068349642,-0.00012261053212436757,-0.05988670467351062,-0.010080609856340642,-0.4942602495543671,2.5403344368050282,0.0
95,10.324589651834229,37.046716329765864,9.608789430383858,4.266335659524513,0.5751595411812132,1.170734640316683,1.0081787149898607,0.6686469447305359,0.18466548071811228,0.6607843137254902,0.6440440450502372,0.17749280125900502,0.04752301498273792,0.21822366917251076,0.07163951556993611,0.05700161357267419,0.06610965288389867,0.3536056994261329,-2.4610379128955007,0.0
96,3.9438489614960197,5.1563408813408955,3.382599426717075,2.401239283592224,0.4133471104059341,0.6197753227164984,0.13117568705804006,0.32113931819814145,0.2313593269475622,0.3349385908209438,0.157664067958186,0.04550688469637848,-0.01037958764012123,0.07224617015616469,0.03255189775656343,0.039688833721616676,0.03823970702514681,0.4903171991407286,-0.7918645080409803,1.0
97,9.457126877250715,18.541212373797507,6.872721318928749,4.95269616864044,0.4032960589462139,1.4436350285421486,0.5964140091075076,0.48997723123110104,0.17477555983747933,0.4884416924664603,0.3758490477530725,0.09150266229866483,0.04848146853959928,0.203262363899028,0.06231832149696447,0.0787332792210762,0.07647229781623843,0.3464800421456768,2.016467124207061,1.0
98,8.296469086469086,20.616157731157735,7.798337773337773,3.76056055056055,0.10440614940614945,0.9234903984903979,0.8365057165057166,0.7826867576867574,0.2581890331890332,0.4541636141636142,0.21654290154290146,0.05507411495243725,0.09065374009138578,0.0930047508223083,0.05532998196144034,0.07586129855159997,0.05320452858474653,-0.14066822066822063,-0.43435786435786383,1.0
99,0.5153131182542943,2.790238682885743,1.8616662749015678,0.8524942377883535,0.12353806324394567,0.22706329618094268,0.28827512356924134,-0.06237602267014064,0.12057566616390142,0.23757321110262297,-0.16050632374161755,0.013794577060524948,-0.024902170566065446,0.01830644267938597,0.005343298721678685,0.025320046608120067,0.017896376543059977,0.8410497998733294,8.2947653653536,1.0
100,6.5116320212295395,40.22165462676296,7.914757481940148,2.707292741658068,0.646889282028601,1.051815814044916,0.30087719298245613,0.5209813750061429,0.030994152046783685,0.15882352941176467,1.0041599095778666,0.18562624252252735,0.09244468441284004,0.19938990127328624,0.039793281991590025,0.011106340227595629,0.03812465273793569,-0.6623273870951889,-4.270848690353336,0.0
101,11.397284111012826,30.65637636633599,6.838595043280476,5.148373033423896,0.23688712327036066,1.1558681367283752,1.007943111455108,0.6017270724079105,0.11638951633284889,0.49737434447463225,0.5514010867504895,0.13238311113919254,0.13554900919128185,0.1696655944251529,0.06313954928252548,0.08177826758702372,0.0706656857684812,0.024073576799140774,-2.3188206861692064,0.0
102,3.908920436024511,14.04826706224896,5.312967751203045,1.1148718501207195,-0.07682849076514231,0.3849123475820311,0.527150591992221,0.7632213437643302,0.22379073917535444,0.15056525174172236,0.13624970303703332,0.04821600284366928,0.05223827854214626,0.026564794491103494,0.029948223872867545,0.017519887115084273,0.01913860373013114,-0.7777307056945066,-1.4385398814358084,0.0
103,7.253720318536772,22.991983109033093,4.293616744943591,2.6049993389168526,0.31750881639205364,0.6932554308273013,0.6498947239714599,0.43518854910385196,0.14821680134041923,0.6779744353881905,0.3576484687442225,0.07135975464031358,0.04544372841729283,0.09063292309003976,0.03285409494527903,0.03671958069854972,0.03653791372704044,0.7820053752495151,2.718996545986819,0.0
104,-0.7302674685027668,8.455556137909099,0.6798059209823943,0.039220385543913494,0.24740563122916037,-0.07238094591035771,-0.08552734214498914,-0.1551478838243544,0.06990231181407652,0.3510888312358901,0.35951064995182613,0.047300095567542,-0.010217460645641552,-0.031975245811142305,-0.0013630102618404222,-0.032414654331949413,-0.008511347748095408,1.152278053748642,5.126550516256404,1.0
105,12.184424877366062,60.06717955512073,11.368392646039702,5.401220428573369,0.6807317951435599,1.3162808283396519,0.46990569755275624,0.8757320669085376,0.26311992988463573,0.5174177571236395,0.966581740111152,0.2120846291559848,0.16408387724846998,0.25855137695823965,0.0568761735292858,0.09628823567096735,0.06241765050287636,-0.19038875980052447,-4.590995067465657,0.0
106,5.268695312812966,18.122623490270556,4.251400030811791,2.9989621313150723,0.36432274667568776,0.4819556437203494,0.06345972522443089,0.5203717409599763,-0.035271123506417645,0.2007829213711566,0.6089465648289181,0.034522631292866424,0.05882854279145483,0.05935088531377036,0.025262697546806545,0.05661890183267667,0.03734905829793764,-0.7097198861904743,-2.7999586528998313,1.0
107,1.723604826546012,9.758832361773543,1.0686444362914926,0.7831111654641072,0.17945320886497362,-0.02690812984930613,-0.29714442949737085,0.10384479502126576,-0.19174377997907405,0.10786012256600486,0.27544059897001105,-0.009997236359138684,0.057125407790000526,-0.012820826913964245,-0.009642711020465614,0.03308347347393295,-0.0062512531841951435,-0.3754569048686695,-2.7852547117253046,1.0
108,8.39088018499783,27.470866970866958,7.046077399018574,5.591466562054797,0.7025340848870261,1.2721388309623602,0.2765366588895999,0.5267517326340855,0.2016565840095252,0.37262472556590204,1.1561573032161265,0.18231786963643343,0.0361407314042914,0.2736606648466847,0.06617239994999655,0.04721465006188501,0.07382638586684807,0.09505915388268332,-3.773532508826624,0.0
109,8.586326109391127,18.765823873409005,4.66692466460268,4.572411420708633,0.231888544891641,1.3093567251461988,0.5933608531131751,0.38120055039559686,0.36750945992432055,0.2384416924664603,0.5382524939800482,0.05001131114327706,0.10404286860943215,0.17031483938604683,0.03373322119939869,0.08135784522517883,0.046826585729930856,0.44950120399036786,-1.5770037839697286,0.0
110,1.6301154401154427,6.5398590951532185,1.7412834224598939,2.255653170359051,-0.05532467532467511,0.04720397249809016,0.05396231219760628,0.10272387742975986,0.3259027247262541,0.02395127748068926,0.30929208046855083,0.010378004193130175,0.09614958508655994,0.05496921068349642,0.00012261053212436757,0.05988670467351062,0.010080609856340642,0.4942602495543671,-2.5403344368050282,1.0
111,4.048739495798323,13.577824463118574,5.129551820728288,3.6162931839402415,0.03627450980392166,0.626797385620915,0.6676937441643325,0.5010737628384687,0.2618113912231559,0.20126050420168068,0.42189542483660136,0.032925379164874924,0.09403061224489803,0.11346827619936867,0.03135079686168699,0.043461850616829625,0.03935274276728491,-0.07600373482726447,1.9418300653594773,1.0
112,-4.450636407511407,-10.666049710424716,-3.9000962325962334,-2.3534273721773724,-0.40789041476541454,-0.17665928103428197,-0.6479976892476895,-0.5711797999297998,0.04365303615303612,-0.4702291739791739,-0.15417741605241608,-0.043178800345268165,0.09386213326351314,-0.1093624855432892,-0.04791113636126203,0.004864277132483691,-0.053138569323162514,0.2892073242073242,2.8795567158067135,0.0
113,-7.647582972582972,-29.226091269841277,-4.76884018759019,-3.1845418470418467,-0.15688131313131315,-0.7453102453102449,-0.6617965367965368,-0.42320526695526683,0.12970779220779222,-0.17177128427128424,-0.40530303030303094,-0.11837682554980272,-0.12956181715110288,-0.11427627289437356,-0.038212077530245796,-0.05897439910274327,-0.03364354217803255,0.7622835497835497,-2.199882756132757,0.0
114,0.8167346456116498,-28.47197174603592,-2.838779477616381,0.816643344851899,-0.20839188031701394,-0.5217907321516946,-0.14380259921703753,0.12784920311658277,-0.06209715514528344,0.18269332861578852,-0.2662618509543646,-0.06357244956676772,-0.04115336927046939,0.058262293910689655,0.015420380555502655,0.01465823576832967,0.026805093383411235,-0.014506059292155538,-3.218765981934432,0.0
115,1.2176630301243279,21.4843186397366,1.2784227726178194,1.0008833357904563,-0.0583763329893362,-0.06812128360115999,0.304465821416286,-0.015802987861811446,-0.08631628089832424,-0.05891690009337075,0.1666494668042655,0.08997076005663646,0.13082393337451942,0.10909468722125362,-0.01343629383521136,0.036895086746815686,0.000832504815568666,-0.2588603862597671,5.897603076318246,0.0
116,-4.222785874256463,-14.251972863737564,-4.951535229476409,-1.2771713580537112,-0.21283748930807755,-0.5581575287457645,-0.21021707051118832,-0.47427131691837576,-0.1038608450373156,-0.18584552702199758,-0.3477313536137068,0.010157785485839732,0.03310958746357906,-0.05511015983705053,-0.0293245891363679,-0.029229528849540554,-0.017705122269781846,0.369129889718125,1.3013484881131916,1.0
117,-6.327750504221093,-26.23637923637923,-6.7392771731007,-3.9006834889187827,-0.34653795683207445,-0.7983258792082324,-0.2184378949084831,-0.39111857494210434,-0.03868720045190632,-0.14244803950686308,-0.5323676941323998,-0.10352062769264947,-0.06735259172233964,-0.20039781552386587,-0.052818322046602355,-0.04255929924080096,-0.057951695562503555,0.41996666996667,0.4820176511352958,0.0
118,-8.39088018499783,-27.470866970866958,-7.046077399018574,-5.591466562054797,-0.7025340848870261,-1.2721388309623602,-0.2765366588895999,-0.5267517326340855,-0.2016565840095252,-0.37262472556590204,-1.1561573032161265,-0.18231786963643343,-0.0361407314042914,-0.2736606648466847,-0.06617239994999655,-0.04721465006188501,-0.07382638586684807,-0.09505915388268332,3.773532508826624,1.0
119,5.997501329080279,10.537211716159078,2.679696716538823,3.1607275765170493,-0.03720665299612669,0.8753753069542543,0.580853649274702,0.42515632515632507,0.3409635199108883,-0.08273208273208288,0.45203412571833623,0.036866865810436744,0.09579190681529863,0.13424322124106344,0.02981773175539157,0.056344035347070484,0.026082514286037563,-0.333849775955039,0.14463431305536556,0.0
120,1.0246151092015765,7.7323137388926995,-0.44605778515552785,0.19753930280246124,0.0940940012368583,-0.0010054899152645014,0.16349586086428203,-0.10886577916653106,0.06830875891026272,-0.1451643177207087,0.14395376970564944,-0.009510433926282758,0.027000335663063924,0.023774139500570057,-0.0019968179641055572,0.0030222518806616028,-0.0040457210534981525,0.06402044071216995,0.18128790591196964,0.0
121,2.1941950464396243,18.022915130964655,3.4130768096712387,-0.19606860287974825,0.3922674332891049,-0.39146149687945353,0.4464654282765738,0.2482922993758907,-0.036862990810359264,0.5441176470588235,0.4808405818467738,0.12057272869275298,-0.012017679203935289,0.0723076517067929,0.0060010898970663945,-0.005329219214157202,-0.005131793633106785,0.5179247137451471,-4.5847142365718225,0.0
122,2.5775062656641605,8.639745196324142,4.109993734335841,0.5610693400167088,0.5687656641604009,-0.12608604845446936,0.36622807017543857,0.4802370509607351,0.07278613199665826,0.4426169590643275,0.6165413533834586,0.048819593626924396,-0.018626401518397118,0.06533622001432149,0.01827150067364257,0.0037804315859599896,0.015129662230796932,0.07033208020050125,-2.0595655806182096,1.0
123,-9.46451343795094,-29.66239628427131,-6.024438582251083,-5.038192189754689,0.22788149350649334,-1.4457589285714283,-1.0683396464646464,-0.6738365800865802,0.05071924603174596,-0.3187342171717171,-0.44118641774891776,-0.09225878549506444,-0.16820207543929136,-0.09056993617904069,-0.05997363095727235,-0.07474809097469391,-0.06470852018264231,0.8116432178932178,-3.2607052669552674,1.0
124,-0.8297817460317454,14.658650793650796,2.532460317460318,0.37325396825396817,0.03236111111111112,-0.1807738095238094,-0.4257738095238095,0.004861111111111149,0.10888888888888891,-0.025099206349206316,-0.025793650793650924,0.08518392542202066,0.06251322751322752,0.08487799981103551,-0.005003032341979546,0.0073763342572649715,0.006891666778861029,0.1578571428571429,2.8869047619047628,0.0
125,-2.4315720211553558,-3.9673071339738044,-0.3466166382833036,-0.05345410345410295,0.17211283252949922,-0.059919470336137204,-0.358687935771269,-0.14070111778445116,0.028690053690053674,-0.13372070663737337,-0.20684894851561508,-0.022596838747632436,-0.025134087911865666,0.019520979731793203,0.0011088872858523585,-0.025529159229515062,0.007608279739019008,0.07134092967426302,6.783161624828294,1.0
126,9.197951908035945,30.558428826075904,4.359576557895885,3.1918840263378074,0.4635745207173779,1.3274855396704137,0.40703554148932286,0.424891774891775,0.0578285859798465,0.37403324966350177,0.4780184801193206,0.11661965055954465,0.07234236002093149,0.16465020617497395,0.04001588031124301,0.06002763803417308,0.03610083804441143,0.013940121503146774,-0.7007275637527748,0.0
127,-6.412005125937014,-30.62932330827067,-4.905845023569482,-2.670521703958236,0.006478394326691617,-0.5809755346133056,-0.7550781176168174,-0.3222312001723766,0.029317070957937813,-0.11902966314731012,-0.36600305439314695,-0.0867245008143318,-0.11950191486237487,-0.1708081643759072,-0.02368825888673408,-0.062260305815507275,-0.0260637759223196,0.4650372159660085,-5.01190674650427,0.0
128,-1.2176630301243279,-21.4843186397366,-1.2784227726178194,-1.0008833357904563,0.0583763329893362,0.06812128360115999,-0.304465821416286,0.015802987861811446,0.08631628089832424,0.05891690009337075,-0.1666494668042655,-0.08997076005663646,-0.13082393337451942,-0.10909468722125362,0.01343629383521136,-0.036895086746815686,-0.000832504815568666,0.2588603862597671,-5.897603076318246,1.0
129,-5.997501329080279,-10.537211716159078,-2.679696716538823,-3.1607275765170493,0.03720665299612669,-0.8753753069542543,-0.580853649274702,-0.42515632515632507,-0.3409635199108883,0.08273208273208288,-0.45203412571833623,-0.036866865810436744,-0.09579190681529863,-0.13424322124106344,-0.02981773175539157,-0.056344035347070484,-0.026082514286037563,0.333849775955039,-0.14463431305536556,1.0
130,0.42254882038163366,7.116805660149311,1.7446726912671195,-0.09522448144739126,0.009819859665060882,-0.21008137726403997,0.17957353638468182,-0.023984178782940346,-0.18024061212915699,0.14149443561208272,0.07983558525354195,0.0478723159450713,0.026474801237074547,0.07181432149182412,-0.006979030173405815,0.03324077077877653,0.0020329530997803408,-0.029523995468267866,-6.575697656967008,0.0
131,-1.5723649345940363,-6.8686260563969554,-1.3499609516637356,-1.137811340752516,0.16076339497392128,-0.4996680891417733,-0.6024182076813657,-0.29171477979527505,-0.193897302875631,0.0012467575935068975,-0.10853485064011381,-0.09211606856343707,0.009154346739486036,-0.043058281634133,-0.02403171082154381,0.04191866573502177,-0.012329818186242326,0.19812846902630188,-7.56026692327002,1.0
132,-9.505972035383795,-37.0012535159594,-7.681739431739434,-3.38798866740043,-0.6147018058782763,-1.2277526395173455,-0.9449064449064454,-0.8791223350046876,-0.3083241612653378,-0.5569891158126452,-0.5338755044637398,-0.17139030741971922,-0.003554494730965363,-0.13072403660638943,-0.07443177505777718,0.011036821726365678,-0.05354231557811962,0.027618115853410008,-3.090344869756634,1.0
133,-2.450503602341838,-9.7223559694148,-1.481347629141748,-0.4483272137683896,-0.07608086027203675,-0.5145407487319253,-0.2015732644409115,-0.28705822419057714,-0.3366607679107678,-0.026094266535443,-0.19895084159790044,-0.04222229346966744,0.020373601187676782,0.02035248732727732,-0.022856037522316262,0.03562501264448954,-0.005490413758635453,-0.15139362051126753,-0.9470641860347744,1.0
