,MP,ORtg,%Ps,Pts,OR,DR,A,TO,Blk,Stl,PF,2Pt %,3Pt %,FT %,2Pt %Att,3Pt %Att,FT %Att,Pnts-Prev,Marg,Result
0,-1.3594696991755786,-8.76298046592165,-0.8889109697933222,-0.6459114414996772,-0.14137306343188694,-0.08703457821104887,-0.4110990758049581,0.01601452777923351,-0.11275460981343335,-0.14855823826412068,0.028233032644797484,-0.01857960945145823,-0.01087041873806581,0.04168930312837879,-0.00510112687769676,-0.009898267628145524,-0.008787566451555831,-0.5546547517135753,-10.143665158371038,0.0
1,-5.167954757660638,-20.14902385196504,-2.854649435531787,-3.0231453187335537,-0.07301799507681872,-0.2079789491554198,-0.3772260419319242,-0.18940242763772164,-0.10083184789067146,-0.25958534929123167,-0.40287114845938365,-0.04518615537618592,-0.07332296244060951,-0.06252189091124666,-0.025618884298325255,-0.04285340914796916,-0.027557542596731287,-0.34202953908836264,4.696078431372549,1.0
2,-0.6005236868394785,-16.78380636906953,-1.6232623516834064,-0.2773088315193588,-0.06740855635592485,0.06064619590935383,0.06767881241565443,0.30541300804458715,0.06595930385404072,0.0001845522898154539,0.04829205881837462,-0.06015975347656821,-0.055780158387472134,0.0037229135223385,0.00976717549228466,-0.0069192514281208595,0.005783503846576846,-0.4785383038014616,-3.2593119161540223,0.0
3,1.0301982228297977,0.9591524265208449,1.1359398496240605,0.36856459330143565,0.33699931647300063,0.5924880382775115,0.2221120984278877,0.21534518113465473,0.14946001367054,0.1389405331510596,0.17703349282296643,-0.023044246897630294,-0.049823601210819274,0.05820824243863129,0.01922986423169218,-0.012940199491703552,0.012093805506377106,0.1461107313738893,3.2692139439507866,0.0
4,2.3644391727983063,4.0719043598300715,1.3725986088215194,1.4182121971595665,0.05257506511376464,0.5060751254249702,0.5693288479666188,0.14818574957893837,0.0013328776486670746,0.12820933796166006,0.23041427097154665,0.017047138705311604,0.05513801462459872,0.06036982700221688,0.019940316177068554,0.013470767862938958,0.019457001183089517,-0.03728706793722275,1.0320909224933992,1.0
5,4.276599643047012,12.620366572998158,2.409938039543304,1.015530619477988,0.4044046353256879,0.7791574896838047,0.3432865623655095,0.17760847826637272,0.09991392622971565,0.13589402799929123,0.34976393002708783,0.022568320630141914,0.034151694170491145,0.0672489053604248,0.02027433441869804,0.004201848399168623,0.01881408861858505,0.11639895192526775,-2.516784385205442,1.0
6,-1.2228761052190578,-0.5005181575640023,-0.700456419641478,-0.9985359292659801,0.19905408682997827,-0.0731660529623186,0.10961788635812408,-0.18210482217273394,-0.009664189800013212,0.23259762308998316,-0.17338654554274213,-0.00018098643603015052,-0.02944571840157581,-0.045427538828512026,-0.00392177625796071,-0.019405413060950907,-0.007074163337567982,0.8100765109254073,5.163911979361894,1.0
7,-3.4815762015762015,-23.94484293484293,-4.683549783549783,-1.3812398712398721,-0.6836430236430238,-0.4505050505050505,-0.10884004884004894,-0.2745343545343544,-0.13880896880896876,-0.15260850260850267,-0.3733211233211231,-0.11691455378878479,0.022480804909376345,-0.10944419649614451,-0.01961274483685005,-0.018601070296563285,-0.019370713827235556,-0.033766233766233895,2.285825285825286,0.0
8,5.0107101086048385,24.358446115288217,5.204611528822053,2.5997410192147035,0.7441687552213867,0.7878780284043445,0.4657894736842103,0.4995405179615706,0.37739348370927306,0.08072681704260654,0.5182957393483709,0.022162890947352132,0.01142396701043319,0.1709541634290271,0.037514282186759756,0.020827855266354223,0.03353061054105198,-0.08284043441938188,-2.1213533834586453,0.0
9,4.386963621174143,15.615235057340328,2.800934153565729,1.4417407154249267,0.7155844155844155,0.38354218880534696,-0.10348219032429595,0.20748082327029704,0.4733500417710943,0.14944558365611,0.5287726892990052,0.03842072153119658,-0.01223991280695541,0.10530856160413016,0.020809040216674013,0.014405961294053943,0.0206270969918554,0.8306296043138147,-5.255259360522517,1.0
10,3.134835194045717,25.04027113237639,2.915869218500795,1.7945906432748542,0.630050505050505,0.33868288144603964,0.6825657894736841,0.25247541201488566,0.3116527113237638,-0.06718500797448168,-0.029704944178628345,0.04666143481134044,0.06290944070549334,0.10986100214319916,0.014270999468367865,0.014270999468367865,0.01427099946836792,-0.0160154173312069,4.226973684210527,1.0
11,2.8311386864328014,5.66409968409971,-0.31816571345983213,1.5082262094026815,0.3469138810315281,0.8047913612619502,0.44784795490677887,0.028171288171288333,0.018890838890838868,-0.04239506121859049,0.2908867920632625,0.033242360383589076,-0.025109701875171753,0.026770587690991776,0.012240667716495804,0.0006672299050230757,0.01655106080739749,-0.10335102099807984,-0.541083558730616,0.0
12,3.8666938997821365,10.635317161052463,2.9605015082956303,1.1568732193732183,0.02992500418970989,0.18924920395508615,0.3306623931623932,0.07630509468744773,-0.08562719959778783,0.11912393162393159,0.25322607675548814,-0.0014644355142092724,0.04050250312505216,0.05140206675133138,0.01977037799587037,0.025297790174515868,0.021700567486535816,-0.08561672532260767,-11.513574660633482,0.0
13,-5.168325791855203,-8.801357466063337,-1.3665158371040675,-2.8201357466063373,-0.2411764705882351,-0.8237556561085977,-0.5185520361990951,-0.6409502262443437,-0.15678733031674205,-0.023981900452488658,-0.25316742081447985,-0.07655209333054169,-0.019318761304055437,-0.1223412208706327,-0.02466063348416289,-0.02466063348416292,-0.024660633484162905,0.9203619909502262,-2.676470588235294,1.0
14,-1.216970896750306,3.880741807212388,0.7480229329494019,-1.284593959961608,0.23092605923488274,0.09756615933086543,-0.18293826271767444,-0.050195392842452,0.01476587138351837,-0.10105409296585777,-0.10746863430686981,0.03663405753882698,0.0011649203193320468,-0.02008399747524603,-0.019802247107019166,0.001135909552768044,-0.016001669326357063,-0.07218565747977511,-0.2796637186343087,0.0
15,1.225158982511923,-1.9822469528351618,0.06240063593004841,0.8485691573926868,0.1892554319024904,0.2566905140434552,-0.13745363010068878,0.3733439321674614,-0.06915739268680454,0.11645468998410174,0.3820217276099629,0.03057691853647737,0.022592471673354042,0.01906478608297496,0.004305776364599889,0.004305776364599917,0.004305776364599889,-0.6520932697403286,-5.577901430842605,0.0
16,-1.979898404898405,-23.87861140361141,-2.8959283959283972,-0.35717405717405626,-0.0957899457899456,-0.06267501267501263,-0.5896298896298896,0.13887036387036344,0.02255274755274761,-0.2263162513162515,-0.16421356421356426,-0.04665623247874334,-0.041842968509635176,-0.08081264080181827,-0.005075824300574683,0.005021834119550331,-0.005401800253202152,-0.6852677352677351,-9.093603993603995,0.0
17,-0.17499999999999893,1.75416666666667,0.39166666666666927,-0.29999999999999893,-0.33958333333333324,-0.1437499999999996,0.07500000000000007,-0.039583333333333304,1.1102230246251565e-16,0.15416666666666662,-0.05624999999999991,0.030867879227254258,0.044616402116402124,0.004570128506612536,0.0,-1.3877787807814457e-17,1.3877787807814457e-17,0.38750000000000007,-0.45000000000000195,1.0
18,1.7212375837375866,3.1751848001847947,0.5868243243243256,1.3036858974358974,-0.12447880572880554,0.0672196234696234,-0.09378465003464997,0.06722251097251086,0.18271107646107654,0.022327616077615964,0.2102708477708477,0.0462052608146358,0.05061868889993888,0.08400557166182168,0.010543009945881025,0.022980394045076152,0.008795228670427986,0.27563236313236317,-5.748076923076922,1.0
19,-0.3180311890838201,0.16898148148148096,-0.45667641325536046,0.08619639376218391,-0.10615253411306025,-0.02250243664717333,-0.016605750487329263,-0.15330165692007802,0.12245370370370384,-0.0797392787524368,-0.027485380116959224,-0.015886263403866285,0.00443738985862524,0.02408601196156024,0.002876265487050278,-0.011887980471612117,0.00398250215771552,0.3920321637426901,-1.116666666666668,1.0
20,-3.0126443001443004,-15.18849206349207,-1.503300865800865,-1.3228986291486295,-0.3041035353535353,-0.8016323953823952,-0.4918740981240981,0.006899350649350544,0.18871753246753253,-0.012148268398268436,-0.25128066378066394,-0.04805390105275115,-0.034873288713250794,-0.015170840588183687,-0.011883701621690265,0.0005502489155966017,-0.017803620221142874,0.33933982683982683,-0.7210317460317492,1.0
21,-5.447794117647058,-22.875980392156855,-5.081617647058822,-1.571200980392156,-0.1579656862745097,-0.33958333333333357,-0.41041666666666665,-0.5055147058823531,0.18370098039215688,-0.2221813725490197,-0.6590686274509805,-0.0581438621071515,-0.04446010654650365,-0.11401702702254174,-0.013086306324557012,-0.044868291188066345,-0.026198328973610657,0.9340686274509804,1.1661764705882343,1.0
22,-3.389237967914438,-2.0719696969697026,-0.77894385026738,-1.18911541889483,-0.1507464349376112,-0.5259469696969694,-0.34571078431372504,-0.2579211229946524,0.03584001782531199,0.09653520499108731,-0.10051247771836014,-0.0020209669236240235,-0.02101289867416206,-0.004593300125552813,-0.01740196078431372,-0.017401960784313733,-0.017401960784313733,0.7805926916221033,3.2191176470588223,1.0
23,-4.386963621174143,-15.615235057340328,-2.800934153565729,-1.4417407154249267,-0.7155844155844155,-0.38354218880534696,0.10348219032429595,-0.20748082327029704,-0.4733500417710943,-0.14944558365611,-0.5287726892990052,-0.03842072153119658,0.01223991280695541,-0.10530856160413016,-0.020809040216674013,-0.014405961294053943,-0.0206270969918554,-0.8306296043138147,5.255259360522517,0.0
24,0.016378066378067047,13.045165945165948,1.9376623376623385,-0.28167388167388285,-0.40209235209235217,0.10476190476190506,0.5321789321789325,-0.09177489177489162,-0.22460317460317458,-0.19054834054834063,-0.4434343434343435,0.02306807600461186,0.05530640875878973,-0.011863819327934177,0.0005777601174947189,0.006980839040114789,0.0007597033423134003,-0.6467532467532466,5.487590187590188,1.0
25,2.549953799953803,10.671806421806416,2.795045045045047,1.6857241857241863,-0.006179256179256076,0.10995610995610972,-0.01264726264726257,0.13259413259413233,-0.06543081543081536,-0.034823284823284784,0.41984291984291966,0.10489859864859866,0.05407672282672281,0.12029241404241411,0.014034000936872008,0.02647138503606715,0.012286219661418983,-0.4656964656964657,-8.037941787941783,0.0
26,-0.28378378378378244,10.327640140140133,2.1998873873873883,-0.15152652652652598,0.07269769769769774,-0.09916166166166107,0.07720220220220209,0.02671421421421394,-0.13263263263263259,0.052802802802802806,0.1160535535535534,0.08816055239666348,0.016521831625998296,0.03716372205955537,-0.0020645645645645666,-0.0020645645645645666,-0.0020645645645645527,-0.21308808808808816,0.6629129129129145,1.0
27,1.5071253071253068,9.329464758876512,3.3364961217902422,1.1914522811581643,-0.1311099869923399,0.1975381798911211,0.18195066724478515,0.25798525798525773,-0.23583128583128582,-0.12211302211302205,0.3416799152093266,0.0854126278135039,0.05003159959042312,0.09940612082323316,0.005861041386727495,0.02635745183424646,0.006496346970264355,-1.2318591318591319,-3.940800693741868,1.0
28,-2.631638781638781,-14.117589017589026,-2.034749034749032,0.09742599742599811,-0.07340197340197341,-0.21188331188331166,-0.22756327756327732,-0.10280995280995298,-0.2167953667953667,-0.19862719862719852,-0.02511797511797531,-0.019381307714641027,-0.02919099526242383,-0.004485914485914455,-0.0014938861495110145,-0.01236414256289288,-0.011040738301102193,-0.6252252252252253,-4.869240669240669,1.0
29,4.490183096630467,7.503029100529098,1.7965378724589236,2.6161368699526593,0.35021651350598726,0.9613666109718741,0.3966680590364803,0.06616262879420776,0.08572751322751332,0.1078202450570871,0.4590622389306598,-0.007230850330517236,-0.02749562867707185,0.08573521819611313,0.03844221498818422,-0.009581726821236189,0.04018182773456613,0.25477025898078537,-4.147380952380952,0.0
30,0.4363095238095198,-9.582341269841265,-1.2620370370370377,0.34768518518518476,0.08134920634920628,0.05357142857142927,-0.14821428571428585,-0.09411375661375665,-0.06064814814814817,0.08425925925925914,0.1556216931216925,-0.06007650705538192,0.006568932060003474,-0.032010382327842646,0.011968220675933006,0.009555955529236992,0.0013549884207782747,0.2354497354497354,-0.8939153439153458,0.0
31,6.518273380038085,27.27281932870168,2.729568126626951,2.663577572401101,-0.1621414886120769,0.11677711971829607,0.5427938604409193,0.13223103517221158,-0.20044559750442098,0.42659705600882075,0.6107010371716259,0.09619132302040084,0.11849447049026884,0.13246349473184943,0.030388813985733565,0.028263179131853125,0.024234546898370915,0.18784084666437606,-1.5544492779786943,0.0
32,-1.7212375837375866,-3.1751848001847947,-0.5868243243243256,-1.3036858974358974,0.12447880572880554,-0.0672196234696234,0.09378465003464997,-0.06722251097251086,-0.18271107646107654,-0.022327616077615964,-0.2102708477708477,-0.0462052608146358,-0.05061868889993888,-0.08400557166182168,-0.010543009945881025,-0.022980394045076152,-0.008795228670427986,-0.27563236313236317,5.748076923076922,0.0
33,-2.549953799953803,-10.671806421806416,-2.795045045045047,-1.6857241857241863,0.006179256179256076,-0.10995610995610972,0.01264726264726257,-0.13259413259413233,0.06543081543081536,0.034823284823284784,-0.41984291984291966,-0.10489859864859866,-0.05407672282672281,-0.12029241404241411,-0.014034000936872008,-0.02647138503606715,-0.012286219661418983,0.4656964656964657,8.037941787941783,1.0
34,-5.457019437019438,-16.634792264792274,-3.165444015444015,-2.8103831303831295,0.0659475959475958,-0.672478632478632,-0.19763587763587775,-0.1418219318219317,-0.08984588984588987,-0.273979803979804,-0.3708725208725212,-0.11442665964094531,-0.07302154705726131,-0.1319447504090361,-0.022379088571942297,-0.05565958858162423,-0.023488187834754794,-0.444007524007524,5.731069201069199,1.0
35,-5.485641760641764,-31.756429681429672,-5.49810264810265,-1.986788886788886,-0.16668451668451667,-0.2405457905457904,-0.39810894810894815,-0.17239074739074745,0.019396144396144344,-0.18799271299271308,-0.5371647871647871,-0.13755728880728887,-0.08246047996047996,-0.17729680922862742,-0.022901982637929218,-0.032061607867459235,-0.022059745876100746,0.0075883575883576165,0.5439750939750887,1.0
36,1.3594696991755786,8.76298046592165,0.8889109697933222,0.6459114414996772,0.14137306343188694,0.08703457821104887,0.4110990758049581,-0.01601452777923351,0.11275460981343335,0.14855823826412068,-0.028233032644797484,0.01857960945145823,0.01087041873806581,-0.04168930312837879,0.00510112687769676,0.009898267628145524,0.008787566451555831,0.5546547517135753,10.143665158371038,1.0
37,-0.5322476097877153,-8.727353751417908,-2.3713471614541124,-1.1104359099011498,0.06739858477826388,0.09805271971047413,-0.37499324798790057,-0.2251255874250524,-0.006198347107438051,-0.1991573488899694,-0.11289364230540722,-0.09064400447077481,-0.015226352013339522,-0.04879948153121055,-0.004785913138784473,-0.023060984929644236,-0.0020569517523639502,0.03953978285529092,-0.7618835412953064,0.0
38,-4.276599643047012,-12.620366572998158,-2.409938039543304,-1.015530619477988,-0.4044046353256879,-0.7791574896838047,-0.3432865623655095,-0.17760847826637272,-0.09991392622971565,-0.13589402799929123,-0.34976393002708783,-0.022568320630141914,-0.034151694170491145,-0.0672489053604248,-0.02027433441869804,-0.004201848399168623,-0.01881408861858505,-0.11639895192526775,2.516784385205442,0.0
39,-1.905647375500319,5.059860836331424,-0.025135947930065683,-1.0359810668634184,-0.10612592744945687,-0.24971520853873774,0.011681483005012594,-0.1300100498629908,-0.0460992166874519,-0.049311364017246284,-0.21814302255478712,0.05152081476220269,-0.0019009865018268235,-0.04741051515832698,-0.012105148080140418,-0.044530597809356254,-0.024339825717018815,0.06919893831658536,4.055525520231409,1.0
40,0.7266803493777161,-0.12909544159543174,0.5822658944369472,0.5679271629929534,-0.1382038161643424,-0.00856012895486602,0.1965352751536963,0.0077560353876143795,-0.011039886039885927,0.0451004648373069,0.06017487629329743,-0.03752337295563929,-0.031770274005288604,0.0447772629292536,0.018204696039074778,-0.01696680639102431,0.014433919803476941,0.05260908681961317,0.2727564102564113,0.0
41,1.216970896750306,-3.880741807212388,-0.7480229329494019,1.284593959961608,-0.23092605923488274,-0.09756615933086543,0.18293826271767444,0.050195392842452,-0.01476587138351837,0.10105409296585777,0.10746863430686981,-0.03663405753882698,-0.0011649203193320468,0.02008399747524603,0.019802247107019166,-0.001135909552768044,0.016001669326357063,0.07218565747977511,0.2796637186343087,1.0
42,-0.0022230022230012025,12.205499330499322,1.8837904462904493,0.6077822952822931,-0.058795808795809035,0.0994655369655375,0.2748032123032125,0.04133272883272876,-0.012125762125762107,0.10439172939172942,0.08354052104052112,0.06401954771666096,0.03176954913066023,0.08454431197937701,-0.002600813432130797,0.0007729940245602418,-0.0035080595344280374,0.10186647686647685,2.304213304213304,0.0
43,3.0126443001443004,15.18849206349207,1.503300865800865,1.3228986291486295,0.3041035353535353,0.8016323953823952,0.4918740981240981,-0.006899350649350544,-0.18871753246753253,0.012148268398268436,0.25128066378066394,0.04805390105275115,0.034873288713250794,0.015170840588183687,0.011883701621690265,-0.0005502489155966017,0.017803620221142874,-0.33933982683982683,0.7210317460317492,0.0
44,4.184458025634495,14.04715219421103,0.6217376849729792,2.048184576861048,0.09755397108338293,0.7922233539880597,0.43919163625045987,-0.09961449226155084,-0.05087711852417742,0.027466895849248718,0.31408022805081615,0.01598439475801805,0.12934708096584208,0.0766774934684068,0.012624761358093192,0.03614552235895082,0.027518520758826277,0.1524085391732451,0.7789293495175871,1.0
45,0.767791358967834,6.683590102707754,-0.00380697733639046,0.43012902130549335,0.09319667260843723,0.6571471012647481,0.19273194126135307,-0.10996307613954659,-0.07266361089890505,-0.128170359052712,-0.04553306170953242,0.019691435461425266,0.03496498113031085,-0.013157433826271547,0.0018346820138471498,-0.010599268523439731,0.007754600613299745,-0.1817417876241405,-6.795144724556486,1.0
46,-2.491802791802794,2.804767817267809,0.8054808929808921,-0.6377061127061134,0.07156414656414667,-0.174974287474287,-0.02160649660649694,0.016979204479204424,0.07048917048917042,0.034949784949784846,0.01367260117260094,0.0404259012888169,-0.01681261635130682,-0.0012570525266327737,-0.00971887934521068,-0.007593244491330253,-0.003564612257848071,0.1769195019195019,5.229285879285882,0.0
47,-6.518273380038085,-27.27281932870168,-2.729568126626951,-2.663577572401101,0.1621414886120769,-0.11677711971829607,-0.5427938604409193,-0.13223103517221158,0.20044559750442098,-0.42659705600882075,-0.6107010371716259,-0.09619132302040084,-0.11849447049026884,-0.13246349473184943,-0.030388813985733565,-0.028263179131853125,-0.024234546898370915,-0.18784084666437606,1.5544492779786943,1.0
48,-0.11444805194805063,5.135732323232332,1.5154581529581534,-0.5905212842712828,-0.17588383838383825,-0.2323051948051944,0.3041035353535354,-0.022023809523809446,-0.277317821067821,0.1324044011544011,0.03572330447330474,0.018085763843339653,0.012185407010217614,-0.008857640488661889,-0.0033945258227262853,0.0035171302433450596,-0.001997564438159627,-0.24577922077922074,-1.6356060606060607,0.0
49,0.17499999999999893,-1.75416666666667,-0.39166666666666927,0.29999999999999893,0.33958333333333324,0.1437499999999996,-0.07500000000000007,0.039583333333333304,-1.1102230246251565e-16,-0.15416666666666662,0.05624999999999991,-0.030867879227254258,-0.044616402116402124,-0.004570128506612536,0.0,1.3877787807814457e-17,-1.3877787807814457e-17,-0.38750000000000007,0.45000000000000195,0.0
50,-1.3229887218045153,-11.621597744360912,-1.113151629072684,0.3030670426065152,0.403890977443609,0.22040726817042589,-0.24594298245614044,0.15823934837092735,0.24680137844611524,-0.11894423558897244,0.09932644110275657,-0.06850850068895181,-0.08887296467630117,0.041986646755837714,0.006008434233543414,-0.01067799268686212,0.0020247625878355713,-0.06076441102756894,-0.5358270676691728,1.0
51,-0.727901940401944,-17.3570252945253,-0.8059164934164951,0.5200407137907126,0.2091562716562716,0.14924636174636174,-0.017918399168399102,0.23162681912681915,0.27194646569646563,-0.06326663201663213,0.2741554054054052,-0.0373842766150459,-0.07053541850416851,0.049685267155033075,0.008147005058669915,-0.0034360343854497044,0.008116689529102605,-0.0458939708939709,-1.562006237006237,1.0
52,0.1990384615384606,-13.574194386694387,-2.058480595980596,0.14001645876645696,0.10662681912681926,0.2542186417186416,-0.06951230076230086,0.11277720027720017,0.20023821898821892,-0.4016935204435205,0.05340003465003473,-0.04893688376734939,-0.0381308806188614,0.0017387528383264739,0.0018436792593771872,-0.006679546742935583,0.0032603767464687156,-0.6284650034650034,-8.228430353430351,1.0
53,3.735754985754985,3.0800569800569733,0.8596153846153829,1.9528668091168084,0.29095441595441585,0.5112891737891734,0.2990918803418804,0.29544159544159543,0.15486111111111106,0.03146367521367521,0.27416310541310507,0.011360583860583862,0.008197980645897315,0.07781602122328715,0.018205521283954855,0.02373293346260035,0.020135710774620272,-0.21823361823361825,-3.4326923076923066,1.0
54,0.11444805194805063,-5.135732323232332,-1.5154581529581534,0.5905212842712828,0.17588383838383825,0.2323051948051944,-0.3041035353535354,0.022023809523809446,0.277317821067821,-0.1324044011544011,-0.03572330447330474,-0.018085763843339653,-0.012185407010217614,0.008857640488661889,0.0033945258227262853,-0.0035171302433450596,0.001997564438159627,0.24577922077922074,1.6356060606060607,1.0
55,-0.016378066378067047,-13.045165945165948,-1.9376623376623385,0.28167388167388285,0.40209235209235217,-0.10476190476190506,-0.5321789321789325,0.09177489177489162,0.22460317460317458,0.19054834054834063,0.4434343434343435,-0.02306807600461186,-0.05530640875878973,0.011863819327934177,-0.0005777601174947189,-0.006980839040114789,-0.0007597033423134003,0.6467532467532466,-5.487590187590188,0.0
56,-0.1990384615384606,13.574194386694387,2.058480595980596,-0.14001645876645696,-0.10662681912681926,-0.2542186417186416,0.06951230076230086,-0.11277720027720017,-0.20023821898821892,0.4016935204435205,-0.05340003465003473,0.04893688376734939,0.0381308806188614,-0.0017387528383264739,-0.0018436792593771872,0.006679546742935583,-0.0032603767464687156,0.6284650034650034,8.228430353430351,0.0
57,-0.6410075218898736,9.285643966526322,0.3882520500167548,0.22831655625773362,0.2337761602467484,-0.11533081386022626,-0.12659955307014126,-0.1421157538804595,0.08052158493334965,0.21785885021179152,0.025484928426104503,-0.008848570740794204,-0.014023661122077397,-0.008271365634939576,-0.002840156886816325,0.005483636528256813,-0.002553125647685159,0.8809923780512016,6.752628214392917,1.0
58,-2.414316239316239,-3.948911673911681,-1.810585060585062,-1.0196250446250437,-0.035288435288435616,-0.32328429828429806,-0.18156093156093134,-0.3932064932064929,-0.2530791280791281,0.06791826791826805,-0.6649530649530648,0.004292235280232093,-0.004881264187791001,-0.07130122489092566,-0.011818426734124657,-0.003295200731811887,-0.013235124221216185,0.41609126609126595,8.951915201915199,1.0
59,2.414316239316239,3.948911673911681,1.810585060585062,1.0196250446250437,0.035288435288435616,0.32328429828429806,0.18156093156093134,0.3932064932064929,0.2530791280791281,-0.06791826791826805,0.6649530649530648,-0.004292235280232093,0.004881264187791001,0.07130122489092566,0.011818426734124657,0.003295200731811887,0.013235124221216185,-0.41609126609126595,-8.951915201915199,0.0
60,3.7537785719603907,5.24170554852374,2.3265295253931626,1.6481207447116537,-0.02062186153095258,0.47628568651295944,0.49518888723434173,0.44176562926562923,0.12699269517451334,0.20277819141455505,0.5733083289901475,0.06620905884717121,0.021127413488524607,0.06393867302958217,0.01628938727625172,0.01966319473294277,0.015382141173954492,-0.2239894853531218,-4.059423059423058,0.0
61,0.8865523277287952,5.864306820189171,1.0181344446050336,1.4026392702863282,0.10956143309084465,0.05385331855920095,0.4936366848131557,0.41790721202485903,0.061561561561561506,0.34536140418493383,0.32119285060461555,0.08695572934654933,0.0017908828960522538,0.016312680194141838,0.007236305909635157,0.0037300768052688643,0.002887009491433931,-0.021968492556727906,-1.8022032727915063,0.0
62,0.5322476097877153,8.727353751417908,2.3713471614541124,1.1104359099011498,-0.06739858477826388,-0.09805271971047413,0.37499324798790057,0.2251255874250524,0.006198347107438051,0.1991573488899694,0.11289364230540722,0.09064400447077481,0.015226352013339522,0.04879948153121055,0.004785913138784473,0.023060984929644236,0.0020569517523639502,-0.03953978285529092,0.7618835412953064,1.0
63,2.304054054054058,23.738988988988993,3.460960960960964,1.1568443443443437,-0.11017267267267294,0.19338088088088057,0.442942942942943,0.18587337337337329,-0.02959209209209207,0.07676426426426414,0.28309559559559583,0.10449191552132725,0.06421874859374858,0.07456019469908359,0.0068388210075036315,0.010212628464194656,0.005931574905206405,-0.2774024024024024,2.9532032032032056,0.0
64,-0.4363095238095198,9.582341269841265,1.2620370370370377,-0.34768518518518476,-0.08134920634920628,-0.05357142857142927,0.14821428571428585,0.09411375661375665,0.06064814814814817,-0.08425925925925914,-0.1556216931216925,0.06007650705538192,-0.006568932060003474,0.032010382327842646,-0.011968220675933006,-0.009555955529236992,-0.0013549884207782747,-0.2354497354497354,0.8939153439153458,1.0
65,0.727901940401944,17.3570252945253,0.8059164934164951,-0.5200407137907126,-0.2091562716562716,-0.14924636174636174,0.017918399168399102,-0.23162681912681915,-0.27194646569646563,0.06326663201663213,-0.2741554054054052,0.0373842766150459,0.07053541850416851,-0.049685267155033075,-0.008147005058669915,0.0034360343854497044,-0.008116689529102605,0.0458939708939709,1.562006237006237,0.0
66,1.0944559944559984,16.01777354277354,0.7326181951181976,-0.21250192500192533,-0.15729190729190745,-0.08132844382844384,-0.013907176407176425,-0.12584603834603847,-0.19297374297374298,0.0009105259105259278,-0.09545795795795797,0.03461526119488667,0.06732398218509329,-0.025837923337923285,-0.009178554421536644,0.0057782924792740276,-0.01005548499426659,-0.1324343574343575,0.19576499576499806,1.0
67,-3.8110266310266265,-4.7226175626175575,-4.044678744678745,-2.121409761409762,-0.5030848430848431,-0.7950796950796952,-0.37035541035541064,-0.5200792000791999,-0.3952202752202752,-0.14417384417384416,-0.7244530244530241,-0.07696388733462178,0.0333395632681347,-0.15421348535634244,-0.03159938601105086,-0.020016346566931256,-0.031569070481483566,-0.038629838629838716,5.57986337986338,1.0
68,-2.4361820816366215,-1.26525431979978,-2.610440255894801,-1.064479419024873,-0.07330916421825528,-0.27111275293093495,-0.2887103887103889,-0.2756006483279212,0.021631357994994327,-0.15503570958116408,-0.45939989576353213,-0.04481402126993167,0.014166309393582127,-0.06498648748648739,-0.025467941697788377,-0.01388490225366873,-0.02543762616822108,0.28439259348350254,4.346097146097145,1.0
69,0.3180311890838201,-0.16898148148148096,0.45667641325536046,-0.08619639376218391,0.10615253411306025,0.02250243664717333,0.016605750487329263,0.15330165692007802,-0.12245370370370384,0.0797392787524368,0.027485380116959224,0.015886263403866285,-0.00443738985862524,-0.02408601196156024,-0.002876265487050278,0.011887980471612117,-0.00398250215771552,-0.3920321637426901,1.116666666666668,0.0
70,-0.7629372793846461,-5.050738238238232,-1.1546974606185127,-0.04706351087930116,0.003618750329276388,-0.13735116695643002,-0.091558663927085,0.20054264791106913,0.01758008008007994,0.16616945893261698,0.08818357831515744,0.01584500297198088,0.015224449334463958,-0.030670252580727364,-0.008619508730293518,0.006144737228368891,-0.009725745400958774,-0.03358621779674413,-1.2421171171171146,1.0
71,-0.7266803493777161,0.12909544159543174,-0.5822658944369472,-0.5679271629929534,0.1382038161643424,0.00856012895486602,-0.1965352751536963,-0.0077560353876143795,0.011039886039885927,-0.0451004648373069,-0.06017487629329743,0.03752337295563929,0.031770274005288604,-0.0447772629292536,-0.018204696039074778,0.01696680639102431,-0.014433919803476941,-0.05260908681961317,-0.2727564102564113,1.0
72,-4.490183096630467,-7.503029100529098,-1.7965378724589236,-2.6161368699526593,-0.35021651350598726,-0.9613666109718741,-0.3966680590364803,-0.06616262879420776,-0.08572751322751332,-0.1078202450570871,-0.4590622389306598,0.007230850330517236,0.02749562867707185,-0.08573521819611313,-0.03844221498818422,0.009581726821236189,-0.04018182773456613,-0.25477025898078537,4.147380952380952,1.0
73,-4.4754040077569535,-28.919295410471875,-5.068842921784098,-1.343018745959922,-0.16687136393018753,-0.3104395604395609,-0.2824175824175823,-0.3271493212669687,-0.07346477052359413,-0.28099547511312223,-0.5865869424692953,-0.0680188849844065,-0.030799163488239162,-0.12738597841862226,-0.009194364932615634,-0.04097634979612497,-0.022306387581669293,-0.05462184873949616,-5.8016806722689065,0.0
74,5.167954757660638,20.14902385196504,2.854649435531787,3.0231453187335537,0.07301799507681872,0.2079789491554198,0.3772260419319242,0.18940242763772164,0.10083184789067146,0.25958534929123167,0.40287114845938365,0.04518615537618592,0.07332296244060951,0.06252189091124666,0.025618884298325255,0.04285340914796916,0.027557542596731287,0.34202953908836264,-4.696078431372549,0.0
75,-3.134835194045717,-25.04027113237639,-2.915869218500795,-1.7945906432748542,-0.630050505050505,-0.33868288144603964,-0.6825657894736841,-0.25247541201488566,-0.3116527113237638,0.06718500797448168,0.029704944178628345,-0.04666143481134044,-0.06290944070549334,-0.10986100214319916,-0.014270999468367865,-0.014270999468367865,-0.01427099946836792,0.0160154173312069,-4.226973684210527,0.0
76,0.5520626432391165,5.354477902272009,0.893299592564297,-0.5135861415273189,0.10942265795206962,0.3271351469880892,0.2640063095945445,0.019874869139574924,0.004726537079478288,0.0571923718982541,0.02693284384460859,0.05019683320299778,-0.017742682575490706,0.02052569893948486,0.0006534557817874653,-0.005485118752451251,0.0005842140195643913,0.08408807967631496,2.9021857227739583,0.0
77,0.8627493421611074,-2.5545709192767845,0.8282149223325703,1.2227272727272727,-0.020414226296579407,0.02600373482726459,0.16598336304218664,0.23298107121636524,0.10209235209235212,-0.03904592139886254,0.008199643493761233,0.0029774493442688565,0.048372082839869934,0.051612069376265945,0.009992006962399172,0.02720325563432182,0.01406039798810041,-0.33986928104575176,-3.365121806298278,0.0
78,-4.184458025634495,-14.04715219421103,-0.6217376849729792,-2.048184576861048,-0.09755397108338293,-0.7922233539880597,-0.43919163625045987,0.09961449226155084,0.05087711852417742,-0.027466895849248718,-0.31408022805081615,-0.01598439475801805,-0.12934708096584208,-0.0766774934684068,-0.012624761358093192,-0.03614552235895082,-0.027518520758826277,-0.1524085391732451,-0.7789293495175871,0.0
79,-7.148599439775907,-6.304136321195152,-0.5230796763149694,-2.7495121381886074,-0.24410519763460936,-0.6287457205104259,-0.3834484905073138,-0.20960628695922823,-0.1696856520385931,-0.06859243697478984,-0.46363289760348536,0.01916392089137986,-0.09212240636995542,-0.1382340818404998,-0.027050583545926724,-0.06300529508407121,-0.036024424347207214,-0.05734360410830991,3.795673825085588,1.0
80,-0.767791358967834,-6.683590102707754,0.00380697733639046,-0.43012902130549335,-0.09319667260843723,-0.6571471012647481,-0.19273194126135307,0.10996307613954659,0.07266361089890505,0.128170359052712,0.04553306170953242,-0.019691435461425266,-0.03496498113031085,0.013157433826271547,-0.0018346820138471498,0.010599268523439731,-0.007754600613299745,0.1817417876241405,6.795144724556486,0.0
81,4.949146459930775,26.71918767507003,2.1962397080044145,1.1293669656414753,0.34796470776862953,0.3998887096926309,0.08851116204057385,0.02773816597346035,0.24391015665525473,-0.07392505823878365,0.5954965151043581,0.07604543070501674,-0.03751909723859613,0.052768724359032126,0.013534992533694348,0.0072740590608685735,0.015892058852102736,0.2844938648860218,-6.765881504116799,0.0
82,0.29185081439983307,8.412885154061613,-0.7685807656395891,-0.8572258533042856,0.024473493100944266,-0.2318912750285298,-0.3331465919701211,-0.24708994708994692,0.12038074489054884,-0.1105560742815645,-0.06856001659923217,0.009015749368612713,-0.04058452037754871,-0.0021753423443479636,-0.011694020034944921,-0.01775552092053108,-0.01104068244275927,0.513829235397863,-1.5621381886087775,1.0
83,6.210536739948505,25.465438700732847,3.7568825510001993,3.828282828282828,0.027084571202218077,0.6592889681124976,0.4853436324024558,0.22504456327985745,0.11700336700336694,0.19820756585462468,0.628738364032482,0.1524084491738978,0.06789287136137995,0.1488999328942882,0.040262657222690804,0.04927674571155143,0.04293172930831904,0.18033273915626846,-0.2843137254901986,0.0
84,4.736879208754209,22.25676557239059,2.5946443602693616,2.982954545454545,0.04379208754208763,0.38968855218855203,0.04041456228956175,0.021180555555555536,0.20147306397306392,0.11074284511784516,0.2890993265993269,0.1500815187431349,0.015221202525495442,0.046641265522263,0.04129391761465566,0.033119063128428564,0.029175115493647083,0.582070707070707,4.927556818181817,1.0
85,2.631638781638781,14.117589017589026,2.034749034749032,-0.09742599742599811,0.07340197340197341,0.21188331188331166,0.22756327756327732,0.10280995280995298,0.2167953667953667,0.19862719862719852,0.02511797511797531,0.019381307714641027,0.02919099526242383,0.004485914485914455,0.0014938861495110145,0.01236414256289288,0.011040738301102193,0.6252252252252253,4.869240669240669,0.0
86,-4.736879208754209,-22.25676557239059,-2.5946443602693616,-2.982954545454545,-0.04379208754208763,-0.38968855218855203,-0.04041456228956175,-0.021180555555555536,-0.20147306397306392,-0.11074284511784516,-0.2890993265993269,-0.1500815187431349,-0.015221202525495442,-0.046641265522263,-0.04129391761465566,-0.033119063128428564,-0.029175115493647083,-0.582070707070707,-4.927556818181817,0.0
87,1.905647375500319,-5.059860836331424,0.025135947930065683,1.0359810668634184,0.10612592744945687,0.24971520853873774,-0.011681483005012594,0.1300100498629908,0.0460992166874519,0.049311364017246284,0.21814302255478712,-0.05152081476220269,0.0019009865018268235,0.04741051515832698,0.012105148080140418,0.044530597809356254,0.024339825717018815,-0.06919893831658536,-4.055525520231409,0.0
88,1.2419440203341114,6.571088285825098,3.0727521796252457,1.5904955951085968,0.20804852498350945,0.19573495452752399,0.0030543007323189375,0.3813775840091629,0.08261292050765737,0.2908913018200944,0.35588012522997015,0.01580013482575704,-0.013345962343650403,0.1158682564615631,0.02007729032657142,0.014964301217638601,0.011783225589961921,-0.015746723362822415,-0.8983149375099835,0.0
89,-2.8311386864328014,-5.66409968409971,0.31816571345983213,-1.5082262094026815,-0.3469138810315281,-0.8047913612619502,-0.44784795490677887,-0.028171288171288333,-0.018890838890838868,0.04239506121859049,-0.2908867920632625,-0.033242360383589076,0.025109701875171753,-0.026770587690991776,-0.012240667716495804,-0.0006672299050230757,-0.01655106080739749,0.10335102099807984,0.541083558730616,1.0
90,5.485641760641764,31.756429681429672,5.49810264810265,1.986788886788886,0.16668451668451667,0.2405457905457904,0.39810894810894815,0.17239074739074745,-0.019396144396144344,0.18799271299271308,0.5371647871647871,0.13755728880728887,0.08246047996047996,0.17729680922862742,0.022901982637929218,0.032061607867459235,0.022059745876100746,-0.0075883575883576165,-0.5439750939750887,0.0
91,1.979898404898405,23.87861140361141,2.8959283959283972,0.35717405717405626,0.0957899457899456,0.06267501267501263,0.5896298896298896,-0.13887036387036344,-0.02255274755274761,0.2263162513162515,0.16421356421356426,0.04665623247874334,0.041842968509635176,0.08081264080181827,0.005075824300574683,-0.005021834119550331,0.005401800253202152,0.6852677352677351,9.093603993603995,1.0
92,7.148599439775907,6.304136321195152,0.5230796763149694,2.7495121381886074,0.24410519763460936,0.6287457205104259,0.3834484905073138,0.20960628695922823,0.1696856520385931,0.06859243697478984,0.46363289760348536,-0.01916392089137986,0.09212240636995542,0.1382340818404998,0.027050583545926724,0.06300529508407121,0.036024424347207214,0.05734360410830991,-3.795673825085588,0.0
93,3.389237967914438,2.0719696969697026,0.77894385026738,1.18911541889483,0.1507464349376112,0.5259469696969694,0.34571078431372504,0.2579211229946524,-0.03584001782531199,-0.09653520499108731,0.10051247771836014,0.0020209669236240235,0.02101289867416206,0.004593300125552813,0.01740196078431372,0.017401960784313733,0.017401960784313733,-0.7805926916221033,-3.2191176470588223,0.0
94,0.6410075218898736,-9.285643966526322,-0.3882520500167548,-0.22831655625773362,-0.2337761602467484,0.11533081386022626,0.12659955307014126,0.1421157538804595,-0.08052158493334965,-0.21785885021179152,-0.025484928426104503,0.008848570740794204,0.014023661122077397,0.008271365634939576,0.002840156886816325,-0.005483636528256813,0.002553125647685159,-0.8809923780512016,-6.752628214392917,0.0
95,-4.949146459930775,-26.71918767507003,-2.1962397080044145,-1.1293669656414753,-0.34796470776862953,-0.3998887096926309,-0.08851116204057385,-0.02773816597346035,-0.24391015665525473,0.07392505823878365,-0.5954965151043581,-0.07604543070501674,0.03751909723859613,-0.052768724359032126,-0.013534992533694348,-0.0072740590608685735,-0.015892058852102736,-0.2844938648860218,6.765881504116799,1.0
96,-2.3644391727983063,-4.0719043598300715,-1.3725986088215194,-1.4182121971595665,-0.05257506511376464,-0.5060751254249702,-0.5693288479666188,-0.14818574957893837,-0.0013328776486670746,-0.12820933796166006,-0.23041427097154665,-0.017047138705311604,-0.05513801462459872,-0.06036982700221688,-0.019940316177068554,-0.013470767862938958,-0.019457001183089517,0.03728706793722275,-1.0320909224933992,0.0
97,-6.210536739948505,-25.465438700732847,-3.7568825510001993,-3.828282828282828,-0.027084571202218077,-0.6592889681124976,-0.4853436324024558,-0.22504456327985745,-0.11700336700336694,-0.19820756585462468,-0.628738364032482,-0.1524084491738978,-0.06789287136137995,-0.1488999328942882,-0.040262657222690804,-0.04927674571155143,-0.04293172930831904,-0.18033273915626846,0.2843137254901986,1.0
98,-0.8627493421611074,2.5545709192767845,-0.8282149223325703,-1.2227272727272727,0.020414226296579407,-0.02600373482726459,-0.16598336304218664,-0.23298107121636524,-0.10209235209235212,0.03904592139886254,-0.008199643493761233,-0.0029774493442688565,-0.048372082839869934,-0.051612069376265945,-0.009992006962399172,-0.02720325563432182,-0.01406039798810041,0.33986928104575176,3.365121806298278,1.0
99,0.28378378378378244,-10.327640140140133,-2.1998873873873883,0.15152652652652598,-0.07269769769769774,0.09916166166166107,-0.07720220220220209,-0.02671421421421394,0.13263263263263259,-0.052802802802802806,-0.1160535535535534,-0.08816055239666348,-0.016521831625998296,-0.03716372205955537,0.0020645645645645666,0.0020645645645645666,0.0020645645645645527,0.21308808808808816,-0.6629129129129145,0.0
100,2.491802791802794,-2.804767817267809,-0.8054808929808921,0.6377061127061134,-0.07156414656414667,0.174974287474287,0.02160649660649694,-0.016979204479204424,-0.07048917048917042,-0.034949784949784846,-0.01367260117260094,-0.0404259012888169,0.01681261635130682,0.0012570525266327737,0.00971887934521068,0.007593244491330253,0.003564612257848071,-0.1769195019195019,-5.229285879285882,1.0
101,-0.5520626432391165,-5.354477902272009,-0.893299592564297,0.5135861415273189,-0.10942265795206962,-0.3271351469880892,-0.2640063095945445,-0.019874869139574924,-0.004726537079478288,-0.0571923718982541,-0.02693284384460859,-0.05019683320299778,0.017742682575490706,-0.02052569893948486,-0.0006534557817874653,0.005485118752451251,-0.0005842140195643913,-0.08408807967631496,-2.9021857227739583,1.0
102,-3.4205346005346016,-5.399625779625794,-1.7021087021087027,-1.043350163350163,0.17432135432135432,-0.7893020493020486,0.018996138996139056,-0.09843183843183867,-0.12693792693792696,-0.1917849717849719,0.05473715473715424,-0.04172862283576567,-0.022214077856934966,-0.019475756168063796,-0.010141939431922112,-0.030985055342408863,-0.012998819970187606,-0.44058212058212065,5.615135135135131,0.0
103,-0.3663003663003668,-3.056155881155874,-2.308608058608062,-0.0630748880748877,-0.24866198616198598,-0.10047822547822527,0.30066137566137596,-0.10600834350834365,-0.0928520553520554,-0.2883140008140008,-0.09233312983313025,0.007113640236160124,0.016811146488725864,0.0003266006452056769,-0.00876538683617023,0.011292631922134734,-0.008827091103636525,-0.5503154253154255,2.226190476190469,1.0
104,-1.5071253071253068,-9.329464758876512,-3.3364961217902422,-1.1914522811581643,0.1311099869923399,-0.1975381798911211,-0.18195066724478515,-0.25798525798525773,0.23583128583128582,0.12211302211302205,-0.3416799152093266,-0.0854126278135039,-0.05003159959042312,-0.09940612082323316,-0.005861041386727495,-0.02635745183424646,-0.006496346970264355,1.2318591318591319,3.940800693741868,0.0
105,-1.6667832167832142,2.2909913615796,-0.7323255176196355,-1.1397607294666123,0.22494858083093372,-0.28797477032771135,-0.05971479500891286,-0.40268065268065256,0.17086247086247092,0.11398601398601399,-0.21191553544494712,-0.011379815981649,-0.021912602153243865,-0.05491616409551417,-0.006128791654477758,-0.026625202101996738,-0.0067640972380146325,1.375058275058275,4.1668449197860955,1.0
106,-1.0944559944559984,-16.01777354277354,-0.7326181951181976,0.21250192500192533,0.15729190729190745,0.08132844382844384,0.013907176407176425,0.12584603834603847,0.19297374297374298,-0.0009105259105259278,0.09545795795795797,-0.03461526119488667,-0.06732398218509329,0.025837923337923285,0.009178554421536644,-0.0057782924792740276,0.01005548499426659,0.1324343574343575,-0.19576499576499806,0.0
107,-2.304054054054058,-23.738988988988993,-3.460960960960964,-1.1568443443443437,0.11017267267267294,-0.19338088088088057,-0.442942942942943,-0.18587337337337329,0.02959209209209207,-0.07676426426426414,-0.28309559559559583,-0.10449191552132725,-0.06421874859374858,-0.07456019469908359,-0.0068388210075036315,-0.010212628464194656,-0.005931574905206405,0.2774024024024024,-2.9532032032032056,1.0
108,-3.7537785719603907,-5.24170554852374,-2.3265295253931626,-1.6481207447116537,0.02062186153095258,-0.47628568651295944,-0.49518888723434173,-0.44176562926562923,-0.12699269517451334,-0.20277819141455505,-0.5733083289901475,-0.06620905884717121,-0.021127413488524607,-0.06393867302958217,-0.01628938727625172,-0.01966319473294277,-0.015382141173954492,0.2239894853531218,4.059423059423058,1.0
109,0.0022230022230012025,-12.205499330499322,-1.8837904462904493,-0.6077822952822931,0.058795808795809035,-0.0994655369655375,-0.2748032123032125,-0.04133272883272876,0.012125762125762107,-0.10439172939172942,-0.08354052104052112,-0.06401954771666096,-0.03176954913066023,-0.08454431197937701,0.002600813432130797,-0.0007729940245602418,0.0035080595344280374,-0.10186647686647685,-2.304213304213304,1.0
110,3.8110266310266265,4.7226175626175575,4.044678744678745,2.121409761409762,0.5030848430848431,0.7950796950796952,0.37035541035541064,0.5200792000791999,0.3952202752202752,0.14417384417384416,0.7244530244530241,0.07696388733462178,-0.0333395632681347,0.15421348535634244,0.03159938601105086,0.020016346566931256,0.031569070481483566,0.038629838629838716,-5.57986337986338,0.0
111,3.4815762015762015,23.94484293484293,4.683549783549783,1.3812398712398721,0.6836430236430238,0.4505050505050505,0.10884004884004894,0.2745343545343544,0.13880896880896876,0.15260850260850267,0.3733211233211231,0.11691455378878479,-0.022480804909376345,0.10944419649614451,0.01961274483685005,0.018601070296563285,0.019370713827235556,0.033766233766233895,-2.285825285825286,1.0
112,5.168325791855203,8.801357466063337,1.3665158371040675,2.8201357466063373,0.2411764705882351,0.8237556561085977,0.5185520361990951,0.6409502262443437,0.15678733031674205,0.023981900452488658,0.25316742081447985,0.07655209333054169,0.019318761304055437,0.1223412208706327,0.02466063348416289,0.02466063348416292,0.024660633484162905,-0.9203619909502262,2.676470588235294,0.0
113,-0.2208754361695533,3.96530340883281,1.6201102554043736,-0.15982780335721358,0.14569116098527846,-0.1515045526810228,-0.07939958292899485,0.10578159519335972,-0.017841141370553204,-0.13160985278632342,0.4238680238680239,-0.0038767595856976644,-0.020010079707558692,0.036942056111460286,0.005565882158252447,-0.015277233752234345,0.0027090016199869255,-0.5104651787004728,-1.8831841925959552,0.0
114,5.457019437019438,16.634792264792274,3.165444015444015,2.8103831303831295,-0.0659475959475958,0.672478632478632,0.19763587763587775,0.1418219318219317,0.08984588984588987,0.273979803979804,0.3708725208725212,0.11442665964094531,0.07302154705726131,0.1319447504090361,0.022379088571942297,0.05565958858162423,0.023488187834754794,0.444007524007524,-5.731069201069199,0.0
115,3.4205346005346016,5.399625779625794,1.7021087021087027,1.043350163350163,-0.17432135432135432,0.7893020493020486,-0.018996138996139056,0.09843183843183867,0.12693792693792696,0.1917849717849719,-0.05473715473715424,0.04172862283576567,0.022214077856934966,0.019475756168063796,0.010141939431922112,0.030985055342408863,0.012998819970187606,0.44058212058212065,-5.615135135135131,1.0
116,0.2208754361695533,-3.96530340883281,-1.6201102554043736,0.15982780335721358,-0.14569116098527846,0.1515045526810228,0.07939958292899485,-0.10578159519335972,0.017841141370553204,0.13160985278632342,-0.4238680238680239,0.0038767595856976644,0.020010079707558692,-0.036942056111460286,-0.005565882158252447,0.015277233752234345,-0.0027090016199869255,0.5104651787004728,1.8831841925959552,1.0
117,0.3663003663003668,3.056155881155874,2.308608058608062,0.0630748880748877,0.24866198616198598,0.10047822547822527,-0.30066137566137596,0.10600834350834365,0.0928520553520554,0.2883140008140008,0.09233312983313025,-0.007113640236160124,-0.016811146488725864,-0.0003266006452056769,0.00876538683617023,-0.011292631922134734,0.008827091103636525,0.5503154253154255,-2.226190476190469,0.0
118,5.447794117647058,22.875980392156855,5.081617647058822,1.571200980392156,0.1579656862745097,0.33958333333333357,0.41041666666666665,0.5055147058823531,-0.18370098039215688,0.2221813725490197,0.6590686274509805,0.0581438621071515,0.04446010654650365,0.11401702702254174,0.013086306324557012,0.044868291188066345,0.026198328973610657,-0.9340686274509804,-1.1661764705882343,0.0
119,4.4754040077569535,28.919295410471875,5.068842921784098,1.343018745959922,0.16687136393018753,0.3104395604395609,0.2824175824175823,0.3271493212669687,0.07346477052359413,0.28099547511312223,0.5865869424692953,0.0680188849844065,0.030799163488239162,0.12738597841862226,0.009194364932615634,0.04097634979612497,0.022306387581669293,0.05462184873949616,5.8016806722689065,1.0
120,0.7629372793846461,5.050738238238232,1.1546974606185127,0.04706351087930116,-0.003618750329276388,0.13735116695643002,0.091558663927085,-0.20054264791106913,-0.01758008008007994,-0.16616945893261698,-0.08818357831515744,-0.01584500297198088,-0.015224449334463958,0.030670252580727364,0.008619508730293518,-0.006144737228368891,0.009725745400958774,0.03358621779674413,1.2421171171171146,0.0
121,-0.8865523277287952,-5.864306820189171,-1.0181344446050336,-1.4026392702863282,-0.10956143309084465,-0.05385331855920095,-0.4936366848131557,-0.41790721202485903,-0.061561561561561506,-0.34536140418493383,-0.32119285060461555,-0.08695572934654933,-0.0017908828960522538,-0.016312680194141838,-0.007236305909635157,-0.0037300768052688643,-0.002887009491433931,0.021968492556727906,1.8022032727915063,1.0
122,-1.225158982511923,1.9822469528351618,-0.06240063593004841,-0.8485691573926868,-0.1892554319024904,-0.2566905140434552,0.13745363010068878,-0.3733439321674614,0.06915739268680454,-0.11645468998410174,-0.3820217276099629,-0.03057691853647737,-0.022592471673354042,-0.01906478608297496,-0.004305776364599889,-0.004305776364599917,-0.004305776364599889,0.6520932697403286,5.577901430842605,1.0
123,1.2228761052190578,0.5005181575640023,0.700456419641478,0.9985359292659801,-0.19905408682997827,0.0731660529623186,-0.10961788635812408,0.18210482217273394,0.009664189800013212,-0.23259762308998316,0.17338654554274213,0.00018098643603015052,0.02944571840157581,0.045427538828512026,0.00392177625796071,0.019405413060950907,0.007074163337567982,-0.8100765109254073,-5.163911979361894,0.0
124,1.6667832167832142,-2.2909913615796,0.7323255176196355,1.1397607294666123,-0.22494858083093372,0.28797477032771135,0.05971479500891286,0.40268065268065256,-0.17086247086247092,-0.11398601398601399,0.21191553544494712,0.011379815981649,0.021912602153243865,0.05491616409551417,0.006128791654477758,0.026625202101996738,0.0067640972380146325,-1.375058275058275,-4.1668449197860955,0.0
125,-3.735754985754985,-3.0800569800569733,-0.8596153846153829,-1.9528668091168084,-0.29095441595441585,-0.5112891737891734,-0.2990918803418804,-0.29544159544159543,-0.15486111111111106,-0.03146367521367521,-0.27416310541310507,-0.011360583860583862,-0.008197980645897315,-0.07781602122328715,-0.018205521283954855,-0.02373293346260035,-0.020135710774620272,0.21823361823361825,3.4326923076923066,0.0
126,-3.8666938997821365,-10.635317161052463,-2.9605015082956303,-1.1568732193732183,-0.02992500418970989,-0.18924920395508615,-0.3306623931623932,-0.07630509468744773,0.08562719959778783,-0.11912393162393159,-0.25322607675548814,0.0014644355142092724,-0.04050250312505216,-0.05140206675133138,-0.01977037799587037,-0.025297790174515868,-0.021700567486535816,0.08561672532260767,11.513574660633482,1.0
127,1.3229887218045153,11.621597744360912,1.113151629072684,-0.3030670426065152,-0.403890977443609,-0.22040726817042589,0.24594298245614044,-0.15823934837092735,-0.24680137844611524,0.11894423558897244,-0.09932644110275657,0.06850850068895181,0.08887296467630117,-0.041986646755837714,-0.006008434233543414,0.01067799268686212,-0.0020247625878355713,0.06076441102756894,0.5358270676691728,0.0
128,-1.0301982228297977,-0.9591524265208449,-1.1359398496240605,-0.36856459330143565,-0.33699931647300063,-0.5924880382775115,-0.2221120984278877,-0.21534518113465473,-0.14946001367054,-0.1389405331510596,-0.17703349282296643,0.023044246897630294,0.049823601210819274,-0.05820824243863129,-0.01922986423169218,0.012940199491703552,-0.012093805506377106,-0.1461107313738893,-3.2692139439507866,1.0
129,-5.0107101086048385,-24.358446115288217,-5.204611528822053,-2.5997410192147035,-0.7441687552213867,-0.7878780284043445,-0.4657894736842103,-0.4995405179615706,-0.37739348370927306,-0.08072681704260654,-0.5182957393483709,-0.022162890947352132,-0.01142396701043319,-0.1709541634290271,-0.037514282186759756,-0.020827855266354223,-0.03353061054105198,0.08284043441938188,2.1213533834586453,1.0
130,-1.2419440203341114,-6.571088285825098,-3.0727521796252457,-1.5904955951085968,-0.20804852498350945,-0.19573495452752399,-0.0030543007323189375,-0.3813775840091629,-0.08261292050765737,-0.2908913018200944,-0.35588012522997015,-0.01580013482575704,0.013345962343650403,-0.1158682564615631,-0.02007729032657142,-0.014964301217638601,-0.011783225589961921,0.015746723362822415,0.8983149375099835,1.0
131,0.6005236868394785,16.78380636906953,1.6232623516834064,0.2773088315193588,0.06740855635592485,-0.06064619590935383,-0.06767881241565443,-0.30541300804458715,-0.06595930385404072,-0.0001845522898154539,-0.04829205881837462,0.06015975347656821,0.055780158387472134,-0.0037229135223385,-0.00976717549228466,0.0069192514281208595,-0.005783503846576846,0.4785383038014616,3.2593119161540223,1.0
132,2.4361820816366215,1.26525431979978,2.610440255894801,1.064479419024873,0.07330916421825528,0.27111275293093495,0.2887103887103889,0.2756006483279212,-0.021631357994994327,0.15503570958116408,0.45939989576353213,0.04481402126993167,-0.014166309393582127,0.06498648748648739,0.025467941697788377,0.01388490225366873,0.02543762616822108,-0.28439259348350254,-4.346097146097145,0.0
133,-0.29185081439983307,-8.412885154061613,0.7685807656395891,0.8572258533042856,-0.024473493100944266,0.2318912750285298,0.3331465919701211,0.24708994708994692,-0.12038074489054884,0.1105560742815645,0.06856001659923217,-0.009015749368612713,0.04058452037754871,0.0021753423443479636,0.011694020034944921,0.01775552092053108,0.01104068244275927,-0.513829235397863,1.5621381886087775,0.0
