,MP,ORtg,%Ps,Pts,OR,DR,A,TO,Blk,Stl,PF,2Pt %,3Pt %,FT %,2Pt %Att,3Pt %Att,FT %Att,Pnts-Prev,Marg,Maj Cont
Aaron Bowen,4.875,27.34375,4.9375,1.125,0.28125,0.46875,0.1875,0.25,0.0625,0.09375,0.71875,0.18489583333333334,0.06249999999999999,0.03125,0.02286800700383115,0.03828655260180995,0.008393640350877193,-0.1875,8.5625,1.0
D'Vauntes Smith-Rivera,24.4375,98.0,19.5625,8.6875,0.8125,2.09375,1.375,1.15625,0.03125,0.75,0.75,0.36875,0.28630952380952385,0.4645089285714285,0.10278869312492449,0.21797829336770902,0.1394181707987612,-0.75,8.5625,1.0
Greg Whittington,14.28125,40.625,8.625,4.90625,0.4375,2.40625,0.8125,0.8125,0.34375,0.53125,0.71875,0.21083829365079365,0.1244791666666667,0.20156249999999998,0.06999316630709235,0.12375424739733949,0.055252646658896655,0.125,8.5625,0.0
Jabril Trawick,25.5,95.75,16.0,5.5,0.65625,2.0625,1.90625,1.5625,0.25,1.09375,2.34375,0.48645833333333344,0.3067708333333334,0.4510416666666667,0.07192244832202913,0.12941187676917165,0.1157132843002408,-0.4375,8.5625,1.0
Markel Starks,33.0625,107.3125,20.6875,12.125,0.3125,1.46875,2.8125,1.96875,0.0625,1.28125,2.0625,0.4381944444444444,0.40121527777777777,0.43229166666666663,0.16889848083159942,0.26589385647677066,0.07989585975870722,-1.25,8.5625,1.0
Mikael Hopkins,19.6875,71.46875,21.25,5.8125,0.9375,1.875,1.25,1.875,1.03125,0.875,2.96875,0.3713541666666666,0.0,0.40891617063492064,0.14223243363720275,0.004687500000000001,0.15743144575318843,0.0625,8.5625,1.0
Moses Ayegba,8.03125,37.78125,5.4375,1.15625,0.84375,1.28125,0.375,0.65625,0.25,0.09375,1.71875,0.25520833333333337,0.0,0.1076388888888889,0.0253949522106037,0.0,0.03738072866409663,-0.625,8.5625,0.0
Nate Lubick,28.71875,101.4375,16.1875,7.0,1.46875,3.75,2.6875,2.03125,0.75,0.65625,2.71875,0.5472301136363635,0.0,0.3786057692307692,0.14128578426414432,0.009170110773729194,0.1027182757360944,-1.25,8.5625,1.0
Otto Porter,33.09375,114.9375,22.65625,15.25,1.65625,5.25,2.53125,1.40625,0.84375,1.75,1.78125,0.46963045634920647,0.3553819444444445,0.6229538690476192,0.2233660342985727,0.17956756261347018,0.2725459479791374,2.375,8.5625,1.0
