,MP,ORtg,%Ps,Pts,OR,DR,A,TO,Blk,Stl,PF,2Pt %,3Pt %,FT %,2Pt %Att,3Pt %Att,FT %Att,Pnts-Prev,Marg
Brian Carey,14.970588235294118,45.55882352941177,7.088235294117647,2.5,0.14705882352941177,1.0,1.3235294117647058,1.2352941176470589,0.0,0.5,1.1470588235294117,0.18112745098039215,0.12009803921568626,0.23455882352941176,0.03665941529204965,0.03952720703763913,0.04136657789174412,-1.4705882352941178,-2.088235294117647
Cainan McClelland,11.705882352941176,48.6764705882353,4.9411764705882355,2.323529411764706,0.11764705882352941,0.7647058823529411,0.5588235294117647,0.4411764705882353,0.0,0.20588235294117646,0.6470588235294118,0.0784313725490196,0.20588235294117646,0.16421568627450983,0.01583955536414495,0.06766458672395693,0.025240852614234904,-0.47058823529411764,-2.088235294117647
Demontrae Jefferson,27.558823529411764,81.58823529411765,22.705882352941178,17.176470588235293,0.4411764705882353,1.7352941176470589,3.323529411764706,2.2941176470588234,0.0,0.8529411764705882,1.8235294117647058,0.3321274313921374,0.3032121473297944,0.5298669467787115,0.19502657338390064,0.2574623901695208,0.1768557350515989,-2.8823529411764706,-2.088235294117647
Derrick Bruce,28.764705882352942,84.70588235294117,18.470588235294116,12.264705882352942,0.5,2.8823529411764706,1.7941176470588236,1.9705882352941178,0.23529411764705882,1.0,1.9705882352941178,0.31036414565826326,0.3023782589959061,0.5731792717086834,0.1137722105306644,0.2723924904194819,0.09405141023061592,-1.4705882352941178,-2.088235294117647
Divonte Lumpkin,1.2352941176470589,1.1764705882352942,0.17647058823529413,0.08823529411764706,0.0,0.11764705882352941,0.08823529411764706,0.08823529411764706,0.0,0.058823529411764705,0.11764705882352941,0.029411764705882353,0.0,0.029411764705882353,0.0023056281336063834,0.0,0.004826079038426516,-0.058823529411764705,-2.088235294117647
Donte Clark,34.911764705882355,101.94117647058823,28.235294117647058,18.647058823529413,1.1176470588235294,4.147058823529412,2.6470588235294117,2.764705882352941,0.35294117647058826,1.1176470588235294,3.088235294117647,0.45947808407846774,0.2957983193277311,0.722702342806832,0.26743106850368303,0.19775775145868824,0.3085845281920354,-2.588235294117647,-2.088235294117647
Jerry Perry,5.9411764705882355,18.441176470588236,2.8529411764705883,1.2352941176470589,0.17647058823529413,0.2647058823529412,0.5588235294117647,0.47058823529411764,0.0,0.17647058823529413,0.4411764705882353,0.07352941176470588,0.04901960784313725,0.08660130718954248,0.015226149938828334,0.014930832815780915,0.021864750173573706,-0.5882352941176471,-2.088235294117647
Kevin Granger,3.088235294117647,10.5,2.0,0.7352941176470589,0.23529411764705882,0.5588235294117647,0.058823529411764705,0.11764705882352941,0.11764705882352941,0.058823529411764705,0.38235294117647056,0.13676470588235295,0.0,0.03676470588235294,0.016500622135586618,0.0,0.01688823950024096,0.11764705882352941,-2.088235294117647
Kevin Scott,6.823529411764706,19.38235294117647,4.705882352941177,2.588235294117647,0.23529411764705882,0.5882352941176471,0.6176470588235294,0.4411764705882353,0.14705882352941177,0.2647058823529412,0.6764705882352942,0.09730710466004583,0.05375816993464051,0.1338235294117647,0.042055332812831255,0.040738356471115095,0.029258342997623876,-0.058823529411764705,-2.088235294117647
Lamont Walker,15.647058823529411,85.17647058823529,8.823529411764707,4.5,1.0,2.5294117647058822,0.4117647058823529,0.38235294117647056,0.058823529411764705,0.4411764705882353,1.4411764705882353,0.39211915535444947,0.18382352941176472,0.42361111111111116,0.06058099429250105,0.04459767576242262,0.0704999900731739,0.23529411764705882,-2.088235294117647
Marquis Salmon,20.147058823529413,102.73529411764706,11.764705882352942,5.264705882352941,2.323529411764706,3.911764705882353,0.29411764705882354,0.8823529411764706,0.5294117647058824,0.4411764705882353,2.676470588235294,0.5366246498599441,0.014705882352941176,0.3038515406162465,0.09386100577990464,0.005098039215686275,0.06320337537735816,0.17647058823529413,-2.088235294117647
Robert Lewis,7.735294117647059,32.05882352941177,4.823529411764706,2.323529411764706,0.029411764705882353,0.7352941176470589,0.2647058823529412,0.29411764705882354,0.058823529411764705,0.08823529411764706,0.6470588235294118,0.13858543417366945,0.08627450980392157,0.1323529411764706,0.023572092565326268,0.047149708010575955,0.02948673424263916,-0.29411764705882354,-2.088235294117647
Trayvon Reed,22.852941176470587,94.91176470588235,12.205882352941176,8.0,2.088235294117647,5.147058823529412,0.29411764705882354,1.088235294117647,2.4411764705882355,0.35294117647058826,2.5588235294117645,0.5755835667600374,0.029411764705882353,0.4351190476190476,0.11716935126697275,0.012680961915132063,0.11787338461673441,3.411764705882353,-2.088235294117647
