,MP,ORtg,%Ps,Pts,OR,DR,A,TO,Blk,Stl,PF,2Pt %,3Pt %,FT %,2Pt %Att,3Pt %Att,FT %Att,Pnts-Prev,Marg,Maj Cont
Daniel Dingle,20.545454545454547,77.6969696969697,14.969696969696969,4.363636363636363,0.9696969696969697,1.8181818181818181,1.4848484848484849,0.8181818181818182,0.42424242424242425,0.3939393939393939,1.9090909090909092,0.4122655122655122,0.13636363636363635,0.3556998556998557,0.06694327168257487,0.08076762094129009,0.13203866683458332,0.0,1.1818181818181819,0.0
Devin Coleman,24.636363636363637,97.15151515151516,18.545454545454547,9.06060606060606,0.9090909090909091,1.9393939393939394,1.0,0.7878787878787878,0.12121212121212122,0.36363636363636365,1.2424242424242424,0.294011544011544,0.3549116708207617,0.27525252525252525,0.09909156102792134,0.20936158267937352,0.06314657585598248,-0.6060606060606061,1.1818181818181819,1.0
Devontae Watson,1.6363636363636365,0.9090909090909091,0.45454545454545453,0.12121212121212122,0.06060606060606061,0.21212121212121213,0.0,0.06060606060606061,0.030303030303030304,0.030303030303030304,0.30303030303030304,0.06060606060606061,0.0,0.0,0.0038899584354129815,0.0,0.0,0.0,1.1818181818181819,0.0
Ernest Aflakpui,4.090909090909091,19.96969696969697,2.393939393939394,0.9393939393939394,0.48484848484848486,0.6060606060606061,0.06060606060606061,0.15151515151515152,0.18181818181818182,0.09090909090909091,0.6060606060606061,0.13636363636363635,0.0,0.08333333333333333,0.018079139619298336,0.0,0.0156834450952098,0.24242424242424243,1.1818181818181819,0.0
Jaylen Bond,26.12121212121212,90.12121212121212,20.393939393939394,9.272727272727273,2.9696969696969697,4.545454545454546,1.2727272727272727,1.1818181818181819,0.36363636363636365,0.9696969696969697,2.696969696969697,0.4685412923380837,0.0707070707070707,0.21197691197691199,0.21547007066732285,0.031168237849908978,0.09092230329748534,0.30303030303030304,1.1818181818181819,1.0
Josh Brown,34.84848484848485,105.18181818181819,14.484848484848484,7.848484848484849,0.36363636363636365,4.181818181818182,4.757575757575758,1.3333333333333333,0.42424242424242425,1.2424242424242424,1.9090909090909092,0.42552144824872096,0.3141414141414141,0.41962481962481957,0.12134551708375066,0.09803244753973935,0.111982491423931,0.6666666666666666,1.1818181818181819,1.0
Mark Williams,8.242424242424242,51.121212121212125,11.454545454545455,3.242424242424242,0.6666666666666666,0.8787878787878788,0.45454545454545453,0.5757575757575758,0.12121212121212122,0.030303030303030304,1.2121212121212122,0.40144300144300143,0.1414141414141414,0.16035353535353536,0.05115118648917357,0.04254175338019779,0.03689345734280204,-0.8484848484848485,1.1818181818181819,1.0
Obi Enechionyia,23.545454545454547,96.0,19.90909090909091,10.545454545454545,0.9393939393939394,2.5454545454545454,0.48484848484848486,0.8484848484848485,0.8787878787878788,0.3333333333333333,2.515151515151515,0.42292404565131836,0.32348484848484843,0.4029581529581529,0.11992281382721875,0.19042418481495593,0.12459739913626608,0.7272727272727273,1.1818181818181819,1.0
Quenton DeCosey,33.39393939393939,100.60606060606061,24.303030303030305,15.151515151515152,1.2424242424242424,4.545454545454546,2.5454545454545454,2.0606060606060606,0.3939393939393939,1.2424242424242424,1.8484848484848484,0.41199028244482794,0.3456709956709957,0.6884704570533446,0.1998484834319791,0.17014143988180896,0.34286321491204486,-0.8484848484848485,1.1818181818181819,1.0
Shizz Alston,9.363636363636363,41.39393939393939,6.666666666666667,1.9090909090909092,0.12121212121212122,0.7575757575757576,0.5454545454545454,0.3333333333333333,0.030303030303030304,0.09090909090909091,0.8787878787878788,0.13636363636363635,0.13585858585858587,0.03787878787878788,0.02036758096917883,0.06249383326766884,0.017983334188867786,-0.42424242424242425,1.1818181818181819,0.0
Trey Lowe,10.363636363636363,54.54545454545455,11.181818181818182,4.0606060606060606,0.45454545454545453,0.8787878787878788,0.48484848484848486,0.3333333333333333,0.030303030303030304,0.3939393939393939,0.48484848484848486,0.3587301587301587,0.1941919191919192,0.21111111111111108,0.05358738646313837,0.08476586934202625,0.03358608160979703,0.18181818181818182,1.1818181818181819,0.0
