,MP,ORtg,%Ps,Pts,OR,DR,A,TO,Blk,Stl,PF,2Pt %,3Pt %,FT %,2Pt %Att,3Pt %Att,FT %Att,Pnts-Prev,Marg,Maj Cont
Caleb Donnelly,6.857142857142857,56.42857142857143,5.742857142857143,2.8285714285714287,0.11428571428571428,0.6,0.14285714285714285,0.2,0.0,0.02857142857142857,0.42857142857142855,0.08571428571428572,0.32071428571428573,0.10714285714285714,0.009366357624197345,0.0808912982687861,0.02014876264631086,-0.34285714285714286,3.4857142857142858,0.0
David Walker,35.94285714285714,108.42857142857143,18.97142857142857,12.971428571428572,0.22857142857142856,3.1142857142857143,3.4,2.1142857142857143,0.2857142857142857,1.1428571428571428,0.8,0.43103174603174604,0.38608843537414966,0.5934199134199134,0.12053306161156058,0.3141889555137157,0.1607969805425628,-1.3714285714285714,3.4857142857142858,1.0
Devon Begley,12.82857142857143,58.68571428571428,10.028571428571428,2.857142857142857,0.17142857142857143,1.2571428571428571,0.9142857142857143,1.0,0.05714285714285714,0.5142857142857142,1.2285714285714286,0.2904761904761905,0.26,0.22857142857142856,0.04520640970834771,0.06627683381044727,0.02200931149526547,-0.8571428571428571,3.4857142857142858,0.0
Jimmy Marshall,1.7714285714285714,7.828571428571428,0.6,0.2571428571428571,0.08571428571428572,0.17142857142857143,0.05714285714285714,0.02857142857142857,0.0,0.0,0.11428571428571428,0.02857142857142857,0.014285714285714285,0.05714285714285714,0.0029263013409354874,0.017657202011239274,0.008166248955722641,-0.05714285714285714,3.4857142857142858,0.0
Kwesi Abakah,3.2,6.257142857142857,1.0571428571428572,0.7142857142857143,0.17142857142857143,0.42857142857142855,0.0,0.08571428571428572,0.02857142857142857,0.0,0.5714285714285714,0.17857142857142858,0.0,0.09523809523809525,0.015197776211745298,0.0,0.019932057190121706,-0.11428571428571428,3.4857142857142858,0.0
Quincy Ford,30.428571428571427,98.57142857142857,19.942857142857143,10.142857142857142,1.1428571428571428,4.085714285714285,2.142857142857143,2.0285714285714285,1.0571428571428572,0.9714285714285714,1.7142857142857142,0.3953401360544217,0.37054421768707485,0.6020634920634921,0.10810530704764544,0.2759367162172674,0.1488584016296189,0.0,3.4857142857142858,1.0
Reggie Spencer,16.742857142857144,84.8,14.857142857142858,5.171428571428572,0.9142857142857143,1.8285714285714285,0.6571428571428571,1.0571428571428572,0.42857142857142855,0.5714285714285714,2.342857142857143,0.44825396825396824,0.0,0.37159863945578225,0.1072766357283083,0.0,0.08519573420766155,-0.11428571428571428,3.4857142857142858,1.0
Scott Eatherton,29.428571428571427,110.11428571428571,23.685714285714287,14.142857142857142,1.7142857142857142,4.457142857142857,1.5142857142857142,2.0,1.2285714285714286,0.5428571428571428,2.5142857142857142,0.6147321725893155,0.11428571428571428,0.6195691609977325,0.2439062247125874,0.06180489931860046,0.2223345151730549,-0.45714285714285713,3.4857142857142858,1.0
TJ Williams,32.17142857142857,95.8,18.771428571428572,9.428571428571429,0.5714285714285714,2.857142857142857,3.142857142857143,2.1142857142857143,0.2571428571428571,0.8,1.5714285714285714,0.4409863945578231,0.2805442176870748,0.5358658008658009,0.14525248833453633,0.15467266628851542,0.16633060655181586,-2.1142857142857143,3.4857142857142858,1.0
Zach Stahl,26.62857142857143,98.91428571428571,19.457142857142856,8.057142857142857,1.8285714285714285,3.8857142857142857,1.8857142857142857,2.1714285714285713,0.34285714285714286,0.6,2.4285714285714284,0.5524087816944961,0.0,0.5755782312925171,0.17365800910870746,0.0,0.11765595303643665,-2.4571428571428573,3.4857142857142858,1.0
