,MP,ORtg,%Ps,Pts,OR,DR,A,TO,Blk,Stl,PF,2Pt %,3Pt %,FT %,2Pt %Att,3Pt %Att,FT %Att,Pnts-Prev,Marg,Maj Cont
Brandon Watkins,3.4857142857142858,12.714285714285714,1.8285714285714285,0.4,0.2857142857142857,0.4,0.11428571428571428,0.2857142857142857,0.17142857142857143,0.02857142857142857,0.8571428571428571,0.10714285714285714,0.0,0.02857142857142857,0.011394311976759962,0.0,0.007005629838142152,-0.17142857142857143,12.228571428571428,0.0
Daxter Miles,22.057142857142857,91.65714285714286,16.057142857142857,8.571428571428571,0.6857142857142857,1.2285714285714286,1.2,1.2,0.05714285714285714,1.2857142857142858,2.3142857142857145,0.41359925788497226,0.24299319727891155,0.48976190476190473,0.07617657173118865,0.2099337276444559,0.0895107586192963,0.2857142857142857,12.228571428571428,0.0
Devin Williams,24.457142857142856,103.25714285714285,27.2,12.914285714285715,3.3142857142857145,5.685714285714286,1.3714285714285714,2.142857142857143,0.17142857142857143,0.6857142857142857,2.5142857142857142,0.45613489684918246,0.0,0.6008333333333334,0.21974624449464814,0.0,0.22078952805053983,-2.5714285714285716,12.228571428571428,1.0
Elijah Macon,13.085714285714285,72.11428571428571,14.2,4.428571428571429,1.2,1.7428571428571429,0.5142857142857142,0.9142857142857143,0.42857142857142855,0.34285714285714286,1.8857142857142857,0.4332312925170068,0.0,0.3105442176870748,0.07511609904638847,0.0,0.08173281546297646,-0.2857142857142857,12.228571428571428,0.0
Esa Ahmad,17.114285714285714,83.2,14.228571428571428,4.428571428571429,1.0285714285714285,1.4857142857142858,1.4,1.3428571428571427,0.4857142857142857,0.8,1.7142857142857142,0.4169387755102041,0.04285714285714286,0.3718367346938775,0.06879511012753788,0.02268220621581966,0.08830674250163342,-0.11428571428571428,12.228571428571428,1.0
Jaysean Paige,21.8,105.17142857142858,24.2,13.457142857142857,1.542857142857143,1.8285714285714285,1.2,1.5142857142857142,0.2,1.4857142857142858,2.742857142857143,0.5212298812298812,0.32782312925170065,0.47559290382819797,0.1618313562904977,0.2021990934900575,0.11609587094197966,0.34285714285714286,12.228571428571428,1.0
Jevon Carter,26.942857142857143,106.08571428571429,18.257142857142856,9.4,0.7142857142857143,2.085714285714286,3.2,1.542857142857143,0.2,1.6571428571428573,2.4,0.43072562358276645,0.2645691609977325,0.5680272108843537,0.09917845541456377,0.21083922280780157,0.09300329666401026,0.6285714285714286,12.228571428571428,1.0
Jonathan Holton,19.82857142857143,100.97142857142858,16.0,7.628571428571429,3.2,3.3714285714285714,1.2571428571428571,1.0285714285714285,0.2857142857142857,0.8857142857142857,2.2285714285714286,0.5212585034013605,0.14523809523809525,0.43353741496598647,0.1043727762504085,0.06914338660311971,0.07956795065586061,0.2857142857142857,12.228571428571428,1.0
Nathan Adrian,17.65714285714286,107.14285714285714,11.428571428571429,4.542857142857143,1.4857142857142858,1.5142857142857142,0.9142857142857143,0.7714285714285715,0.2,0.7714285714285715,2.8285714285714287,0.47034013605442176,0.32857142857142857,0.17142857142857143,0.04497074305731387,0.08422688576798916,0.029740780395792178,0.4,12.228571428571428,0.0
Tarik Phillip,21.62857142857143,105.57142857142857,21.714285714285715,9.085714285714285,0.6285714285714286,1.6857142857142857,2.742857142857143,1.8571428571428572,0.22857142857142856,1.5142857142857142,2.3714285714285714,0.45425170068027215,0.30999999999999994,0.6178798185941042,0.09081630583330452,0.13038529407805222,0.1426363296578977,-0.22857142857142856,12.228571428571428,1.0
Teyvon Myers,7.0,39.65714285714286,4.942857142857143,1.9142857142857144,0.11428571428571428,0.5142857142857142,0.42857142857142855,0.42857142857142855,0.0,0.2,0.6285714285714286,0.2042857142857143,0.12333333333333335,0.18095238095238095,0.019030597205959978,0.04201875482127583,0.023038868640442852,-0.45714285714285713,12.228571428571428,0.0
