,MP,ORtg,%Ps,Pts,OR,DR,A,TO,Blk,Stl,PF,2Pt %,3Pt %,FT %,2Pt %Att,3Pt %Att,FT %Att,Pnts-Prev,Marg,Maj Cont
Bennie Boatwright,22.970588235294116,95.58823529411765,21.323529411764707,10.794117647058824,1.4411764705882353,3.5,0.9705882352941176,1.3235294117647058,0.7647058823529411,0.38235294117647056,3.0,0.3595174433409727,0.3014589169000934,0.607107843137255,0.09337274304052116,0.22884705858455398,0.13359200758315934,-0.35294117647058826,5.911764705882353,1.0
Chimezie Metu,18.176470588235293,93.23529411764706,17.11764705882353,6.4411764705882355,1.5294117647058822,2.0294117647058822,0.5,1.0588235294117647,1.5588235294117647,0.5294117647058824,2.3823529411764706,0.4481325863678805,0.0,0.37640056022408963,0.11987099101759657,0.0011764705882352942,0.1178934338839554,2.0588235294117645,5.911764705882353,1.0
Darion Clark,8.529411764705882,44.05882352941177,7.794117647058823,1.9705882352941178,1.2647058823529411,2.235294117647059,0.23529411764705882,0.6470588235294118,0.3235294117647059,0.14705882352941177,0.8529411764705882,0.2627450980392157,0.0,0.13676470588235295,0.03897864474349613,0.0,0.039305448481313336,-0.35294117647058826,5.911764705882353,0.0
Elijah Stewart,25.470588235294116,113.5,14.911764705882353,9.470588235294118,0.7352941176470589,2.764705882352941,1.0588235294117647,0.8235294117647058,0.7058823529411765,0.5882352941176471,2.5588235294117645,0.3703664799253034,0.4349089635854342,0.386764705882353,0.08040903897925898,0.1936057372390146,0.07657106309161599,0.9411764705882353,5.911764705882353,1.0
Jordan McLaughlin,31.352941176470587,106.17647058823529,20.38235294117647,12.970588235294118,0.47058823529411764,3.1470588235294117,4.5,2.264705882352941,0.14705882352941177,1.5,0.9705882352941176,0.44134884723120016,0.39044117647058835,0.5228408029878618,0.13850792033900045,0.19293244337691576,0.13537983248236454,-1.2352941176470589,5.911764705882353,1.0
Julian Jacobs,27.38235294117647,96.52941176470588,19.676470588235293,10.382352941176471,0.9117647058823529,3.411764705882353,4.882352941176471,2.2941176470588234,0.38235294117647056,1.1176470588235294,2.264705882352941,0.47828276586927104,0.2009803921568627,0.5677584670231729,0.15259094302746928,0.0691131772198023,0.16074623110573988,-1.588235294117647,5.911764705882353,1.0
Katin Reinhardt,26.08823529411765,102.20588235294117,18.58823529411765,11.088235294117647,0.6470588235294118,2.0294117647058822,1.3823529411764706,1.3823529411764706,0.14705882352941177,1.0294117647058822,1.0,0.5158990519284636,0.30669934640522867,0.41715686274509806,0.11205233307270994,0.2259880524053222,0.048438613923696305,-0.4117647058823529,5.911764705882353,1.0
Malik Marquetti,5.647058823529412,30.735294117647058,4.029411764705882,1.5,0.3235294117647059,0.47058823529411764,0.35294117647058826,0.17647058823529413,0.14705882352941177,0.2647058823529412,0.5588235294117647,0.13284313725490196,0.09068627450980393,0.14705882352941177,0.018602139646629528,0.027619172174798767,0.02483418654818249,0.47058823529411764,5.911764705882353,0.0
Malik Martin,5.147058823529412,18.735294117647058,2.588235294117647,1.411764705882353,0.29411764705882354,0.8529411764705882,0.11764705882352941,0.20588235294117646,0.2647058823529412,0.17647058823529413,0.9705882352941176,0.1926470588235294,0.029411764705882353,0.1446078431372549,0.02093887731145407,0.006577558559655745,0.03764196029288908,0.47058823529411764,5.911764705882353,0.0
Nikola Jovanovic,24.735294117647058,104.52941176470588,20.823529411764707,11.735294117647058,2.1470588235294117,4.647058823529412,0.38235294117647056,1.3529411764705883,0.7941176470588235,0.3235294117647059,2.323529411764706,0.48325840825840816,0.19117647058823528,0.50907605466429,0.18768162419070633,0.019733233679899372,0.18421213710435103,-0.47058823529411764,5.911764705882353,1.0
Strahinja Gavrilovic,1.3529411764705883,0.0,0.0,0.6470588235294118,0.0,0.11764705882352941,0.0,0.11764705882352941,0.029411764705882353,0.08823529411764706,0.0,0.0980392156862745,0.04411764705882353,0.08823529411764706,0.007582979925275253,0.004995331465919702,0.01197332079685021,0.0,5.911764705882353,0.0
