,MP,ORtg,%Ps,Pts,OR,DR,A,TO,Blk,Stl,PF,2Pt %,3Pt %,FT %,2Pt %Att,3Pt %Att,FT %Att,Pnts-Prev,Marg,Maj Cont
Brandon Chauca,0.8823529411764706,0.0,0.0,0.14705882352941177,0.0,0.0,0.11764705882352941,0.08823529411764706,0.0,0.029411764705882353,0.08823529411764706,0.0,0.014705882352941176,0.029411764705882353,0.0007002801120448179,0.011084678969627067,0.003460207612456747,-0.11764705882352941,7.852941176470588,0.0
Ivan Rabb,27.558823529411764,117.05882352941177,20.41176470588235,12.147058823529411,2.676470588235294,5.5,0.8529411764705882,1.5,1.2058823529411764,0.5294117647058824,2.9705882352941178,0.6123590461825756,0.029411764705882353,0.6050653594771243,0.19593448976724492,0.001730103806228374,0.1884813148631361,0.47058823529411764,7.852941176470588,1.0
Jabari Bird,25.970588235294116,107.29411764705883,15.970588235294118,10.058823529411764,0.7352941176470589,2.5,0.9117647058823529,0.7941176470588235,0.3235294117647059,0.5,1.6176470588235294,0.4932773109243699,0.3313025210084033,0.39754901960784317,0.09623896805072545,0.22726324383977622,0.06199122871226792,0.058823529411764705,7.852941176470588,0.0
Jaylen Brown,27.08823529411765,93.32352941176471,30.529411764705884,14.529411764705882,1.0294117647058822,4.264705882352941,1.9705882352941178,2.8823529411764706,0.6470588235294118,0.7941176470588235,3.0294117647058822,0.478151178886473,0.31505602240896363,0.5801162889398184,0.2147233728815518,0.15713548947236683,0.2881802992049707,-2.8823529411764706,7.852941176470588,1.0
Jordan Mathews,28.823529411764707,111.47058823529412,19.147058823529413,12.794117647058824,0.7058823529411765,2.5294117647058822,1.2058823529411764,1.2941176470588236,0.0,0.4411764705882353,2.0588235294117645,0.4015406162464986,0.42282913165266106,0.5835084033613446,0.09192231616507893,0.3252551131014208,0.11768786873024839,-1.7058823529411764,7.852941176470588,1.0
Kameron Rooks,16.0,103.61764705882354,9.676470588235293,3.2941176470588234,1.7941176470588236,2.7941176470588234,0.35294117647058826,0.5,0.7941176470588235,0.14705882352941177,2.764705882352941,0.5441176470588234,0.0,0.2647058823529412,0.06282978290996828,0.0,0.045164924467577215,0.8823529411764706,7.852941176470588,1.0
Kingsley Okoroh,9.441176470588236,34.38235294117647,4.294117647058823,1.2647058823529411,0.47058823529411764,1.2058823529411764,0.17647058823529413,0.5294117647058824,0.9705882352941176,0.11764705882352941,1.7941176470588236,0.25392156862745097,0.0,0.07352941176470588,0.02555023205479445,0.0,0.018646400565116128,1.1176470588235294,7.852941176470588,1.0
Roger Moute a Bidias,4.735294117647059,31.5,1.588235294117647,0.7352941176470589,0.08823529411764706,0.5,0.11764705882352941,0.11764705882352941,0.058823529411764705,0.029411764705882353,1.0,0.04411764705882353,0.1323529411764706,0.08823529411764706,0.009852944548773683,0.011811359802143139,0.009690285850648576,-0.058823529411764705,7.852941176470588,1.0
Sam Singer,19.058823529411764,87.55882352941177,13.882352941176471,3.3823529411764706,0.4411764705882353,1.911764705882353,2.5588235294117645,1.3235294117647058,0.058823529411764705,0.4411764705882353,1.9411764705882353,0.36852240896358535,0.1519607843137255,0.23823529411764705,0.05891000159798793,0.057063048555896535,0.040991818147587615,-1.6470588235294117,7.852941176470588,1.0
Stephen Domingo,8.970588235294118,55.44117647058823,5.0588235294117645,1.4705882352941178,0.5588235294117647,0.9411764705882353,0.5,0.2647058823529412,0.23529411764705882,0.14705882352941177,0.8235294117647058,0.12745098039215685,0.19117647058823528,0.029411764705882353,0.014499926792813428,0.05214178173012985,0.018494819809981296,0.23529411764705882,7.852941176470588,1.0
Tyrone Wallace,26.5,87.11764705882354,23.058823529411764,12.558823529411764,0.7941176470588235,3.5588235294117645,3.6176470588235294,2.176470588235294,0.35294117647058826,0.7941176470588235,1.8529411764705883,0.42099941252418027,0.218312324929972,0.5030784574902223,0.19942592041313403,0.12710341601652878,0.177799067330127,-2.0588235294117645,7.852941176470588,0.0
