,MP,ORtg,%Ps,Pts,OR,DR,A,TO,Blk,Stl,PF,2Pt %,3Pt %,FT %,2Pt %Att,3Pt %Att,FT %Att,Pnts-Prev,Marg,Maj Cont
Isaiah Armwood,30.939393939393938,101.48484848484848,21.181818181818183,12.090909090909092,2.242424242424242,5.96969696969697,1.5757575757575757,1.7878787878787878,1.5454545454545454,0.7575757575757576,2.6363636363636362,0.4622673622673622,0.045454545454545456,0.578039048493594,0.2114674660098442,0.017169761687305548,0.22453536577082933,1.0303030303030303,6.333333333333333,1.0
Joe McDonald,27.575757575757574,99.78787878787878,18.03030303030303,7.818181818181818,1.393939393939394,2.9393939393939394,3.878787878787879,2.0606060606060606,0.09090909090909091,1.4545454545454546,2.0606060606060606,0.35733525733525734,0.30086580086580084,0.548675062311426,0.09631706538635569,0.12790152261700088,0.1413963972444368,-1.0303030303030303,6.333333333333333,1.0
John Kopriva,11.666666666666666,63.93939393939394,7.393939393939394,1.6666666666666667,0.8484848484848485,1.5151515151515151,0.3939393939393939,0.6363636363636364,0.30303030303030304,0.3333333333333333,1.606060606060606,0.32626262626262625,0.0,0.17676767676767677,0.034206947480950364,0.0,0.0353672527667468,0.0,6.333333333333333,1.0
Kethan Savage,14.727272727272727,59.303030303030305,14.454545454545455,7.333333333333333,0.8484848484848485,1.6363636363636365,1.4848484848484849,1.2727272727272727,0.36363636363636365,1.0909090909090908,1.3333333333333333,0.3196822537731629,0.08333333333333333,0.3261544011544012,0.10556803883432325,0.054631434635421874,0.10701462706427244,0.36363636363636365,6.333333333333333,0.0
Kevin Larsen,30.181818181818183,110.48484848484848,17.939393939393938,10.93939393939394,2.3333333333333335,4.454545454545454,1.6666666666666667,1.3636363636363635,0.6666666666666666,0.45454545454545453,1.9696969696969697,0.5298823230641414,0.0,0.5103830512921423,0.20435586691712662,0.0033774275260343373,0.12616083972640163,-0.48484848484848486,6.333333333333333,1.0
Maurice Creek,27.575757575757574,101.0909090909091,21.696969696969695,13.393939393939394,0.6666666666666666,2.515151515151515,1.6666666666666667,2.0606060606060606,0.15151515151515152,0.9696969696969697,2.0303030303030303,0.4336219336219336,0.36105098605098607,0.5753968253968254,0.11453031240378336,0.3830769090726996,0.12534480351233546,-1.878787878787879,6.333333333333333,1.0
Miguel Cartagena,6.212121212121212,14.575757575757576,4.7272727272727275,1.0,0.0,0.36363636363636365,0.9696969696969697,0.696969696969697,0.0,0.12121212121212122,0.8181818181818182,0.1272727272727273,0.10606060606060606,0.05555555555555556,0.019385949670204235,0.04283737165992211,0.015907294597279745,-1.1515151515151516,6.333333333333333,0.0
Nemanja Mikic,16.060606060606062,84.24242424242425,12.333333333333334,4.757575757575758,0.2727272727272727,1.2727272727272727,0.5151515151515151,0.5151515151515151,0.24242424242424243,0.3333333333333333,1.878787878787879,0.2777777777777778,0.2768037518037518,0.13636363636363635,0.026085685498477673,0.21654773548498796,0.024745812609197098,0.12121212121212122,6.333333333333333,0.0
Nick Griffin,4.454545454545454,21.696969696969695,1.696969696969697,1.696969696969697,0.12121212121212122,0.30303030303030304,0.09090909090909091,0.21212121212121213,0.0,0.06060606060606061,0.48484848484848486,0.12626262626262627,0.20707070707070707,0.0,0.012420168740471157,0.04766612494491976,0.002754820936639119,-0.30303030303030304,6.333333333333333,0.0
Paris Maragkos,2.909090909090909,7.787878787878788,1.2727272727272727,0.8181818181818182,0.18181818181818182,0.2727272727272727,0.0,0.2727272727272727,0.0,0.030303030303030304,0.6666666666666666,0.1453823953823954,0.0,0.045454545454545456,0.018143603637557317,0.010494765567229336,0.00963924963924964,-0.48484848484848486,6.333333333333333,0.0
Patricio Garino,21.545454545454547,83.33333333333333,16.03030303030303,9.242424242424242,1.2424242424242424,2.0,1.4545454545454546,1.4848484848484849,0.6363636363636364,1.2121212121212122,1.878787878787879,0.46928828747010565,0.13939393939393938,0.4205627705627705,0.1272158651178758,0.06599391650144841,0.15683050582958158,0.7272727272727273,6.333333333333333,1.0
