,MP,ORtg,%Ps,Pts,OR,DR,A,TO,Blk,Stl,PF,2Pt %,3Pt %,FT %,2Pt %Att,3Pt %Att,FT %Att,Pnts-Prev,Marg,Maj Cont
Abdul-Malik Abu,16.61111111111111,77.13888888888889,15.444444444444445,5.472222222222222,1.6388888888888888,2.5277777777777777,0.5833333333333334,0.8333333333333334,0.4722222222222222,0.1388888888888889,2.0277777777777777,0.4253858024691358,0.027777777777777776,0.35740740740740745,0.11214818328841597,0.007308201058201057,0.1230462010167545,-0.4444444444444444,4.555555555555555,1.0
Anthony Barber,27.944444444444443,93.55555555555556,20.194444444444443,10.75,0.7777777777777778,2.138888888888889,3.388888888888889,1.8611111111111112,0.0,0.75,1.75,0.40456904206904215,0.15648148148148147,0.5850319433652768,0.16810495409332907,0.08991434310061759,0.17352205092831993,-2.2222222222222223,4.555555555555555,1.0
Beejay Anya,17.77777777777778,82.77777777777777,11.972222222222221,4.277777777777778,1.5,2.4166666666666665,0.2222222222222222,1.0555555555555556,2.4166666666666665,0.1111111111111111,2.4444444444444446,0.4791666666666667,0.0,0.2875661375661376,0.07134713635309102,0.0,0.0949992303482282,2.9444444444444446,4.555555555555555,0.0
Caleb Martin,16.02777777777778,78.27777777777777,12.666666666666666,4.611111111111111,0.7222222222222222,2.0,0.6944444444444444,0.6111111111111112,0.3333333333333333,0.3055555555555556,1.0833333333333333,0.349537037037037,0.2423611111111111,0.43194444444444435,0.04681402316104247,0.1206780646731627,0.08178155426178893,0.05555555555555555,4.555555555555555,0.0
Cody Martin,6.0,27.805555555555557,6.222222222222222,1.8055555555555556,0.4722222222222222,0.5833333333333334,0.6388888888888888,0.5,0.16666666666666666,0.25,1.0,0.287962962962963,0.0,0.10416666666666667,0.035202225634442294,0.008246151996151996,0.03585837759814368,-0.16666666666666666,4.555555555555555,0.0
Desmond Lee,5.25,17.444444444444443,4.138888888888889,1.9444444444444444,0.2777777777777778,0.3611111111111111,0.3055555555555556,0.4444444444444444,0.0,0.2222222222222222,0.75,0.22175925925925927,0.013888888888888888,0.3324074074074075,0.028667318962902668,0.01491766675590205,0.05892783580697807,-0.4444444444444444,4.555555555555555,0.0
Kyle Washington,16.11111111111111,68.30555555555556,16.166666666666668,5.805555555555555,1.0555555555555556,2.6666666666666665,0.3611111111111111,0.8333333333333334,1.0277777777777777,0.19444444444444445,1.75,0.330907441324108,0.13425925925925927,0.26587301587301587,0.13223287586574306,0.019090345928581227,0.04369923377956895,0.7777777777777778,4.555555555555555,0.0
Lennard Freeman,17.11111111111111,78.97222222222223,10.13888888888889,3.0277777777777777,1.75,3.2222222222222223,0.4444444444444444,0.6111111111111112,0.1111111111111111,0.25,1.6111111111111112,0.37645502645502643,0.0,0.27523148148148147,0.07284405969407096,0.0,0.058848809115796805,-0.5,4.555555555555555,1.0
Ralston Turner,28.86111111111111,100.55555555555556,17.88888888888889,12.083333333333334,0.6111111111111112,2.4166666666666665,0.8611111111111112,1.0,0.16666666666666666,0.5833333333333334,2.111111111111111,0.4467151675485008,0.3377437513466925,0.3950727513227513,0.08858432217257274,0.35655758321199493,0.09765199610302472,-0.5,4.555555555555555,1.0
Trevor Lacey,31.666666666666668,101.72222222222223,20.61111111111111,14.083333333333334,0.5833333333333334,3.3055555555555554,3.0555555555555554,1.6666666666666667,0.16666666666666666,0.7777777777777778,1.3611111111111112,0.43260104093437424,0.3463073192239859,0.4977843915343915,0.1607215674410566,0.29995430994205496,0.14833137770806276,-1.4444444444444444,4.555555555555555,1.0
