,MP,ORtg,%Ps,Pts,OR,DR,A,TO,Blk,Stl,PF,2Pt %,3Pt %,FT %,2Pt %Att,3Pt %Att,FT %Att,Pnts-Prev,Marg,Maj Cont
Aerris Smith,8.303030303030303,43.09090909090909,3.757575757575758,1.3636363636363635,0.5757575757575758,1.121212121212121,0.06060606060606061,0.21212121212121213,0.030303030303030304,0.09090909090909091,0.9090909090909091,0.3005050505050505,0.0,0.15151515151515152,0.02721844599048168,0.0,0.02687038451744334,-0.18181818181818182,5.090909090909091,0.0
CJ Neumann,19.03030303030303,108.12121212121212,11.727272727272727,4.424242424242424,1.3636363636363635,1.696969696969697,0.36363636363636365,0.5151515151515151,0.18181818181818182,0.36363636363636365,1.9393939393939394,0.5427128427128427,0.030303030303030304,0.24747474747474746,0.089401487705981,0.005515345436294053,0.05424679122047543,0.06060606060606061,5.090909090909091,0.0
Eric Garcia,24.09090909090909,108.9090909090909,13.242424242424242,6.757575757575758,0.24242424242424243,1.3636363636363635,2.3333333333333335,0.8181818181818182,0.0,0.6060606060606061,1.2121212121212122,0.30303030303030304,0.4382395382395382,0.40909090909090906,0.05697067622584179,0.16718610739620746,0.08399524554557859,-0.42424242424242425,5.090909090909091,1.0
Indiana Faithfull,7.757575757575758,30.727272727272727,5.7272727272727275,1.0909090909090908,0.06060606060606061,0.7878787878787878,1.1515151515151516,0.6363636363636364,0.09090909090909091,0.21212121212121213,0.9696969696969697,0.14898989898989898,0.030303030303030304,0.19696969696969696,0.021101529107988997,0.029240453645630743,0.032421040718254336,-0.6666666666666666,5.090909090909091,0.0
Jaylen Allen,13.06060606060606,81.21212121212122,15.424242424242424,5.121212121212121,0.30303030303030304,1.1818181818181819,0.5454545454545454,0.8484848484848485,0.030303030303030304,0.8181818181818182,1.5757575757575757,0.41428571428571426,0.3237373737373737,0.23535353535353534,0.05433533778216198,0.13320748391014586,0.052908234774263485,0.0,5.090909090909091,0.0
John Swinton,10.333333333333334,72.6969696969697,6.636363636363637,1.6363636363636365,0.24242424242424243,0.7575757575757576,0.9393939393939394,0.3333333333333333,0.09090909090909091,0.36363636363636365,1.0303030303030303,0.24242424242424243,0.15151515151515152,0.16666666666666666,0.01684592698209192,0.03532505506189716,0.029662982425905773,0.24242424242424243,5.090909090909091,0.0
Justin Gordon,17.484848484848484,80.06060606060606,19.060606060606062,5.2727272727272725,1.8181818181818181,1.4545454545454546,0.7272727272727273,1.1818181818181819,0.15151515151515152,0.5454545454545454,2.5757575757575757,0.49318181818181817,0.0,0.22510822510822512,0.11439704059545436,0.004184704184704185,0.09526923594659781,-0.9696969696969697,5.090909090909091,1.0
Karl Cochran,29.606060606060606,101.06060606060606,28.181818181818183,15.181818181818182,0.6060606060606061,4.212121212121212,2.9393939393939394,1.878787878787879,0.5757575757575758,1.606060606060606,2.1515151515151514,0.3892009505645869,0.35306637806637803,0.42568542568542567,0.19609767096739486,0.3584999345848515,0.13969161862866714,0.6060606060606061,5.090909090909091,1.0
Lee Skinner,30.606060606060606,100.48484848484848,22.272727272727273,10.878787878787879,2.8181818181818183,5.484848484848484,2.0,1.9090909090909092,0.18181818181818182,0.8787878787878788,1.9090909090909092,0.46068947392476806,0.0505050505050505,0.5359187109187108,0.20667225307082965,0.0296787090904738,0.21521628494163442,-1.696969696969697,5.090909090909091,1.0
Spencer Collins,29.151515151515152,101.54545454545455,21.696969696969695,12.393939393939394,0.696969696969697,2.303030303030303,1.2121212121212122,1.3333333333333333,0.21212121212121213,0.5757575757575758,2.090909090909091,0.468190563645109,0.2848484848484849,0.6462842712842712,0.18073700252617828,0.17308135329734758,0.23234444390744233,-1.0909090909090908,5.090909090909091,1.0
Zac Grossenbacher,2.8181818181818183,9.848484848484848,1.1818181818181819,0.9696969696969697,0.09090909090909091,0.2727272727272727,0.06060606060606061,0.12121212121212122,0.06060606060606061,0.030303030303030304,0.36363636363636365,0.045454545454545456,0.1111111111111111,0.030303030303030304,0.00591959874256525,0.03377782308941729,0.007070707070707071,-0.06060606060606061,5.090909090909091,0.0
