,MP,ORtg,%Ps,Pts,OR,DR,A,TO,Blk,Stl,PF,2Pt %,3Pt %,FT %,2Pt %Att,3Pt %Att,FT %Att,Pnts-Prev,Marg,Maj Cont
Daniel Ochefu,22.63888888888889,111.83333333333333,19.583333333333332,8.722222222222221,2.5,5.416666666666667,1.4722222222222223,1.7777777777777777,1.2777777777777777,0.8055555555555556,2.0277777777777777,0.5981812169312171,0.0,0.4288690476190476,0.17445954812437695,0.0,0.10997032949442016,0.6111111111111112,14.527777777777779,1.0
Darrun Hilliard,26.36111111111111,105.47222222222223,21.305555555555557,12.833333333333334,0.4444444444444444,2.5555555555555554,1.9722222222222223,1.1111111111111112,0.3333333333333333,1.6388888888888888,2.0833333333333335,0.46662257495590825,0.32104623771290436,0.6039902998236332,0.150882664800801,0.2355035074957006,0.1202945338560771,1.7222222222222223,14.527777777777779,1.0
Darryl Reynolds,3.888888888888889,11.11111111111111,1.2777777777777777,1.0555555555555556,0.2777777777777778,0.5833333333333334,0.1388888888888889,0.25,0.3333333333333333,0.1111111111111111,0.75,0.22916666666666666,0.0,0.09027777777777778,0.018706120044510284,0.0,0.024342457547866906,0.3888888888888889,14.527777777777779,0.0
Dylan Ennis,26.5,100.11111111111111,19.36111111111111,9.277777777777779,0.8888888888888888,2.611111111111111,3.2777777777777777,1.6388888888888888,0.3888888888888889,0.9722222222222222,2.0555555555555554,0.3897486772486773,0.32633377425044086,0.3359066859066859,0.11056121168351801,0.18204447884335206,0.09097595493379573,-0.5555555555555556,14.527777777777779,1.0
Henry Lowe,0.8333333333333334,0.0,0.0,0.08333333333333333,0.0,0.05555555555555555,0.027777777777777776,0.0,0.0,0.027777777777777776,0.08333333333333333,0.0,0.013888888888888888,0.0,0.0008169934640522877,0.0058930234037992656,0.0,0.05555555555555555,14.527777777777779,0.0
JayVaughn Pinkston,24.61111111111111,101.25,20.333333333333332,9.027777777777779,1.8055555555555556,3.25,1.1388888888888888,1.6388888888888888,0.8055555555555556,0.8055555555555556,1.9444444444444444,0.4026330029619503,0.0,0.7336529982363318,0.1869111874306762,0.007468614177759605,0.22400754755797003,-0.05555555555555555,14.527777777777779,1.0
Josh Hart,24.13888888888889,118.77777777777777,17.694444444444443,9.805555555555555,1.6388888888888888,2.5277777777777777,1.3611111111111112,1.0277777777777777,0.3611111111111111,1.0555555555555556,2.0,0.5311067019400354,0.4203042328042328,0.46624579124579124,0.11328504111588684,0.13106495319566283,0.1172793795124522,0.7777777777777778,14.527777777777779,1.0
Kris Jenkins,17.63888888888889,106.77777777777777,14.277777777777779,6.055555555555555,0.4444444444444444,1.4722222222222223,0.9166666666666666,0.5833333333333334,0.2222222222222222,0.6111111111111112,1.5,0.30092592592592593,0.3568783068783069,0.3445987654320988,0.027343690023016277,0.14080212994437127,0.07232629316663249,0.5,14.527777777777779,1.0
Phil Booth,13.527777777777779,97.77777777777777,13.527777777777779,5.333333333333333,0.25,1.1944444444444444,1.3888888888888888,0.6944444444444444,0.027777777777777776,0.25,1.3888888888888888,0.4694444444444444,0.4143518518518519,0.32523148148148145,0.05596011770305317,0.07106732295139122,0.05269767293545386,-0.8333333333333334,14.527777777777779,1.0
Ryan Arcidiacono,28.72222222222222,108.91666666666667,17.305555555555557,9.63888888888889,0.2777777777777778,1.4166666666666667,3.3055555555555554,1.3333333333333333,0.05555555555555555,1.0277777777777777,1.6388888888888888,0.4116732804232804,0.3314153439153439,0.543073593073593,0.10551787005455351,0.1706004144324076,0.13255027543977593,-0.5,14.527777777777779,1.0
