,MP,ORtg,%Ps,Pts,OR,DR,A,TO,Blk,Stl,PF,2Pt %,3Pt %,FT %,2Pt %Att,3Pt %Att,FT %Att,Pnts-Prev,Marg,Maj Cont
Calvin Hermanson,26.794117647058822,117.88235294117646,17.294117647058822,12.264705882352942,0.6470588235294118,2.1176470588235294,0.8235294117647058,0.9117647058823529,0.17647058823529413,0.47058823529411764,2.1176470588235294,0.584873949579832,0.41639079874373996,0.4178921568627451,0.10030998287292474,0.24603222561721,0.15715664189712633,-0.5294117647058824,14.588235294117647,1.0
Dane Pineau,21.61764705882353,108.82352941176471,14.647058823529411,6.088235294117647,2.0294117647058822,3.6176470588235294,0.7352941176470589,1.0,0.9705882352941176,0.8529411764705882,2.6470588235294117,0.6184873949579832,0.08823529411764706,0.30686274509803924,0.12046991999313891,0.034101532234554886,0.08988536393289628,1.6470588235294117,14.588235294117647,1.0
Emmett Naar,30.88235294117647,108.41176470588235,18.970588235294116,8.941176470588236,0.17647058823529413,2.176470588235294,5.411764705882353,2.235294117647059,0.058823529411764705,0.6470588235294118,0.7058823529411765,0.4498366013071895,0.4004901960784314,0.38848039215686275,0.14502980282296912,0.11543567750838377,0.12761349281245474,-3.0588235294117645,14.588235294117647,1.0
Evan Fitzner,14.294117647058824,88.73529411764706,11.205882352941176,5.323529411764706,0.5882352941176471,2.5,0.3235294117647059,0.29411764705882354,0.11764705882352941,0.08823529411764706,0.8235294117647058,0.3269607843137255,0.41470588235294126,0.10294117647058823,0.03957996269371439,0.13569580628864591,0.015620719150130916,-0.17647058823529413,14.588235294117647,1.0
Jock Landale,26.08823529411765,115.94117647058823,29.323529411764707,15.852941176470589,2.8529411764705883,5.911764705882353,1.5294117647058822,1.9705882352941178,1.1176470588235294,0.2647058823529412,2.411764705882353,0.5925196943579296,0.08823529411764706,0.622853372118078,0.3212254695923125,0.02528803640611599,0.31098634213982057,-1.1764705882352942,14.588235294117647,1.0
Joe Rahon,34.205882352941174,112.5,15.147058823529411,7.647058823529412,0.4411764705882353,3.1470588235294117,5.352941176470588,1.5588235294117647,0.3235294117647059,0.9411764705882353,1.6764705882352942,0.4386204481792717,0.3079131652661064,0.3628851540616247,0.11881168727223812,0.1327335811943469,0.09303512519775495,-0.5882352941176471,14.588235294117647,1.0
Jordan Ford,4.764705882352941,27.529411764705884,5.470588235294118,2.0588235294117645,0.11764705882352941,0.35294117647058826,0.5588235294117647,0.23529411764705882,0.0,0.11764705882352941,0.29411764705882354,0.16176470588235295,0.14313725490196078,0.15808823529411764,0.024722088431615188,0.034462482842673156,0.03154525981515601,-0.23529411764705882,14.588235294117647,0.0
Jordan Hunter,3.588235294117647,4.9411764705882355,1.3235294117647058,1.411764705882353,0.35294117647058826,0.9117647058823529,0.08823529411764706,0.20588235294117646,0.14705882352941177,0.08823529411764706,0.9705882352941176,0.2446078431372549,0.029411764705882353,0.1323529411764706,0.025904783300718152,0.001730103806228374,0.0349823868941516,0.058823529411764705,14.588235294117647,0.0
Kyle Clark,9.529411764705882,56.61764705882353,6.5588235294117645,2.588235294117647,0.5588235294117647,0.8529411764705882,0.38235294117647056,0.4411764705882353,0.08823529411764706,0.23529411764705882,0.8823529411764706,0.16666666666666669,0.26232492997198875,0.18872549019607843,0.014173421894010127,0.05999682726696065,0.03898398428197189,-0.23529411764705882,14.588235294117647,0.0
Stefan Gonzalez,5.117647058823529,34.85294117647059,6.529411764705882,2.264705882352941,0.029411764705882353,0.5588235294117647,0.3235294117647059,0.29411764705882354,0.0,0.029411764705882353,0.4117647058823529,0.16666666666666669,0.1642156862745098,0.0980392156862745,0.012016898249844988,0.05191833280870841,0.01596885479602653,-0.5294117647058824,14.588235294117647,0.0
Tanner Krebs,11.117647058823529,55.61764705882353,6.9411764705882355,3.323529411764706,0.17647058823529413,1.088235294117647,0.23529411764705882,0.35294117647058826,0.0,0.14705882352941177,0.9411764705882353,0.14950980392156862,0.2471638655462185,0.14705882352941177,0.018932453464748977,0.1037818646144073,0.02539829967074549,-0.4117647058823529,14.588235294117647,1.0
