,MP,ORtg,%Ps,Pts,OR,DR,A,TO,Blk,Stl,PF,2Pt %,3Pt %,FT %,2Pt %Att,3Pt %Att,FT %Att,Pnts-Prev,Marg,Maj Cont
Benny Parker,14.4375,69.25,7.28125,2.28125,0.0625,0.90625,0.90625,0.40625,0.03125,0.90625,1.46875,0.32447916666666665,0.0,0.21875,0.05327440012207608,0.011981275303643724,0.02071184965141571,1.0625,2.0625,1.0
David Rivers,14.6875,65.4375,6.21875,2.25,0.78125,1.46875,0.28125,0.34375,0.34375,0.71875,1.4375,0.2738095238095238,0.03125,0.20833333333333334,0.044527729384028575,0.004804208472686733,0.03851429181718555,1.4375,2.0625,1.0
Deverell Biggs,9.625,43.21875,14.5,4.65625,0.40625,1.15625,0.71875,1.0625,0.1875,0.46875,1.3125,0.20680014430014435,0.09895833333333333,0.29739583333333336,0.08326341376976847,0.029758934347003482,0.09823297192322929,-0.8125,2.0625,0.0
Leslee Smith,16.4375,83.0,20.1875,5.3125,1.8125,2.9375,0.375,1.40625,0.59375,0.875,2.40625,0.45788690476190474,0.0,0.37872023809523814,0.1143002770119937,0.002403846153846154,0.08664702817554111,0.125,2.0625,1.0
Mike Peltz,1.6875,2.71875,0.21875,0.03125,0.09375,0.1875,0.03125,0.03125,0.0,0.03125,0.3125,0.0,0.0,0.015625,0.003182244744744745,0.0,0.0020161290322580645,0.0,2.0625,0.0
Nathan Hawkins,3.625,17.625,2.09375,0.71875,0.0625,0.40625,0.15625,0.15625,0.0,0.0625,0.625,0.015625,0.07068452380952381,0.046875,0.009474386056621466,0.03174798976608187,0.012126068376068376,-0.1875,2.0625,0.0
Ray Gallegos,25.34375,88.59375,12.40625,6.375,0.1875,1.625,1.25,0.46875,0.125,0.71875,1.71875,0.3322916666666667,0.26470734126984125,0.109375,0.0455069691949271,0.2662361179204483,0.015454711589580013,0.75,2.0625,1.0
Shavon Shields,31.375,100.9375,22.03125,12.28125,1.34375,4.25,1.5625,1.5625,0.25,0.875,2.625,0.46054218963226307,0.26562500000000006,0.5556006493506493,0.20666149852193788,0.09546653256234165,0.23951396354390816,-0.875,2.0625,1.0
Tai Webster,22.4375,68.6875,15.3125,3.9375,0.375,1.5625,1.9375,1.8125,0.09375,0.75,2.21875,0.31168154761904765,0.09375,0.31085858585858583,0.06541774532968796,0.06281186142882074,0.09935737098068645,-1.9375,2.0625,1.0
Terran Petteway,30.65625,98.4375,30.5625,17.53125,0.875,3.875,1.59375,2.625,0.71875,0.84375,3.0625,0.4603104360916861,0.3391369047619048,0.7743407999164578,0.24574051137381972,0.25522743200441034,0.28100071020651607,-2.125,2.0625,1.0
Walter Pitchford,22.3125,115.34375,17.9375,9.25,1.125,3.4375,0.46875,0.40625,0.5,0.375,2.4375,0.5451670725108226,0.400719246031746,0.3963541666666666,0.09740082449039433,0.20831180204071706,0.07517490470361113,0.9375,2.0625,1.0
