,MP,ORtg,%Ps,Pts,OR,DR,A,TO,Blk,Stl,PF,2Pt %,3Pt %,FT %,2Pt %Att,3Pt %Att,FT %Att,Pnts-Prev,Marg,Maj Cont
Brice Johnson,23.225,106.175,20.8,14.1,2.475,6.525,1.275,1.525,1.075,0.975,2.275,0.522061920922215,0.0,0.594280753968254,0.19579328037555221,0.0,0.16585947915977464,1.05,10.8,1.0
Isaiah Hicks,15.5,106.825,17.575,7.8,1.75,2.275,0.6,0.975,0.45,0.425,2.425,0.5382242063492064,0.0,0.44365384615384623,0.10139810728999606,0.0,0.14263499993866574,-0.2,10.8,1.0
Joel Berry,25.75,103.15,16.4,10.75,0.475,2.25,3.0,1.325,0.225,1.275,1.9,0.40317536630036627,0.3294471500721501,0.5204365079365079,0.09686736874885556,0.21896342295512777,0.12132108859793089,0.35,10.8,1.0
Joel James,6.675,27.15,4.7,1.75,0.825,1.15,0.0,0.375,0.15,0.025,1.05,0.24375,0.0,0.14583333333333331,0.03514564637563012,0.0,0.024086153526432563,-0.4,10.8,0.0
Justin Jackson,24.05,98.425,17.3,10.25,1.5,1.8,2.45,0.925,0.35,0.525,1.55,0.4647835497835497,0.18279761904761904,0.3745833333333334,0.13907194794549463,0.15594058903959296,0.09203553651760413,-0.1,10.8,1.0
Kennedy Meeks,14.15,75.225,14.275,6.35,1.45,2.55,0.775,0.9,0.8,0.6,1.5,0.3802137445887445,0.0,0.20910714285714285,0.10736341874475783,0.0,0.05827026276363144,1.0,10.8,1.0
Kenny Williams,2.85,3.8,0.4,0.525,0.075,0.15,0.15,0.025,0.0,0.075,0.25,0.1125,0.025,0.05,0.004624949909052482,0.018639148841354723,0.0037433155080213907,0.1,10.8,0.0
Luke Maye,4.375,20.25,3.15,0.975,0.625,0.75,0.175,0.25,0.075,0.075,0.65,0.20249999999999999,0.05,0.05208333333333333,0.017121049403442248,0.009434974747474748,0.01363519910888332,-0.2,10.8,0.0
Marcus Paige,22.125,80.9,12.65,8.425,0.3,1.425,2.6,0.85,0.35,0.825,1.05,0.3459325396825398,0.2201686507936508,0.48270833333333324,0.06293287489515832,0.2585152741219759,0.09691670051007324,0.65,10.8,1.0
Nate Britt,12.975,90.6,16.225,4.8,0.25,0.85,1.6,0.75,0.0,0.55,0.95,0.3277380952380952,0.21958333333333332,0.4066666666666666,0.05313525591242054,0.10487427028427668,0.06083948317225699,-0.4,10.8,0.0
Theo Pinson,16.15,84.95,13.425,3.975,0.9,1.9,2.575,1.1,0.25,0.475,1.375,0.32458333333333333,0.1380952380952381,0.3441666666666666,0.036546100399640125,0.08363232001019724,0.07065778119672574,-0.75,10.8,1.0
