,MP,ORtg,%Ps,Pts,OR,DR,A,TO,Blk,Stl,PF,2Pt %,3Pt %,FT %,2Pt %Att,3Pt %Att,FT %Att,Pnts-Prev,Marg,Maj Cont
Booker Hucks,9.794117647058824,62.64705882352941,9.0,4.647058823529412,0.6764705882352942,1.1176470588235294,0.14705882352941177,0.5588235294117647,0.35294117647058826,0.11764705882352941,1.2058823529411764,0.37254901960784315,0.25735294117647056,0.19117647058823528,0.031378108243424525,0.11190706244658162,0.021968554321495498,-0.17647058823529413,2.9705882352941178,0.0
Brandon Thompson,26.529411764705884,113.05882352941177,14.411764705882353,8.147058823529411,0.9705882352941176,1.9411764705882353,1.2941176470588236,0.8235294117647058,0.23529411764705882,1.1176470588235294,1.7058823529411764,0.5,0.2801515477986066,0.3058823529411765,0.05024886861260591,0.24861060041491653,0.052100395837287886,1.0588235294117647,2.9705882352941178,0.0
C.J. Garner,32.5,108.47058823529412,20.705882352941178,14.647058823529411,1.2058823529411764,2.5588235294117645,2.3529411764705883,1.9705882352941178,0.3235294117647059,1.411764705882353,1.5294117647058822,0.45191649949435414,0.30392156862745096,0.6024573465749936,0.2253729697020008,0.08649531057380265,0.18847339696788043,-0.47058823529411764,2.9705882352941178,1.0
D.J. Griggs,4.617647058823529,15.176470588235293,1.588235294117647,0.7647058823529411,0.058823529411764705,0.38235294117647056,0.23529411764705882,0.14705882352941177,0.0,0.14705882352941177,0.6176470588235294,0.029411764705882353,0.08333333333333333,0.10784313725490195,0.01414245977561187,0.027962138337525335,0.017721521665090677,0.0,2.9705882352941178,0.0
E.J. Reed,19.323529411764707,91.23529411764706,18.235294117647058,7.470588235294118,1.411764705882353,2.4705882352941178,0.14705882352941177,1.3235294117647058,0.9411764705882353,0.3235294117647059,3.5,0.4485824632883456,0.25,0.4381016042780749,0.10883761728541809,0.05649106907985073,0.14305966601791398,-0.11764705882352941,2.9705882352941178,1.0
Gerrell Martin,9.5,60.588235294117645,7.176470588235294,3.411764705882353,0.4411764705882353,0.9705882352941176,0.35294117647058826,0.47058823529411764,0.0,0.29411764705882354,1.1470588235294117,0.32107843137254904,0.29411764705882354,0.1372549019607843,0.03003251648981156,0.07699494905695962,0.017773485553371705,-0.35294117647058826,2.9705882352941178,0.0
Jamal Olasewere,28.058823529411764,102.41176470588235,29.61764705882353,17.205882352941178,1.8823529411764706,5.882352941176471,1.2352941176470589,3.088235294117647,0.5882352941176471,1.3529411764705883,3.0588235294117645,0.5120559995559997,0.2279411764705882,0.6176429306847264,0.24745401348711007,0.09368104714444177,0.3045867980295969,-2.2941176470588234,2.9705882352941178,1.0
Jason Brickman,36.029411764705884,111.70588235294117,18.352941176470587,9.294117647058824,0.4411764705882353,2.088235294117647,8.235294117647058,3.8529411764705883,0.029411764705882353,1.0,0.8823529411764706,0.3928921568627451,0.43102240896358546,0.5112394957983194,0.07495247114757675,0.1809836045936028,0.09450556148640879,-5.647058823529412,2.9705882352941178,1.0
Julian Boyd,6.735294117647059,27.294117647058822,6.823529411764706,4.352941176470588,0.35294117647058826,1.088235294117647,0.2647058823529412,0.3235294117647059,0.29411764705882354,0.23529411764705882,0.5882352941176471,0.14187104706135847,0.029411764705882353,0.13658694246929542,0.07174753972395678,0.017499507261390348,0.04359886273670094,0.4117647058823529,2.9705882352941178,0.0
Kenny Onyechi,10.294117647058824,74.61764705882354,10.411764705882353,3.5,1.1764705882352942,0.9705882352941176,0.20588235294117646,0.35294117647058826,0.4411764705882353,0.20588235294117646,1.6176470588235294,0.3987745098039216,0.0,0.2450980392156863,0.06610624348648485,0.0,0.038590746616984924,0.5882352941176471,2.9705882352941178,0.0
Khalil Murphy,5.411764705882353,16.470588235294116,3.6470588235294117,1.0,0.47058823529411764,0.7352941176470589,0.058823529411764705,0.3235294117647059,0.058823529411764705,0.17647058823529413,0.8235294117647058,0.22156862745098038,0.0,0.033823529411764704,0.02434472401225938,0.013561348781937016,0.024983747835887877,-0.17647058823529413,2.9705882352941178,0.0
Troy Joseph,9.764705882352942,57.1764705882353,7.117647058823529,2.676470588235294,0.7058823529411765,0.9705882352941176,0.29411764705882354,0.38235294117647056,0.14705882352941177,0.23529411764705882,0.5294117647058824,0.2156862745098039,0.23529411764705882,0.10784313725490195,0.025970703327857052,0.05640159760310916,0.02322549822549823,0.0,2.9705882352941178,0.0
