,MP,ORtg,%Ps,Pts,OR,DR,A,TO,Blk,Stl,PF,2Pt %,3Pt %,FT %,2Pt %Att,3Pt %Att,FT %Att,Pnts-Prev,Marg,Maj Cont
Cameron Oliver,30.714285714285715,101.17142857142858,23.685714285714287,15.371428571428572,1.6,6.885714285714286,1.8,2.342857142857143,2.4857142857142858,0.8285714285714286,2.857142857142857,0.5246846011131726,0.36331065759637193,0.5701700680272109,0.20459620761344674,0.194704315569025,0.15246871551661245,1.9428571428571428,8.771428571428572,1.0
Charlie Tooley,1.1714285714285715,8.571428571428571,0.08571428571428572,0.2571428571428571,0.08571428571428572,0.05714285714285714,0.0,0.02857142857142857,0.0,0.05714285714285714,0.22857142857142856,0.0,0.05714285714285714,0.0,0.0,0.004634353741496598,0.0,0.05714285714285714,8.771428571428572,0.0
Devearl Ramsey,6.085714285714285,28.142857142857142,2.4857142857142858,0.5714285714285714,0.11428571428571428,0.6857142857142857,0.7428571428571429,0.11428571428571428,0.0,0.05714285714285714,0.7142857142857143,0.04,0.02857142857142857,0.07619047619047618,0.010777359504171025,0.015442749563593552,0.011321399904991236,-0.11428571428571428,8.771428571428572,0.0
DJ Fenner,29.485714285714284,106.48571428571428,20.142857142857142,13.685714285714285,0.9142857142857143,2.6285714285714286,1.6285714285714286,1.8,0.34285714285714286,0.5714285714285714,2.857142857142857,0.4032096474953618,0.3987074829931973,0.7200226757369614,0.1573869340773794,0.17516347234620125,0.14880167003988684,-1.7714285714285714,8.771428571428572,1.0
Elijah Foster,6.428571428571429,24.6,3.1142857142857143,2.4,0.4857142857142857,1.0,0.2,0.2857142857142857,0.02857142857142857,0.08571428571428572,0.6285714285714286,0.12465986394557824,0.0,0.1219047619047619,0.04326880438012322,0.0,0.025620299094150405,-0.34285714285714286,8.771428571428572,0.0
John Carlson,0.8571428571428571,0.0,0.0,0.02857142857142857,0.08571428571428572,0.11428571428571428,0.0,0.02857142857142857,0.02857142857142857,0.0,0.08571428571428572,0.0,0.0,0.007142857142857143,0.0007722007722007723,0.0,0.008511904761904762,0.0,8.771428571428572,0.0
Jordan Caroline,34.05714285714286,103.02857142857142,21.885714285714286,14.4,3.3714285714285714,5.571428571428571,1.8285714285714285,1.7714285714285714,0.3142857142857143,1.0857142857142856,2.3142857142857145,0.4776942898371469,0.254047619047619,0.5615816326530612,0.22332984407040568,0.09152329015432896,0.2881208553800206,-0.7428571428571429,8.771428571428572,1.0
Josh Hall,11.628571428571428,56.42857142857143,7.571428571428571,2.914285714285714,0.6,1.4857142857142858,0.8571428571428571,0.4857142857142857,0.0,0.37142857142857144,0.8,0.2427210884353741,0.14047619047619048,0.16428571428571428,0.05180735543911678,0.03035908359285438,0.03265062940266948,-0.22857142857142856,8.771428571428572,0.0
Leland King,8.685714285714285,49.05714285714286,8.114285714285714,3.142857142857143,0.7714285714285715,1.4285714285714286,0.4,0.4857142857142857,0.11428571428571428,0.17142857142857143,1.1142857142857143,0.26476190476190475,0.07619047619047618,0.2309523809523809,0.05824881872826721,0.030962973564055515,0.031727930185551166,-0.4,8.771428571428572,0.0
Lindsey Drew,31.085714285714285,106.6,12.428571428571429,5.685714285714286,1.1428571428571428,3.742857142857143,4.628571428571429,1.8,0.8571428571428571,1.1714285714285715,2.5714285714285716,0.400952380952381,0.28666666666666674,0.23857142857142857,0.07600564292228695,0.06766509768643608,0.06306384544661928,0.45714285714285713,8.771428571428572,1.0
Marcus Marshall,34.285714285714285,117.0,23.485714285714284,19.228571428571428,0.2857142857142857,2.085714285714286,3.5142857142857142,1.5714285714285714,0.05714285714285714,0.7428571428571429,2.0,0.4624943310657596,0.3715143586572158,0.7119990723562151,0.14523540392117368,0.36097323521058006,0.20914132169616528,-1.542857142857143,8.771428571428572,1.0
