,MP,ORtg,%Ps,Pts,OR,DR,A,TO,Blk,Stl,PF,2Pt %,3Pt %,FT %,2Pt %Att,3Pt %Att,FT %Att,Pnts-Prev,Marg,Maj Cont
Akil Mitchell,23.72972972972973,97.8108108108108,16.62162162162162,6.45945945945946,1.864864864864865,4.675675675675675,1.135135135135135,1.2162162162162162,0.4594594594594595,0.7297297297297297,1.6756756756756757,0.5285967785967784,0.0,0.2969755469755469,0.13047452130578416,0.0022522522522522522,0.11829234340002946,-0.05405405405405406,9.783783783783784,1.0
Anthony Gill,17.972972972972972,93.56756756756756,20.18918918918919,7.702702702702703,1.2972972972972974,2.324324324324324,0.40540540540540543,1.0,0.40540540540540543,0.2702702702702703,1.9189189189189189,0.4853067353067353,0.0,0.5262586115527292,0.1300864946325833,0.0,0.19700446908684896,-0.6486486486486487,9.783783783783784,1.0
Darion Atkins,10.162162162162161,42.513513513513516,9.243243243243244,2.891891891891892,0.8378378378378378,1.2702702702702702,0.2972972972972973,0.6216216216216216,0.5135135135135135,0.16216216216216217,1.2432432432432432,0.38108108108108113,0.0,0.2225225225225225,0.07203552270207392,0.0,0.04614954378549749,0.10810810810810811,9.783783783783784,0.0
Evan Nolte,7.054054054054054,39.729729729729726,6.675675675675675,1.945945945945946,0.13513513513513514,0.40540540540540543,0.21621621621621623,0.24324324324324326,0.08108108108108109,0.1891891891891892,0.6216216216216216,0.12162162162162163,0.21621621621621623,0.14189189189189189,0.007693281024691704,0.08467726359030707,0.02339428810017045,0.05405405405405406,9.783783783783784,1.0
Joe Harris,26.2972972972973,99.94594594594595,19.81081081081081,10.783783783783784,0.5945945945945946,2.054054054054054,2.081081081081081,1.2162162162162162,0.21621621621621623,0.8918918918918919,2.1621621621621623,0.42442084942084946,0.3577970827970828,0.4591055341055342,0.11186812387955439,0.30401307541333106,0.1234751732255689,-0.21621621621621623,9.783783783783784,1.0
Justin Anderson,20.08108108108108,88.97297297297297,20.64864864864865,7.486486486486487,0.6486486486486487,2.3513513513513513,1.3243243243243243,1.2972972972972974,0.6756756756756757,0.32432432432432434,1.4594594594594594,0.4261261261261261,0.22702702702702704,0.5148005148005147,0.0955480098063788,0.1685821423800963,0.1158388333850525,-0.5945945945945946,9.783783783783784,1.0
London Perrantes,27.027027027027028,108.89189189189189,11.378378378378379,4.756756756756757,0.21621621621621623,1.8918918918918919,3.4594594594594597,1.027027027027027,0.08108108108108109,0.8648648648648649,1.5945945945945945,0.23873873873873871,0.30675675675675673,0.40090090090090086,0.04898296821244218,0.13590708633547507,0.05862776430518875,-0.16216216216216217,9.783783783783784,1.0
Malcolm Brogdon,28.64864864864865,104.54054054054055,20.594594594594593,11.594594594594595,0.8648648648648649,4.243243243243243,2.4054054054054053,1.3513513513513513,0.13513513513513514,1.054054054054054,1.7837837837837838,0.3813911313911314,0.34198841698841703,0.5936186186186188,0.1669985817296275,0.19845496505982438,0.14596357366013554,-0.32432432432432434,9.783783783783784,1.0
Mike Tobey,16.72972972972973,87.35135135135135,19.216216216216218,5.945945945945946,1.864864864864865,1.6486486486486487,0.2972972972972973,0.918918918918919,1.0,0.24324324324324326,1.8108108108108107,0.4215241215241215,0.0,0.28075933075933074,0.1386887901337919,0.0024620894186111577,0.06605450678683025,0.6486486486486487,9.783783783783784,1.0
Rob Vozenilek,0.8108108108108109,0.0,0.0,0.1891891891891892,0.02702702702702703,0.13513513513513514,0.10810810810810811,0.08108108108108109,0.02702702702702703,0.0,0.05405405405405406,0.05405405405405406,0.02702702702702703,0.0,0.0031498194959360577,0.004054054054054054,0.0012285012285012285,-0.10810810810810811,9.783783783783784,0.0
Teven Jones,3.2972972972972974,6.756756756756757,1.1081081081081081,0.3783783783783784,0.05405405405405406,0.08108108108108109,0.21621621621621623,0.02702702702702703,0.0,0.10810810810810811,0.2702702702702703,0.07657657657657657,0.0,0.06756756756756757,0.012733610214908079,0.010546607989063234,0.017975917041090337,0.16216216216216217,9.783783783783784,0.0
Thomas Rogers,0.8108108108108109,0.0,0.0,0.2702702702702703,0.0,0.16216216216216217,0.02702702702702703,0.10810810810810811,0.0,0.0,0.02702702702702703,0.0,0.08108108108108109,0.013513513513513514,0.0006591957811470007,0.007969382425904165,0.004914004914004915,-0.21621621621621623,9.783783783783784,0.0
