,MP,ORtg,%Ps,Pts,OR,DR,A,TO,Blk,Stl,PF,2Pt %,3Pt %,FT %,2Pt %Att,3Pt %Att,FT %Att,Pnts-Prev,Marg,Maj Cont
Andre Berry,1.9428571428571428,7.371428571428571,0.8571428571428571,0.6285714285714286,0.2,0.08571428571428572,0.02857142857142857,0.14285714285714285,0.05714285714285714,0.02857142857142857,0.3142857142857143,0.13809523809523808,0.0,0.04285714285714286,0.014986005759822969,0.0,0.004793233082706767,-0.11428571428571428,8.0,0.0
Christion Thompson,7.628571428571429,48.05714285714286,6.6,1.8285714285714285,0.37142857142857144,0.8285714285714286,0.34285714285714286,0.22857142857142856,0.22857142857142856,0.45714285714285713,1.4285714285714286,0.2357142857142857,0.14047619047619048,0.1476190476190476,0.013828249362800749,0.06486924223744217,0.022279725287244083,0.9142857142857143,8.0,0.0
Cyril Langevine,12.314285714285715,56.42857142857143,10.142857142857142,2.914285714285714,1.7714285714285714,2.2857142857142856,0.2571428571428571,0.6285714285714286,0.7428571428571429,0.37142857142857144,2.3714285714285714,0.32095238095238093,0.0,0.1764935064935065,0.0647269937000754,0.0,0.06336385008090129,0.9714285714285714,8.0,1.0
EC Matthews,27.457142857142856,98.85714285714286,23.428571428571427,14.028571428571428,0.6571428571428571,3.342857142857143,1.3714285714285714,1.7714285714285714,0.3142857142857143,0.45714285714285713,1.5714285714285714,0.4514326942898372,0.31790558647701506,0.5784353741496601,0.1437732896485488,0.2746560464371595,0.1763602512400876,-2.0,8.0,1.0
Hassan Martin,21.257142857142856,92.14285714285714,20.34285714285714,11.314285714285715,1.7714285714285714,3.857142857142857,0.5714285714285714,1.1714285714285715,2.057142857142857,0.5142857142857142,2.257142857142857,0.48258812615955476,0.02857142857142857,0.44321123321123324,0.19074094575571965,0.0054285714285714284,0.15042072619645142,2.8,8.0,1.0
Jared Terrell,28.771428571428572,100.74285714285715,20.114285714285714,11.82857142857143,0.8857142857142857,1.7428571428571429,1.8,1.4,0.17142857142857143,0.8571428571428571,2.4571428571428573,0.3916141001855288,0.3033333333333333,0.594440083725798,0.14261727390414133,0.1975252498662922,0.1823705991967283,-0.7428571428571429,8.0,1.0
Jarvis Garrett,16.428571428571427,75.71428571428571,12.742857142857142,4.6571428571428575,0.22857142857142856,1.0857142857142856,2.2285714285714286,1.0571428571428572,0.05714285714285714,0.6285714285714286,1.2571428571428571,0.2529251700680272,0.20142857142857143,0.28190476190476194,0.05481918394034335,0.09696544178437717,0.06675228818349592,-0.7428571428571429,8.0,0.0
Jeff Dowtin,18.942857142857143,82.17142857142858,10.4,4.228571428571429,0.4,0.7714285714285715,1.9714285714285715,0.6857142857142857,0.2,0.45714285714285713,1.4857142857142858,0.2812471655328798,0.2452380952380952,0.2,0.06337892028759202,0.07911852348792899,0.0404549111761436,-0.05714285714285714,8.0,1.0
Kuran Iverson,24.057142857142857,93.57142857142857,20.82857142857143,8.82857142857143,2.1142857142857143,4.857142857142857,1.6,1.7428571428571429,1.2,0.6285714285714286,2.8,0.506700680272109,0.1857142857142857,0.47732426303854886,0.13328056970088964,0.10992123575697783,0.12066322142591007,0.17142857142857143,8.0,1.0
Nicola Akele,12.342857142857143,80.11428571428571,6.371428571428571,2.942857142857143,0.7714285714285715,1.6,0.8571428571428571,0.37142857142857144,0.4,0.45714285714285713,1.6285714285714286,0.38,0.2476190476190476,0.25,0.03629154744765716,0.040268770030322865,0.028776053275481196,0.9714285714285714,8.0,0.0
Stanford Robinson,17.02857142857143,92.14285714285714,17.085714285714285,5.771428571428571,0.7142857142857143,1.7142857142857142,1.6,0.8,0.2857142857142857,1.0857142857142856,2.0285714285714285,0.36619047619047623,0.21904761904761902,0.36043908472479896,0.08441416334955186,0.07410406182807061,0.08662228371199256,1.1428571428571428,8.0,1.0
