,MP,ORtg,%Ps,Pts,OR,DR,A,TO,Blk,Stl,PF,2Pt %,3Pt %,FT %,2Pt %Att,3Pt %Att,FT %Att,Pnts-Prev,Marg
Carsen Edwards,29.529411764705884,118.17647058823529,28.470588235294116,18.470588235294116,0.38235294117647056,3.5588235294117645,3.0,1.7647058823529411,0.23529411764705882,1.1764705882352942,1.6764705882352942,0.5106506238859181,0.3845121381886088,0.6546770223240812,0.20988558305477295,0.285937608056332,0.20102671729826407,-0.7058823529411765,15.5
Dakota Mathias,31.294117647058822,128.11764705882354,18.352941176470587,12.441176470588236,0.14705882352941177,3.911764705882353,4.088235294117647,1.4411764705882353,0.2647058823529412,1.2647058823529411,1.7058823529411764,0.436624649859944,0.45557889822595704,0.5049019607843137,0.08986427682616525,0.25283095956312207,0.0695834726028116,0.17647058823529413,15.5
Grady Eifert,7.970588235294118,39.588235294117645,2.8529411764705883,1.5294117647058822,0.47058823529411764,1.1176470588235294,0.5588235294117647,0.23529411764705882,0.029411764705882353,0.11764705882352941,0.6176470588235294,0.22941176470588234,0.058823529411764705,0.12352941176470589,0.02148062085821657,0.006414159866845287,0.02629628886781034,-0.17647058823529413,15.5
Isaac Haas,23.61764705882353,119.61764705882354,27.441176470588236,14.852941176470589,1.6470588235294117,3.9705882352941178,0.7647058823529411,1.588235294117647,1.3529411764705883,0.14705882352941177,2.3823529411764706,0.6262694389424494,0.0,0.7889705882352942,0.2539431294116537,0.0,0.29328197641352227,-0.17647058823529413,15.5
Jacquil Taylor,2.588235294117647,6.5,0.9411764705882353,0.7941176470588235,0.14705882352941177,0.5,0.08823529411764706,0.20588235294117646,0.17647058823529413,0.11764705882352941,0.29411764705882354,0.17892156862745098,0.04411764705882353,0.04411764705882353,0.016996454715216238,0.005669036845507435,0.008173631443527637,0.17647058823529413,15.5
Matt Haarms,16.5,104.05882352941177,14.264705882352942,4.823529411764706,0.8823529411764706,2.2058823529411766,0.5588235294117647,0.7941176470588235,2.1470588235294117,0.3235294117647059,2.4705882352941178,0.563795518207283,0.029411764705882353,0.22745098039215686,0.08878682290271997,0.008604975587072775,0.07558060328794851,3.3529411764705883,15.5
Nojel Eastern,12.764705882352942,61.6764705882353,12.264705882352942,2.9705882352941178,1.0294117647058822,1.5294117647058822,1.1176470588235294,1.088235294117647,0.14705882352941177,0.5882352941176471,1.5588235294117647,0.39215686274509803,0.053921568627450976,0.22549019607843135,0.06313068332751183,0.010062410356528006,0.06950901247242364,-0.7058823529411765,15.5
PJ Thompson,27.676470588235293,117.38235294117646,11.676470588235293,7.088235294117647,0.38235294117647056,1.3529411764705883,1.7058823529411764,0.8823529411764706,0.058823529411764705,1.1764705882352942,1.8529411764705883,0.25931372549019605,0.42808123249299723,0.3587885154061624,0.03070146742257925,0.1541889811514415,0.07550557255723336,0.7058823529411765,15.5
Ryan Cline,17.323529411764707,120.76470588235294,11.588235294117647,3.9705882352941178,0.08823529411764706,1.7058823529411764,1.7647058823529411,0.5294117647058824,0.058823529411764705,0.38235294117647056,0.9705882352941176,0.21078431372549017,0.3167366946778712,0.014705882352941176,0.021354395093517643,0.12220027349634692,0.0021786492374727667,-0.17647058823529413,15.5
Tommy Luce,0.9705882352941176,0.0,0.0,0.2647058823529412,0.058823529411764705,0.029411764705882353,0.23529411764705882,0.20588235294117646,0.0,0.058823529411764705,0.17647058823529413,0.058823529411764705,0.0,0.04411764705882353,0.005710070802950059,0.001633986928104575,0.013075592227841363,-0.29411764705882354,15.5
Vincent Edwards,29.735294117647058,109.26470588235294,22.41176470588235,13.647058823529411,1.9411764705882353,4.970588235294118,2.823529411764706,1.7352941176470589,0.5588235294117647,0.47058823529411764,1.6470588235294117,0.48486864442746785,0.33844537815126047,0.7234593837535015,0.1981464955846966,0.1524576081486995,0.16578848359114443,-1.411764705882353,15.5
