,MP,ORtg,%Ps,Pts,OR,DR,A,TO,Blk,Stl,PF,2Pt %,3Pt %,FT %,2Pt %Att,3Pt %Att,FT %Att,Pnts-Prev,Marg,Maj Cont
Brian Carey,0.9714285714285714,2.5142857142857142,0.6285714285714286,0.2857142857142857,0.02857142857142857,0.02857142857142857,0.11428571428571428,0.11428571428571428,0.0,0.05714285714285714,0.02857142857142857,0.009523809523809523,0.008163265306122448,0.02857142857142857,0.002857142857142857,0.005714285714285714,0.0024844720496894407,-0.11428571428571428,2.5142857142857142,0.0
Demontrae Jefferson,24.685714285714287,70.74285714285715,19.771428571428572,11.057142857142857,0.37142857142857144,1.2571428571428571,2.4571428571428573,2.342857142857143,0.0,0.8285714285714286,1.3142857142857143,0.3151081458224316,0.2675056689342404,0.5392517006802722,0.14710697680345305,0.19570974938482516,0.1627339494137656,-3.0285714285714285,2.5142857142857142,1.0
Derrick Griffin,12.628571428571428,51.42857142857143,5.285714285714286,4.2,2.1714285714285713,1.8857142857142857,0.14285714285714285,0.34285714285714286,0.3142857142857143,0.22857142857142856,1.2,0.28379406307977734,0.009523809523809523,0.12411976911976913,0.06157758006811979,0.002448979591836735,0.07890911284422235,0.4,2.5142857142857142,0.0
Dulani Robinson,21.4,75.71428571428571,12.542857142857143,5.685714285714286,0.34285714285714286,1.7714285714285714,2.3142857142857145,1.2571428571428571,0.0,1.1428571428571428,1.4857142857142858,0.16697278911564625,0.2672902494331066,0.38,0.05722505379285993,0.15898966230406128,0.05283583414706005,-0.22857142857142856,2.5142857142857142,1.0
Jalan McCloud,21.057142857142857,93.37142857142857,15.028571428571428,8.485714285714286,0.5714285714285714,1.8285714285714285,1.1428571428571428,0.8,0.2571428571428571,0.9142857142857143,1.4,0.43387755102040815,0.1580952380952381,0.48718820861678014,0.10032961146079669,0.13184693397862662,0.10589725512359761,0.7428571428571429,2.5142857142857142,0.0
Jamie Rutherford,3.7714285714285714,11.085714285714285,1.2,0.7428571428571429,0.08571428571428572,0.45714285714285713,0.05714285714285714,0.02857142857142857,0.02857142857142857,0.08571428571428572,0.2571428571428571,0.0,0.061904761904761914,0.02857142857142857,0.0028163301122484793,0.048329489485738425,0.008649478600217517,0.17142857142857143,2.5142857142857142,0.0
Kevin Scott,26.857142857142858,92.48571428571428,19.4,9.428571428571429,1.6571428571428573,3.057142857142857,1.6285714285714286,1.8,0.14285714285714285,1.2857142857142858,2.1714285714285713,0.412437641723356,0.3166666666666667,0.4407142857142857,0.14928771498562562,0.1288095443338158,0.08541304250761976,-0.7428571428571429,2.5142857142857142,1.0
Lamont Walker,9.114285714285714,38.2,5.571428571428571,2.2857142857142856,0.6,1.6285714285714286,0.2,0.45714285714285713,0.05714285714285714,0.2571428571428571,1.1714285714285715,0.21666666666666667,0.03809523809523809,0.20544217687074828,0.0407572531176973,0.01994177767725448,0.03387501267668327,-0.2857142857142857,2.5142857142857142,1.0
Marvin Jones,23.542857142857144,122.57142857142857,14.6,8.285714285714286,1.9428571428571428,4.685714285714286,0.5142857142857142,0.8857142857142857,1.5142857142857142,0.5428571428571428,3.2,0.6252380952380954,0.0619047619047619,0.5771821036106749,0.1134486129775268,0.024310504987850524,0.12220174873359697,2.342857142857143,2.5142857142857142,1.0
Stephan Bennett,9.371428571428572,54.57142857142857,7.685714285714286,2.6857142857142855,1.0285714285714285,1.457142857142857,0.2571428571428571,0.37142857142857144,0.42857142857142855,0.2,1.2571428571428571,0.298095238095238,0.0,0.21666666666666665,0.043963619414502254,0.001142857142857143,0.05059676573908257,0.5142857142857142,2.5142857142857142,0.0
Ty Bynum,9.342857142857143,44.02857142857143,6.2,2.2,0.14285714285714285,0.2571428571428571,0.3142857142857143,0.2571428571428571,0.0,0.14285714285714285,0.42857142857142855,0.1238095238095238,0.21476190476190474,0.1333333333333333,0.0207645134185172,0.07649852158377464,0.017169451514737342,-0.22857142857142856,2.5142857142857142,0.0
Zach Lofton,31.65714285714286,101.05714285714286,26.17142857142857,16.514285714285716,0.8285714285714286,2.914285714285714,2.4,2.2857142857142856,0.2857142857142857,1.3142857142857143,2.8,0.46486790986790993,0.21761904761904757,0.6963079777365493,0.2312941624200815,0.17768626524364492,0.2506624480782989,-1.3714285714285714,2.5142857142857142,1.0
