,MP,ORtg,%Ps,Pts,OR,DR,A,TO,Blk,Stl,PF,2Pt %,3Pt %,FT %,2Pt %Att,3Pt %Att,FT %Att,Pnts-Prev,Marg,Maj Cont
Cameron Ridley,8.727272727272727,34.45454545454545,8.818181818181818,4.303030303030303,1.3333333333333333,2.0,0.18181818181818182,0.8181818181818182,1.0909090909090908,0.21212121212121213,1.121212121212121,0.22091728335043845,0.0,0.13142682233591324,0.08410214507786479,0.0,0.0650993936463044,0.9696969696969697,3.1818181818181817,0.0
Connor Lammert,27.363636363636363,112.51515151515152,12.636363636363637,6.878787878787879,1.3636363636363635,3.757575757575758,0.8787878787878788,0.696969696969697,0.42424242424242425,0.5757575757575758,2.5757575757575757,0.4146464646464646,0.3509018759018758,0.36363636363636365,0.041945784114225636,0.21598510887346564,0.05255990179253128,0.6060606060606061,3.1818181818181817,1.0
Demarcus Holland,13.303030303030303,58.24242424242424,8.787878787878787,2.757575757575758,0.696969696969697,0.8181818181818182,0.36363636363636365,0.6060606060606061,0.09090909090909091,0.42424242424242425,1.2424242424242424,0.35714285714285715,0.12121212121212122,0.22424242424242424,0.04470479168067864,0.039803128814855274,0.05759244278122996,-0.18181818181818182,3.1818181818181817,1.0
Eric Davis,19.666666666666668,87.24242424242425,17.242424242424242,7.03030303030303,0.3333333333333333,2.0,0.6363636363636364,0.7878787878787878,0.0,0.3939393939393939,1.1818181818181819,0.32053872053872046,0.3046897546897546,0.4095959595959595,0.08121429611607378,0.15768446802381145,0.06612950517603455,-0.7878787878787878,3.1818181818181817,1.0
Isaiah Taylor,29.727272727272727,105.78787878787878,27.181818181818183,14.424242424242424,0.42424242424242425,2.242424242424242,4.787878787878788,1.7575757575757576,0.21212121212121213,0.8787878787878788,2.5757575757575757,0.4293431316158589,0.21161616161616162,0.7249646323175737,0.2604576188660124,0.08576464022796833,0.24940053138461712,-1.3333333333333333,3.1818181818181817,1.0
Javan Felix,25.90909090909091,107.72727272727273,19.606060606060606,10.303030303030303,0.45454545454545453,1.1818181818181819,2.1515151515151514,1.0606060606060606,0.0,0.7878787878787878,1.878787878787879,0.42324434824434826,0.29662534435261706,0.5441919191919192,0.12931565050788563,0.18056942115853772,0.09112195188975578,-0.5454545454545454,3.1818181818181817,1.0
Kendal Yancy,9.636363636363637,45.54545454545455,5.7272727272727275,2.696969696969697,0.48484848484848486,1.121212121212121,0.3939393939393939,0.2727272727272727,0.0,0.2727272727272727,0.8484848484848485,0.27777777777777773,0.15404040404040403,0.08333333333333333,0.03975098872180612,0.03953849586279404,0.020962767774361978,0.0,3.1818181818181817,0.0
Kerwin Roach,17.666666666666668,87.9090909090909,21.303030303030305,7.333333333333333,0.5151515151515151,2.303030303030303,1.2121212121212122,1.5454545454545454,0.24242424242424243,0.8787878787878788,2.4545454545454546,0.41980519480519474,0.2777777777777778,0.44974747474747473,0.09122166438562093,0.08682911674980286,0.15992196381507104,-0.8484848484848485,3.1818181818181817,1.0
Prince Ibeh,16.939393939393938,63.96969696969697,11.636363636363637,3.9696969696969697,2.1515151515151514,2.6363636363636362,0.06060606060606061,1.1515151515151516,1.8484848484848484,0.2727272727272727,3.0606060606060606,0.5000065590974682,0.0,0.2247474747474747,0.07204155161080933,0.0,0.09245838771972534,1.9393939393939394,3.1818181818181817,1.0
Shaquille Cleare,12.090909090909092,67.66666666666667,11.272727272727273,3.6363636363636362,1.0303030303030303,1.8484848484848484,0.12121212121212122,0.6363636363636364,0.030303030303030304,0.09090909090909091,1.7878787878787878,0.46313131313131317,0.0,0.25252525252525254,0.07419573769524873,0.0,0.050397722239307434,-1.0303030303030303,3.1818181818181817,0.0
Tevin Mack,13.212121212121213,58.45454545454545,15.393939393939394,5.03030303030303,0.5757575757575758,1.393939393939394,0.3333333333333333,0.5757575757575758,0.2727272727272727,0.24242424242424243,1.2424242424242424,0.17297979797979798,0.22870370370370371,0.2803030303030303,0.05074674092074376,0.16352258998573438,0.06405240147803076,-0.12121212121212122,3.1818181818181817,0.0
