,MP,ORtg,%Ps,Pts,OR,DR,A,TO,Blk,Stl,PF,2Pt %,3Pt %,FT %,2Pt %Att,3Pt %Att,FT %Att,Pnts-Prev,Marg,Maj Cont
Al Freeman,16.852941176470587,87.17647058823529,13.647058823529411,4.794117647058823,0.47058823529411764,1.411764705882353,0.9117647058823529,1.1176470588235294,0.0,0.29411764705882354,0.8529411764705882,0.3862745098039216,0.2995098039215687,0.32107843137254893,0.052791712289378574,0.10434783004644359,0.05775470905905688,-1.6470588235294117,8.882352941176471,0.0
Austin Mills,2.8529411764705883,12.558823529411764,0.8235294117647058,0.6176470588235294,0.0,0.11764705882352941,0.4117647058823529,0.14705882352941177,0.0,0.08823529411764706,0.29411764705882354,0.07352941176470588,0.058823529411764705,0.07352941176470588,0.004365873783811123,0.011817066232700906,0.011984392419175026,-0.11764705882352941,8.882352941176471,0.0
Deng Deng,5.970588235294118,29.676470588235293,6.264705882352941,1.9411764705882353,0.4117647058823529,0.9705882352941176,0.14705882352941177,0.6176470588235294,0.17647058823529413,0.2647058823529412,0.6470588235294118,0.22432306255835666,0.0,0.09558823529411764,0.041427199102273354,0.003925831202046036,0.020847877612583495,-0.35294117647058826,8.882352941176471,0.0
Ishmail Wainright,8.676470588235293,46.794117647058826,5.470588235294118,1.2352941176470589,0.5882352941176471,1.0,0.7058823529411765,0.47058823529411764,0.029411764705882353,0.17647058823529413,0.9705882352941176,0.18627450980392157,0.03676470588235294,0.13480392156862747,0.01465389550175524,0.015350409394527042,0.03056558192822673,-0.5294117647058824,8.882352941176471,0.0
Johnathan Motley,20.91176470588235,84.1470588235294,22.205882352941178,7.5588235294117645,2.1470588235294117,1.9411764705882353,0.6470588235294118,1.5294117647058822,1.3529411764705883,0.4117647058823529,2.764705882352941,0.3769338912721266,0.04411764705882353,0.3957983193277311,0.17181772848876975,0.024885522973758272,0.13333967068794017,0.47058823529411764,8.882352941176471,1.0
Kenny Chery,26.647058823529413,86.8529411764706,17.823529411764707,9.352941176470589,0.38235294117647056,2.235294117647059,3.323529411764706,2.1176470588235294,0.0,1.1470588235294117,1.3529411764705883,0.31416900093370687,0.29054621848739487,0.4696969696969697,0.1102810637055821,0.2162408081441599,0.11074213800315011,-1.9411764705882353,8.882352941176471,1.0
Lester Medford,28.529411764705884,101.94117647058823,15.911764705882353,7.470588235294118,0.3235294117647059,1.088235294117647,3.0588235294117645,1.6470588235294117,0.08823529411764706,1.5,2.3823529411764706,0.38935574229691877,0.36981792717086837,0.37401960784313726,0.08173548926524772,0.18719266044898702,0.08717421642763903,-0.11764705882352941,8.882352941176471,0.0
Rico Gathers,28.88235294117647,107.20588235294117,21.205882352941178,11.323529411764707,4.705882352941177,6.588235294117647,0.47058823529411764,1.0294117647058822,1.0,1.1764705882352942,2.588235294117647,0.43555756527209816,0.0,0.5296059332824039,0.2219295900802823,0.0,0.2657677321330394,2.2941176470588234,8.882352941176471,1.0
Royce O'Neale,30.08823529411765,113.94117647058823,16.352941176470587,9.529411764705882,1.911764705882353,3.5294117647058822,3.264705882352941,1.4705882352941178,0.3235294117647059,1.1176470588235294,2.2058823529411766,0.46497432306255837,0.34264705882352936,0.5246498599439776,0.09824766035516203,0.17020809835084974,0.10559870982271671,-0.058823529411764705,8.882352941176471,1.0
Taurean Prince,24.676470588235293,103.1470588235294,24.91176470588235,12.970588235294118,1.6764705882352942,3.2941176470588234,1.2352941176470589,1.8235294117647058,0.8529411764705882,1.4411764705882353,1.9705882352941178,0.48683473389355747,0.4005602240896358,0.4529411764705882,0.1628152504543781,0.23662000850064516,0.14209978336951923,0.9411764705882353,8.882352941176471,1.0
Terry Maston,1.0588235294117647,0.0,0.0,0.5588235294117647,0.14705882352941177,0.14705882352941177,0.029411764705882353,0.08823529411764706,0.029411764705882353,0.058823529411764705,0.14705882352941177,0.12009803921568629,0.0,0.04411764705882353,0.010522772267477342,0.0,0.00471342383107089,0.0,8.882352941176471,0.0
