,MP,ORtg,%Ps,Pts,OR,DR,A,TO,Blk,Stl,PF,2Pt %,3Pt %,FT %,2Pt %Att,3Pt %Att,FT %Att,Pnts-Prev,Marg
Elias Harden,3.0,9.515151515151516,1.0303030303030303,0.3333333333333333,0.0,0.09090909090909091,0.21212121212121213,0.18181818181818182,0.0,0.06060606060606061,0.21212121212121213,0.05555555555555555,0.015151515151515152,0.030303030303030304,0.005649377397443161,0.012650620691417654,0.0021645021645021645,-0.24242424242424243,9.787878787878787
JP Macura,28.757575757575758,109.66666666666667,19.87878787878788,11.848484848484848,1.2727272727272727,3.0,2.909090909090909,1.878787878787879,0.36363636363636365,1.3333333333333333,2.0606060606060606,0.5026936026936026,0.2863636363636363,0.6006493506493505,0.13204375435758314,0.17189352657602305,0.13739969373600713,-0.36363636363636365,9.787878787878787
Kaiser Gates,23.21212121212121,107.24242424242425,11.757575757575758,7.181818181818182,0.9090909090909091,3.5757575757575757,0.8787878787878788,0.5757575757575758,0.24242424242424243,0.45454545454545453,2.303030303030303,0.3535353535353536,0.335954785954786,0.4646464646464646,0.027693549465135022,0.20065800754201799,0.058471617679277235,0.24242424242424243,9.787878787878787
Kerem Kanter,16.09090909090909,106.36363636363636,21.78787878787879,10.393939393939394,1.2727272727272727,3.1818181818181817,0.48484848484848486,0.8484848484848485,0.2727272727272727,0.2727272727272727,1.2727272727272727,0.5172799422799423,0.21666666666666667,0.4422799422799422,0.1411846002333728,0.0664515565286081,0.1314753182059439,-0.6060606060606061,9.787878787878787
Naji Marshall,22.303030303030305,108.45454545454545,19.03030303030303,8.121212121212121,1.2121212121212122,3.212121212121212,1.6666666666666667,1.5757575757575757,0.21212121212121213,0.6666666666666666,1.7272727272727273,0.5815295815295816,0.2676767676767676,0.525974025974026,0.10914711021970967,0.058062602696049674,0.10631335787903698,-1.393939393939394,9.787878787878787
Paul Scruggs,15.969696969696969,89.18181818181819,16.151515151515152,4.636363636363637,0.15151515151515152,1.7575757575757576,1.6363636363636365,1.393939393939394,0.24242424242424243,0.5454545454545454,1.878787878787879,0.4590909090909091,0.19444444444444445,0.36363636363636365,0.06669674279183892,0.0557311627957896,0.05111748156916027,-1.2121212121212122,9.787878787878787
Quentin Goodin,29.727272727272727,107.39393939393939,18.515151515151516,8.818181818181818,0.2727272727272727,2.696969696969697,4.909090909090909,2.242424242424242,0.18181818181818182,0.9090909090909091,1.9696969696969697,0.5211038961038962,0.17373737373737375,0.609018759018759,0.13124580065524274,0.08917095394180481,0.12058355927919877,-2.303030303030303,9.787878787878787
Sean O'Mara,14.969696969696969,114.48484848484848,18.606060606060606,7.121212121212121,1.2727272727272727,2.0,1.0,0.8787878787878788,0.6666666666666666,0.3333333333333333,1.393939393939394,0.632828282828283,0.0,0.429004329004329,0.12221573488431621,0.0,0.06905397707645163,0.24242424242424243,9.787878787878787
Trevon Bluiett,34.27272727272727,118.39393939393939,23.90909090909091,19.454545454545453,0.8181818181818182,4.848484848484849,2.515151515151515,1.9090909090909092,0.24242424242424243,0.7272727272727273,2.1818181818181817,0.4665988893261621,0.4118205868205868,0.7020169224714677,0.15877543197349786,0.3453815692282892,0.22165713125701533,-1.878787878787879,9.787878787878787
Tyrique Jones,13.575757575757576,94.12121212121212,16.87878787878788,6.363636363636363,1.2121212121212122,2.878787878787879,0.3939393939393939,0.7272727272727273,0.5151515151515151,0.5454545454545454,1.878787878787879,0.4803391053391053,0.0,0.4158008658008658,0.1053478980218604,0.0,0.10176336115340656,0.6666666666666666,9.787878787878787
