,MP,ORtg,%Ps,Pts,OR,DR,A,TO,Blk,Stl,PF,2Pt %,3Pt %,FT %,2Pt %Att,3Pt %Att,FT %Att,Pnts-Prev,Marg,Maj Cont
Camron Justice,7.696969696969697,33.515151515151516,4.242424242424242,2.6666666666666665,0.06060606060606061,0.7575757575757576,0.2727272727272727,0.42424242424242425,0.0,0.2727272727272727,0.8484848484848485,0.22727272727272727,0.19408369408369408,0.07575757575757576,0.018262282243546934,0.06777030214665464,0.009764309764309764,-0.30303030303030304,9.121212121212121,0.0
Carter Josephs,2.9696969696969697,9.606060606060606,0.5454545454545454,0.12121212121212122,0.030303030303030304,0.18181818181818182,0.48484848484848486,0.21212121212121213,0.0,0.06060606060606061,0.18181818181818182,0.030303030303030304,0.0,0.012121212121212121,0.0008912655971479501,0.0,0.004734848484848485,-0.30303030303030304,9.121212121212121,0.0
Damian Jones,25.454545454545453,104.96969696969697,26.454545454545453,13.727272727272727,2.1818181818181817,4.545454545454546,1.1515151515151516,1.9696969696969697,1.5757575757575757,0.24242424242424243,3.1515151515151514,0.5964854589854591,0.0,0.47128099173553717,0.26274513152931983,0.0037774571107904442,0.23458014854355988,-0.30303030303030304,9.121212121212121,1.0
Jeff Roberson,25.151515151515152,110.54545454545455,15.515151515151516,8.969696969696969,1.696969696969697,3.5454545454545454,1.121212121212121,1.0,0.18181818181818182,0.45454545454545453,2.9696969696969697,0.45966155057064145,0.35858585858585856,0.6201539201539201,0.09926305324643742,0.09995046361806169,0.12490390978977284,-0.7272727272727273,9.121212121212121,1.0
Joe Toye,7.0,46.78787878787879,8.484848484848484,2.9696969696969697,0.18181818181818182,0.8484848484848485,0.30303030303030304,0.36363636363636365,0.06060606060606061,0.18181818181818182,0.7575757575757576,0.29747474747474745,0.1590909090909091,0.22474747474747475,0.040604962812516854,0.02700840355354605,0.05312873075948476,-0.24242424242424243,9.121212121212121,1.0
Josh Henderson,9.727272727272727,55.96969696969697,10.606060606060606,3.3333333333333335,0.6060606060606061,1.4242424242424243,0.5151515151515151,0.6060606060606061,0.36363636363636365,0.18181818181818182,1.1515151515151516,0.4283549783549784,0.06060606060606061,0.27020202020202017,0.0631295192228137,0.0045098039215686276,0.06237197712481461,-0.12121212121212122,9.121212121212121,0.0
Luke Kornet,22.303030303030305,90.51515151515152,15.606060606060606,7.303030303030303,1.4848484848484849,4.424242424242424,1.2424242424242424,0.9393939393939394,2.484848484848485,0.42424242424242425,2.0303030303030303,0.39802133893042985,0.19316979316979319,0.4505050505050505,0.10303461135503392,0.12479546031203219,0.08846142181746895,3.9393939393939394,9.121212121212121,1.0
Matthew Fisher-Davis,26.03030303030303,107.66666666666667,13.121212121212121,9.333333333333334,0.36363636363636365,3.0606060606060606,1.0909090909090908,0.7878787878787878,0.2727272727272727,0.45454545454545453,1.4545454545454546,0.2363636363636364,0.4064760155669246,0.24747474747474746,0.048239621714413906,0.24919622717063883,0.05195532325818786,-0.12121212121212122,9.121212121212121,1.0
Nathan Watkins,0.8787878787878788,0.0,0.0,0.12121212121212122,0.030303030303030304,0.12121212121212122,0.030303030303030304,0.0,0.0,0.0,0.09090909090909091,0.06060606060606061,0.0,0.0,0.0013934268691139725,0.0,0.00404040404040404,0.0,9.121212121212121,0.0
Nolan Cressler,11.030303030303031,63.84848484848485,12.515151515151516,4.333333333333333,0.2727272727272727,1.6666666666666667,0.696969696969697,0.6363636363636364,0.06060606060606061,0.09090909090909091,1.2424242424242424,0.48412698412698413,0.13686868686868686,0.16666666666666666,0.0538255235874944,0.08343596915209293,0.0304672791392934,-0.9696969696969697,9.121212121212121,0.0
Riley LaChance,24.151515151515152,87.12121212121212,16.454545454545453,6.575757575757576,0.3333333333333333,2.0,2.393939393939394,1.303030303030303,0.030303030303030304,0.6060606060606061,1.7575757575757576,0.26186868686868686,0.31847041847041857,0.3055555555555555,0.08996956736882439,0.16531460251268587,0.04002104984308735,-1.3333333333333333,9.121212121212121,1.0
Samir Sehic,3.1515151515151514,8.454545454545455,0.9696969696969697,0.7878787878787878,0.36363636363636365,0.5757575757575758,0.12121212121212122,0.06060606060606061,0.0,0.030303030303030304,0.3333333333333333,0.08181818181818182,0.09090909090909091,0.13636363636363635,0.011238998762465596,0.008570968844582038,0.019353128668710112,-0.06060606060606061,9.121212121212121,0.0
Wade Baldwin,29.393939393939394,106.27272727272727,25.727272727272727,13.848484848484848,0.3939393939393939,3.484848484848485,5.0606060606060606,2.6363636363636362,0.3333333333333333,1.1818181818181819,2.4545454545454546,0.43617039526130436,0.37222222222222223,0.7107587698496789,0.1770990053878408,0.13536731135431646,0.24591443846302766,-2.242424242424242,9.121212121212121,1.0
