,MP,ORtg,%Ps,Pts,OR,DR,A,TO,Blk,Stl,PF,2Pt %,3Pt %,FT %,2Pt %Att,3Pt %Att,FT %Att,Pnts-Prev,Marg,Maj Cont
Aaron Rountree,25.757575757575758,101.87878787878788,14.969696969696969,6.0606060606060606,1.2727272727272727,3.6666666666666665,2.6363636363636362,1.4848484848484849,1.7575757575757576,1.3636363636363635,2.757575757575758,0.508982683982684,0.0,0.4282828282828282,0.14240375080577475,0.004935938269271602,0.1011236263705962,3.272727272727273,5.757575757575758,1.0
AJ English,29.272727272727273,94.57575757575758,24.424242424242426,18.303030303030305,0.42424242424242425,3.6363636363636362,5.0606060606060606,2.8484848484848486,0.42424242424242425,1.2424242424242424,1.7575757575757576,0.3947920766102585,0.28165345641422207,0.6763817831999651,0.1533486012667287,0.2715037192482465,0.2768575259355587,-2.3636363636363638,5.757575757575758,1.0
Deyshonee Much,25.12121212121212,102.24242424242425,16.303030303030305,11.545454545454545,0.6060606060606061,2.515151515151515,1.5151515151515151,1.4545454545454546,0.15151515151515152,1.0303030303030303,1.878787878787879,0.41904761904761895,0.38635489090034536,0.49116161616161613,0.0804935837898306,0.19793751720416763,0.10683029561121053,-0.5454545454545454,5.757575757575758,1.0
Ibn Muhammad,25.393939393939394,109.12121212121212,10.303030303030303,5.0606060606060606,0.30303030303030304,1.5151515151515151,2.606060606060606,0.9393939393939394,0.0,0.9696969696969697,1.8484848484848484,0.2590909090909091,0.4222943722943723,0.16969696969696968,0.04025549937334455,0.10491058950646459,0.03453077335430276,0.06060606060606061,5.757575757575758,0.0
Isaiah Williams,30.96969696969697,106.75757575757575,16.87878787878788,12.212121212121213,2.0,4.606060606060606,1.7272727272727273,1.2424242424242424,0.48484848484848486,0.7575757575757576,2.515151515151515,0.48835978835978827,0.30059031877213693,0.3708513708513708,0.08384627725470441,0.26932269621865507,0.07526432643413626,0.0,5.757575757575758,1.0
Jahaad Proctor,14.666666666666666,69.75757575757575,11.030303030303031,4.9393939393939394,0.45454545454545453,1.4848484848484849,1.0303030303030303,0.6363636363636364,0.06060606060606061,0.42424242424242425,0.9393939393939394,0.39292929292929296,0.1383838383838384,0.25050505050505045,0.06780586026112859,0.07119802827872097,0.05405915310568246,-0.30303030303030304,5.757575757575758,0.0
Jordan Washington,16.727272727272727,86.78787878787878,33.45454545454545,12.575757575757576,2.727272727272727,2.909090909090909,0.3333333333333333,1.9696969696969697,0.5151515151515151,0.42424242424242425,3.393939393939394,0.4555840361075374,0.0,0.5086470768288951,0.2705441859980884,0.0,0.25809366619751606,-2.0606060606060606,5.757575757575758,1.0
Kelvin Amayo,2.090909090909091,4.96969696969697,2.090909090909091,0.42424242424242425,0.12121212121212122,0.24242424242424243,0.24242424242424243,0.2727272727272727,0.030303030303030304,0.09090909090909091,0.30303030303030304,0.01818181818181818,0.03463203463203463,0.030303030303030304,0.012671610232585843,0.007269666360575452,0.0024242424242424242,-0.30303030303030304,5.757575757575758,0.0
Rickey McGill,9.272727272727273,44.696969696969695,6.090909090909091,2.5757575757575757,0.15151515151515152,1.1818181818181819,0.6666666666666666,0.5757575757575758,0.06060606060606061,0.6666666666666666,1.0303030303030303,0.2950937950937951,0.1111111111111111,0.11363636363636363,0.04466994357788579,0.02809643770459011,0.01924681598594642,0.30303030303030304,5.757575757575758,0.0
Ryden Hines,2.787878787878788,1.1515151515151516,0.2727272727272727,0.18181818181818182,0.09090909090909091,0.45454545454545453,0.09090909090909091,0.09090909090909091,0.030303030303030304,0.030303030303030304,0.36363636363636365,0.06060606060606061,0.0,0.030303030303030304,0.00426721072654087,0.00404799878484089,0.008297258297258296,-0.06060606060606061,5.757575757575758,0.0
Schadrac Casimir,2.9393939393939394,12.181818181818182,1.5454545454545454,0.7575757575757576,0.0,0.21212121212121213,0.3333333333333333,0.09090909090909091,0.0,0.12121212121212122,0.09090909090909091,0.051515151515151514,0.02525252525252525,0.030303030303030304,0.011742526479368586,0.010474378121436945,0.002886002886002886,0.06060606060606061,5.757575757575758,0.0
Taylor Bessick,8.484848484848484,47.09090909090909,7.242424242424242,2.5454545454545454,0.9393939393939394,1.4242424242424243,0.030303030303030304,0.5757575757575758,0.48484848484848486,0.18181818181818182,1.8484848484848484,0.2640692640692641,0.0,0.15202020202020203,0.05764791993098845,0.0,0.030083283094516713,0.18181818181818182,5.757575757575758,0.0
