,MP,ORtg,%Ps,Pts,OR,DR,A,TO,Blk,Stl,PF,2Pt %,3Pt %,FT %,2Pt %Att,3Pt %Att,FT %Att,Pnts-Prev,Marg,Maj Cont
Brandon Robinson,6.825,39.65,3.925,1.675,0.275,0.775,0.65,0.325,0.075,0.225,0.725,0.15833333333333333,0.09583333333333334,0.16499999999999998,0.017195055607674908,0.03887273025952525,0.030100972649780965,-0.05,12.15,0.0
Isaiah Hicks,19.325,96.575,17.1,10.175,1.625,3.05,1.1,1.35,0.55,0.325,2.525,0.49326923076923074,0.0,0.5743154761904763,0.13932181798974647,0.0,0.1460478675871411,-0.95,12.15,1.0
Joel Berry,23.975,97.25,17.0,11.875,0.375,2.225,2.975,1.55,0.1,1.125,1.825,0.3804288766788767,0.3134126984126984,0.4504265873015873,0.09045291856918676,0.23448538714224706,0.10906425845313031,-0.65,12.15,1.0
Justin Jackson,26.825,101.75,20.025,15.35,1.1,2.775,2.275,1.4,0.15,0.55,1.15,0.4354401154401154,0.30420829170829167,0.48187499999999994,0.14320581179339095,0.3030949304412254,0.1272826165782422,-1.4,12.15,1.0
Kennedy Meeks,20.4,100.475,20.05,10.7,3.125,4.6,0.95,1.1,0.85,0.725,2.0,0.4608097804972805,0.0,0.465297619047619,0.18064592496020343,0.0,0.13965863116674476,0.95,12.15,1.0
Kenny Williams,15.425,69.725,8.625,4.05,0.85,1.3,1.4,0.75,0.2,0.575,1.0,0.32249999999999995,0.1925,0.18125,0.03129773456902493,0.0990418613464279,0.03383754430914674,0.05,12.15,0.0
Luke Maye,10.0,61.0,10.625,3.55,1.2,1.45,0.85,0.7,0.15,0.325,1.375,0.33178571428571424,0.16250000000000003,0.13333333333333333,0.0524771710908725,0.037550792211370684,0.025421913331015768,-0.45,12.15,1.0
Nate Britt,16.4,84.85,11.55,3.825,0.25,1.3,1.95,0.8,0.05,0.95,1.475,0.27020833333333333,0.24,0.2125,0.051071632535809354,0.08378758166759583,0.03095641004710744,0.4,12.15,1.0
Seventh Woods,6.975,27.625,5.875,1.475,0.15,1.15,1.125,1.0,0.05,0.45,0.6,0.1208333333333333,0.05,0.17291666666666666,0.0255694705586559,0.01262531328320802,0.04364215459436048,-1.0,12.15,0.0
Stilman White,2.025,7.05,0.525,0.75,0.05,0.1,0.1,0.05,0.0,0.025,0.175,0.1,0.05,0.10625,0.005083981422216716,0.004389568764568764,0.012333967503085151,-0.05,12.15,0.0
Theo Pinson,8.4,38.8,6.325,2.375,0.5,1.175,1.525,0.45,0.025,0.3,0.65,0.17976190476190476,0.0875,0.11041666666666668,0.028329227943760353,0.03615183488383112,0.03294061672509948,-0.25,12.15,1.0
Tony Bradley,12.05,94.05,15.75,5.875,2.15,2.025,0.525,0.475,0.525,0.225,1.425,0.44592261904761915,0.0,0.3514880952380952,0.08534925295945783,0.0,0.11871304705514563,0.55,12.15,1.0
