,MP,ORtg,%Ps,Pts,OR,DR,A,TO,Blk,Stl,PF,2Pt %,3Pt %,FT %,2Pt %Att,3Pt %Att,FT %Att,Pnts-Prev,Marg
Anfernee McLemore,16.40625,98.625,13.25,6.28125,1.53125,2.90625,0.4375,0.75,2.28125,0.625,2.1875,0.5067708333333334,0.22135416666666666,0.4140625,0.08319740935620938,0.05356137039856798,0.06291229647433604,4.3125,10.0625
Bryce Brown,30.21875,112.90625,20.15625,15.6875,0.53125,1.40625,1.6875,1.3125,0.21875,0.96875,1.6875,0.3771577380952381,0.37903546106671104,0.6380952380952379,0.121327911150585,0.3098630284731549,0.12175812206769898,-0.25,10.0625
Chuma Okeke,21.3125,117.625,16.53125,7.6875,2.0625,3.5625,1.0625,0.8125,0.65625,0.71875,1.84375,0.5353422619047619,0.3140625,0.4604166666666667,0.09655021889509596,0.09381811293278543,0.06368570643144557,1.125,10.0625
Davion Mitchell,17.03125,89.40625,12.46875,3.75,0.28125,0.90625,1.90625,1.1875,0.03125,0.5,2.125,0.37760416666666663,0.21874999999999997,0.2020833333333333,0.04199917130366857,0.056185143753754975,0.0355528875430697,-1.3125,10.0625
DeSean Murray,23.65625,109.71875,22.65625,10.34375,2.6875,4.15625,1.8125,1.875,0.59375,0.875,2.28125,0.45324337121212116,0.184375,0.7283854166666668,0.1614314786819676,0.05783109154189369,0.15509223445271822,-0.8125,10.0625
Horace Spencer,16.78125,105.4375,13.09375,4.46875,1.46875,3.34375,0.75,1.03125,1.25,1.125,2.96875,0.46241319444444445,0.0,0.4546875,0.08569529347283843,0.0014204545454545455,0.06762596301331855,2.6875,10.0625
Jared Harper,30.90625,121.21875,22.65625,13.6875,0.40625,2.0,5.6875,2.15625,0.03125,1.1875,1.78125,0.37023809523809526,0.37031250000000004,0.8151977362914864,0.11369631654833184,0.1897042727295583,0.25316544268592694,-1.875,10.0625
Malik Dunbar,14.21875,78.1875,14.9375,5.4375,0.53125,1.90625,0.25,0.84375,0.25,0.34375,2.0,0.433407738095238,0.33630952380952384,0.2708333333333333,0.07700578244314693,0.08835518338459673,0.03767174857972175,-0.5,10.0625
Mustapha Heron,26.71875,96.40625,23.65625,15.5625,1.28125,3.84375,0.84375,1.90625,0.0625,1.09375,2.375,0.46650970557220556,0.31852678571428567,0.7081676136363636,0.2190964181481563,0.14926134224023346,0.20253559875176416,-1.5,10.0625
