,MP,ORtg,%Ps,Pts,OR,DR,A,TO,Blk,Stl,PF,2Pt %,3Pt %,FT %,2Pt %Att,3Pt %Att,FT %Att,Pnts-Prev,Marg,Maj Cont
Brandon Randolph,13.235294117647058,58.0,9.352941176470589,2.6176470588235294,0.29411764705882354,1.0,1.2647058823529411,0.7058823529411765,0.0,0.3235294117647059,1.1176470588235294,0.2884803921568628,0.08823529411764706,0.13970588235294118,0.05474769604711687,0.05496166415284062,0.027092620950752436,-0.7647058823529411,4.147058823529412,0.0
Dee Davis,28.264705882352942,97.67647058823529,14.941176470588236,7.0588235294117645,0.20588235294117646,1.411764705882353,4.323529411764706,1.7647058823529411,0.029411764705882353,1.088235294117647,2.3529411764705883,0.3735294117647059,0.2877450980392157,0.38790849673202615,0.06881564306345139,0.20255706410892166,0.06664190101239215,-1.2941176470588236,4.147058823529412,1.0
Erik Stenger,4.823529411764706,14.147058823529411,2.2941176470588234,0.8529411764705882,0.2647058823529412,0.6176470588235294,0.058823529411764705,0.17647058823529413,0.17647058823529413,0.14705882352941177,0.6176470588235294,0.10441176470588234,0.0,0.09411764705882353,0.013540013027437065,0.0,0.032844242080253556,0.29411764705882354,4.147058823529412,0.0
Isaiah Philmore,23.11764705882353,105.0,18.58823529411765,8.676470588235293,1.8823529411764706,2.8529411764705883,0.47058823529411764,1.3529411764705883,0.058823529411764705,0.23529411764705882,2.676470588235294,0.5448601235365942,0.0,0.6415966386554622,0.13403269019446284,0.018150992454398027,0.17585598043243908,-2.1176470588235294,4.147058823529412,1.0
Jalen Reynolds,11.323529411764707,64.94117647058823,9.088235294117647,3.411764705882353,1.4411764705882353,1.8529411764705883,0.11764705882352941,0.5,0.4411764705882353,0.20588235294117646,2.1176470588235294,0.43765082956259427,0.0,0.11887254901960785,0.06510792849829242,0.0,0.03145311641076329,0.29411764705882354,4.147058823529412,1.0
James Farr,12.323529411764707,72.76470588235294,11.470588235294118,4.588235294117647,1.2941176470588236,2.6176470588235294,0.17647058823529413,0.5,0.6764705882352942,0.35294117647058826,1.8235294117647058,0.3918067226890756,0.29754901960784313,0.14705882352941177,0.05339286539451743,0.09787121203529871,0.0202087278443933,1.0588235294117647,4.147058823529412,0.0
Justin Martin,26.235294117647058,97.73529411764706,20.205882352941178,11.088235294117647,1.0588235294117647,3.823529411764706,0.9117647058823529,1.7647058823529411,0.2647058823529412,0.7647058823529411,2.6176470588235294,0.46967468805704093,0.35507703081232495,0.5609201256260079,0.10514947612243965,0.25865813752810657,0.13414469905872592,-1.4705882352941178,4.147058823529412,1.0
Matt Stainbrook,22.941176470588236,101.1470588235294,21.676470588235293,9.764705882352942,2.2058823529411766,4.705882352941177,2.088235294117647,1.7352941176470589,0.9117647058823529,0.7058823529411765,2.588235294117647,0.5586887785417197,0.029411764705882353,0.4695378151260504,0.1782526842459665,0.004603443941679236,0.11023204351461613,-0.23529411764705882,4.147058823529412,1.0
Myles Davis,17.705882352941178,85.02941176470588,13.852941176470589,5.264705882352941,0.11764705882352941,1.411764705882353,0.8529411764705882,0.5882352941176471,0.029411764705882353,0.4411764705882353,1.2647058823529411,0.24019607843137253,0.2977824463118581,0.2941176470588236,0.02765288074218023,0.2487157149695849,0.05711333670127661,-0.23529411764705882,4.147058823529412,0.0
Semaj Christon,34.14705882352941,104.88235294117646,26.08823529411765,16.58823529411765,0.4411764705882353,2.176470588235294,4.0588235294117645,2.411764705882353,0.23529411764705882,1.2941176470588236,2.0294117647058822,0.47929268443974327,0.24509803921568624,0.5809829395902061,0.2698963579582532,0.08507000610328784,0.31500156728850515,-1.7647058823529411,4.147058823529412,1.0
