,MP,ORtg,%Ps,Pts,OR,DR,A,TO,Blk,Stl,PF,2Pt %,3Pt %,FT %,2Pt %Att,3Pt %Att,FT %Att,Pnts-Prev,Marg,Maj Cont
Brandon Averette,14.606060606060606,87.60606060606061,16.606060606060606,5.181818181818182,0.09090909090909091,1.393939393939394,1.7878787878787878,1.4848484848484849,0.0,0.7878787878787878,1.5454545454545454,0.37418831168831174,0.2222222222222222,0.4217171717171717,0.0847698670293973,0.02881711924294102,0.07174111303135307,-1.393939393939394,7.2727272727272725,0.0
Cameron McGriff,15.030303030303031,72.78787878787878,11.06060606060606,3.515151515151515,1.121212121212121,1.7878787878787878,0.5757575757575758,1.0303030303030303,0.24242424242424243,0.48484848484848486,2.0606060606060606,0.34040404040404043,0.15151515151515152,0.38333333333333336,0.03899195062064356,0.029059106704727677,0.08941855808337339,-0.6060606060606061,7.2727272727272725,0.0
Davon Dillard,9.242424242424242,53.93939393939394,10.666666666666666,3.9393939393939394,0.8484848484848485,1.5151515151515151,0.42424242424242425,0.8484848484848485,0.12121212121212122,0.42424242424242425,0.9090909090909091,0.3224747474747475,0.2323232323232323,0.28535353535353536,0.04841043268859059,0.03655373242433779,0.054753475851754475,-0.6060606060606061,7.2727272727272725,1.0
Jawun Evans,27.21212121212121,108.57575757575758,31.424242424242426,17.87878787878788,0.7272727272727273,2.393939393939394,5.818181818181818,2.606060606060606,0.12121212121212122,1.7272727272727273,2.1515151515151514,0.42865572979209343,0.3019480519480519,0.7112090152865554,0.278161289813959,0.1256616300510621,0.23725883868860825,-1.5151515151515151,7.2727272727272725,1.0
Jeffrey Carroll,28.03030303030303,124.0,23.12121212121212,16.87878787878788,1.9393939393939394,4.484848484848484,1.2121212121212122,1.5454545454545454,0.12121212121212122,0.8787878787878788,1.878787878787879,0.5719797878888788,0.41385827976737066,0.6894059644059645,0.17994003878914144,0.17528167582606274,0.19820363295245472,-1.0909090909090908,7.2727272727272725,1.0
Leyton Hammonds,21.696969696969695,101.48484848484848,15.090909090909092,7.787878787878788,1.2727272727272727,3.4242424242424243,0.6666666666666666,1.0303030303030303,0.3939393939393939,0.6363636363636364,3.4242424242424243,0.46564454064454075,0.2573472823472823,0.3682277318640955,0.08376150155288203,0.14436246682166184,0.05160236782610405,0.0,7.2727272727272725,1.0
Lindy Waters,10.909090909090908,57.81818181818182,7.575757575757576,3.878787878787879,0.5757575757575758,0.696969696969697,0.5757575757575758,0.7575757575757576,0.030303030303030304,0.42424242424242425,1.1515151515151516,0.2893939393939394,0.21212121212121213,0.2373737373737374,0.03701015811817877,0.0574204065963031,0.024786485848478777,-0.6060606060606061,7.2727272727272725,0.0
Lucas N'Guessan,7.242424242424242,45.121212121212125,5.0,2.0,0.6666666666666666,0.7878787878787878,0.21212121212121213,0.6363636363636364,0.45454545454545453,0.18181818181818182,2.090909090909091,0.3383838383838384,0.0,0.04797979797979798,0.031192215252701872,0.0,0.02021581051444111,0.0,7.2727272727272725,0.0
Mitchell Solomon,19.09090909090909,101.66666666666667,15.242424242424242,5.212121212121212,2.9393939393939394,2.121212121212121,0.8787878787878788,1.1515151515151516,1.1515151515151516,0.3333333333333333,3.606060606060606,0.4313131313131313,0.0,0.5520202020202021,0.08762333051724541,0.005067955839280702,0.09241995744225491,0.6666666666666666,7.2727272727272725,1.0
Phil Forte,30.09090909090909,119.9090909090909,15.454545454545455,12.93939393939394,0.6666666666666666,1.8484848484848484,1.4242424242424243,1.0,0.06060606060606061,1.121212121212121,1.4848484848484849,0.3671717171717172,0.403006253006253,0.5833333333333334,0.08405040349014004,0.27338877992683264,0.10382945004869987,0.36363636363636365,7.2727272727272725,1.0
Tavarius Shine,3.1515151515151514,19.696969696969695,2.212121212121212,0.8181818181818182,0.18181818181818182,0.12121212121212122,0.18181818181818182,0.06060606060606061,0.09090909090909091,0.21212121212121213,0.3333333333333333,0.10606060606060606,0.0404040404040404,0.05303030303030303,0.004855489597006034,0.019380321048362625,0.010609527771999167,0.48484848484848486,7.2727272727272725,0.0
Thomas Dziagwa,5.333333333333333,29.636363636363637,3.6363636363636362,2.6363636363636362,0.18181818181818182,0.2727272727272727,0.3939393939393939,0.21212121212121213,0.0,0.2727272727272727,0.6363636363636364,0.09090909090909091,0.19227994227994227,0.15151515151515152,0.00971817101496246,0.0696397043800017,0.011747703790557963,0.12121212121212122,7.2727272727272725,0.0
Tyler Underwood,0.9090909090909091,0.0,0.0,0.21212121212121213,0.0,0.06060606060606061,0.030303030303030304,0.12121212121212122,0.030303030303030304,0.06060606060606061,0.06060606060606061,0.0,0.045454545454545456,0.015151515151515152,0.0,0.005064070835395699,0.001594896331738437,-0.06060606060606061,7.2727272727272725,0.0
Will Lienhard,1.0303030303030303,0.0,0.0,0.06060606060606061,0.06060606060606061,0.24242424242424243,0.030303030303030304,0.030303030303030304,0.09090909090909091,0.0,0.09090909090909091,0.015151515151515152,0.0,0.0,0.0012121212121212121,0.0,0.0015151515151515152,0.12121212121212122,7.2727272727272725,0.0
