,MP,ORtg,%Ps,Pts,OR,DR,A,TO,Blk,Stl,PF,2Pt %,3Pt %,FT %,2Pt %Att,3Pt %Att,FT %Att,Pnts-Prev,Marg,Maj Cont
Barnett Harris,2.5428571428571427,3.5142857142857142,0.37142857142857144,0.3142857142857143,0.2857142857142857,0.2857142857142857,0.02857142857142857,0.2,0.08571428571428572,0.02857142857142857,0.9714285714285714,0.11428571428571428,0.0,0.014285714285714285,0.004155905487758984,0.0,0.003361344537815126,-0.17142857142857143,4.257142857142857,0.0
Carl Baptiste,26.885714285714286,107.0,18.457142857142856,10.942857142857143,2.3714285714285714,5.428571428571429,0.4,1.4857142857142858,1.4,0.3142857142857143,3.257142857142857,0.564846423417852,0.0,0.4643990929705216,0.20192766722768374,0.0,0.1140491893643275,0.45714285714285713,4.257142857142857,1.0
Cazmon Hayes,8.771428571428572,36.08571428571429,4.2,1.8,0.37142857142857144,0.6571428571428571,0.17142857142857143,0.2,0.05714285714285714,0.08571428571428572,1.1714285714285715,0.20857142857142857,0.08095238095238096,0.22285714285714286,0.020750271675715647,0.03699924843599247,0.032581464598271326,-0.11428571428571428,4.257142857142857,0.0
Davon Usher,35.542857142857144,109.54285714285714,23.65714285714286,18.82857142857143,1.457142857142857,4.457142857142857,1.7428571428571429,1.9714285714285715,0.4,1.7428571428571429,2.5142857142857142,0.5201504844361987,0.3383333333333333,0.6751450137164423,0.17203411801383525,0.31394965925433393,0.23121060507719768,0.34285714285714286,4.257142857142857,1.0
Devon Saddler,28.542857142857144,84.62857142857143,21.34285714285714,15.17142857142857,0.8285714285714286,2.4857142857142858,2.7714285714285714,1.7142857142857142,0.2,0.6571428571428571,1.7428571428571429,0.3695730086906558,0.23275510204081634,0.5455287569573285,0.21662235992871756,0.1661506663762303,0.1984657939141747,-1.7142857142857142,4.257142857142857,1.0
Devonne Pinkard,17.057142857142857,70.71428571428571,7.9714285714285715,2.3714285714285714,0.7428571428571429,1.4285714285714286,0.5142857142857142,0.42857142857142855,0.2,0.2857142857142857,2.057142857142857,0.08095238095238096,0.22730158730158728,0.1476190476190476,0.018871290251529702,0.08705853998531343,0.013125739955008249,0.11428571428571428,4.257142857142857,0.0
Jarvis Threatt,26.485714285714284,77.6,19.82857142857143,12.942857142857143,0.9428571428571428,3.2,3.9714285714285715,1.8857142857142857,0.11428571428571428,1.8,1.5142857142857142,0.3312000091411856,0.1295238095238095,0.4882977946423325,0.2004572100831282,0.059921132661243805,0.25606055563847974,0.05714285714285714,4.257142857142857,1.0
Kyle Anderson,33.8,108.08571428571429,13.342857142857143,10.714285714285714,0.8285714285714286,2.8285714285714287,0.9142857142857143,0.8285714285714286,0.3142857142857143,0.8285714285714286,2.5714285714285716,0.479047619047619,0.35028344671201816,0.31547619047619047,0.06199587354198792,0.3073493247154575,0.05800011605805503,0.6285714285714286,4.257142857142857,1.0
Marvin King-Davis,12.314285714285715,72.25714285714285,10.485714285714286,3.8,1.3142857142857143,1.542857142857143,0.05714285714285714,0.4,0.6285714285714286,0.08571428571428572,1.9714285714285715,0.2996536796536796,0.0,0.3357142857142857,0.06938767252077388,0.0,0.06011643099864259,0.6285714285714286,4.257142857142857,0.0
Mo Jeffers,2.2857142857142856,6.0,0.11428571428571428,0.37142857142857144,0.17142857142857143,0.2,0.0,0.0,0.08571428571428572,0.0,0.45714285714285713,0.10952380952380952,0.0,0.04285714285714286,0.005226202697440617,0.0,0.004457331286599579,0.17142857142857143,4.257142857142857,0.0
