,MP,ORtg,%Ps,Pts,OR,DR,A,TO,Blk,Stl,PF,2Pt %,3Pt %,FT %,2Pt %Att,3Pt %Att,FT %Att,Pnts-Prev,Marg,Maj Cont
DeAndre Turner,1.2285714285714286,3.3142857142857145,0.8,0.22857142857142856,0.02857142857142857,0.08571428571428572,0.02857142857142857,0.02857142857142857,0.02857142857142857,0.02857142857142857,0.11428571428571428,0.014285714285714285,0.02857142857142857,0.02142857142857143,0.0033479628410503985,0.007378197156998998,0.011904761904761904,0.05714285714285714,4.0,0.0
Deyshonee Much,18.285714285714285,68.71428571428571,14.314285714285715,6.885714285714286,0.6571428571428571,2.0285714285714285,1.4,1.1428571428571428,0.05714285714285714,1.0857142857142856,1.3142857142857143,0.3101020408163266,0.24053287981859411,0.18571428571428572,0.06766698646326019,0.15460089856573178,0.026924420117697433,0.0,4.0,1.0
EJ Crawford,24.114285714285714,107.57142857142857,15.057142857142857,9.17142857142857,0.5142857142857142,2.5142857142857142,1.0857142857142856,0.8857142857142857,0.2,0.37142857142857144,2.057142857142857,0.3835714285714286,0.43768707482993197,0.38976190476190475,0.08931164159428612,0.14272945492796282,0.10481055039817566,-0.6285714285714286,4.0,1.0
Jan Svandrlik,7.714285714285714,37.05714285714286,3.0,2.1142857142857143,0.34285714285714286,1.4,0.17142857142857143,0.22857142857142856,0.14285714285714285,0.2,0.8857142857142857,0.07142857142857142,0.15238095238095237,0.15714285714285714,0.006631980097193091,0.04576700377420221,0.015134948018017761,0.22857142857142856,4.0,0.0
Jon Severe,25.8,96.6,19.2,11.0,0.6571428571428571,2.9714285714285715,2.1714285714285713,1.8571428571428572,0.08571428571428572,0.6857142857142857,2.0,0.4420232941661513,0.36251700680272103,0.5823809523809524,0.1122427707324983,0.1631020351648435,0.10701289953220708,-2.1714285714285713,4.0,1.0
Jordan Washington,20.942857142857143,97.28571428571429,33.94285714285714,17.34285714285714,2.1714285714285713,5.057142857142857,0.6285714285714286,2.142857142857143,0.4,0.8857142857142857,3.3714285714285714,0.5225387331966278,0.02857142857142857,0.648959775052212,0.3188164950015523,0.003623188405797101,0.35092177514172007,-1.7142857142857142,4.0,1.0
Rickey McGill,31.571428571428573,111.74285714285715,17.8,10.514285714285714,0.8,3.0,5.085714285714285,1.9142857142857144,0.42857142857142855,1.7714285714285714,2.4857142857142858,0.510907029478458,0.2561904761904762,0.5025396825396825,0.15102625992949012,0.09301801645215182,0.14058890987015163,0.5714285714285714,4.0,1.0
Sam Cassell,29.457142857142856,99.11428571428571,17.857142857142858,10.457142857142857,0.3142857142857143,2.7714285714285714,2.9714285714285715,1.3714285714285714,0.05714285714285714,0.8571428571428571,1.3714285714285714,0.34850340136054425,0.31302824159967013,0.46309523809523817,0.08427540032536729,0.2511416924962688,0.08150602126742496,-0.9142857142857143,4.0,1.0
Schadrac Casimir,18.742857142857144,95.54285714285714,14.257142857142858,6.6,0.4857142857142857,0.9142857142857143,1.2857142857142858,0.8,0.05714285714285714,0.4857142857142857,1.0857142857142856,0.32210884353741503,0.3033786848072562,0.4833333333333333,0.05608219552260242,0.11006808448461444,0.07088418361022394,-0.5142857142857142,4.0,1.0
Taylor Bessick,13.628571428571428,104.82857142857142,11.285714285714286,3.057142857142857,1.7142857142857142,2.4857142857142858,0.2857142857142857,0.7142857142857143,1.1428571428571428,0.2857142857142857,2.6285714285714286,0.45714285714285713,0.0,0.26190476190476186,0.06510595819429958,0.0,0.047686116337735236,1.4285714285714286,4.0,0.0
Tyrell Williams,4.485714285714286,23.685714285714287,1.5714285714285714,0.8,0.45714285714285713,0.8,0.05714285714285714,0.2571428571428571,0.2857142857142857,0.05714285714285714,1.2285714285714286,0.17857142857142858,0.0,0.09285714285714286,0.016920920726971617,0.0,0.014053985230455819,0.17142857142857143,4.0,0.0
