,MP,ORtg,%Ps,Pts,OR,DR,A,TO,Blk,Stl,PF,2Pt %,3Pt %,FT %,2Pt %Att,3Pt %Att,FT %Att,Pnts-Prev,Marg,Maj Cont
Anders Haas,3.9411764705882355,15.735294117647058,3.0294117647058822,1.8235294117647058,0.058823529411764705,0.29411764705882354,0.14705882352941177,0.23529411764705882,0.0,0.029411764705882353,0.3235294117647059,0.07352941176470588,0.1823529411764706,0.15196078431372548,0.007296110751993105,0.08803575847508407,0.020865583075335398,-0.4117647058823529,2.0588235294117645,0.0
Dallas Ennema,7.852941176470588,50.05882352941177,6.4411764705882355,2.6176470588235294,0.38235294117647056,0.9117647058823529,0.4411764705882353,0.4117647058823529,0.029411764705882353,0.14705882352941177,0.9117647058823529,0.14215686274509803,0.21568627450980393,0.1323529411764706,0.012708568081217786,0.08989447034335708,0.02815597672999962,-0.47058823529411764,2.0588235294117645,0.0
Dave Wiegmann,8.882352941176471,28.41176470588235,5.470588235294118,1.3823529411764706,0.5294117647058824,1.411764705882353,0.3235294117647059,0.5294117647058824,0.29411764705882354,0.17647058823529413,0.8529411764705882,0.1818627450980392,0.058823529411764705,0.12254901960784312,0.027279153533777772,0.02791936950218684,0.02945975306656421,-0.11764705882352941,2.0588235294117645,0.0
DJ Evans,31.5,94.1470588235294,19.470588235294116,10.529411764705882,0.4411764705882353,2.5,2.6470588235294117,1.7352941176470589,0.029411764705882353,1.2941176470588236,2.0588235294117645,0.3784780578898226,0.2934873949579832,0.6068627450980391,0.13380128645180567,0.29226293372866224,0.15013951776302345,-0.8235294117647058,2.0588235294117645,1.0
Ede Egharevba,2.235294117647059,5.5588235294117645,1.4705882352941178,0.7647058823529411,0.14705882352941177,0.3235294117647059,0.11764705882352941,0.2647058823529412,0.0,0.11764705882352941,0.29411764705882354,0.05392156862745097,0.020588235294117647,0.08088235294117647,0.01111919126625009,0.016948900772430185,0.01171023965141612,-0.29411764705882354,2.0588235294117645,0.0
Gary Johnson,26.558823529411764,91.29411764705883,18.08823529411765,9.617647058823529,1.088235294117647,3.264705882352941,1.2941176470588236,1.6470588235294117,0.3235294117647059,0.5882352941176471,1.7647058823529411,0.4362426788897378,0.029411764705882353,0.5688958916900093,0.16571289705117262,0.014044423473489217,0.18279839289229127,-1.4705882352941178,2.0588235294117645,1.0
John Puk,26.823529411764707,87.67647058823529,14.0,5.852941176470588,1.4411764705882353,2.7058823529411766,0.5,1.088235294117647,1.2647058823529411,0.3235294117647059,3.088235294117647,0.4119599354893473,0.0,0.3715686274509804,0.1514655810290934,0.0,0.06803952994047781,1.0,2.0588235294117645,1.0
Levan Shengelia,3.8823529411764706,10.676470588235293,1.588235294117647,0.7058823529411765,0.35294117647058826,0.5,0.11764705882352941,0.20588235294117646,0.20588235294117646,0.11764705882352941,0.4411764705882353,0.11519607843137253,0.0,0.08333333333333333,0.015354558490062694,0.0,0.016174102491238043,0.23529411764705882,2.0588235294117645,0.0
Luke Devlin,10.911764705882353,61.529411764705884,7.264705882352941,2.0588235294117645,0.5882352941176471,1.411764705882353,0.5588235294117647,0.4117647058823529,0.14705882352941177,0.2647058823529412,0.8235294117647058,0.2985294117647058,0.0,0.14705882352941177,0.04679207633625164,0.0,0.030694943587504228,0.0,2.0588235294117645,1.0
Mike Rowley,8.058823529411764,33.029411764705884,6.4411764705882355,1.5,0.5588235294117647,1.1470588235294117,0.20588235294117646,0.47058823529411764,0.0,0.2647058823529412,0.9705882352941176,0.13235294117647056,0.0980392156862745,0.21176470588235294,0.02319320408727709,0.03477209065444359,0.0313740303514307,-0.4117647058823529,2.0588235294117645,0.0
Peter Hooley,31.676470588235293,101.05882352941177,21.705882352941178,14.294117647058824,0.29411764705882354,2.1470588235294117,2.3823529411764706,1.9411764705882353,0.0,0.7352941176470589,1.4411764705882353,0.3927521008403362,0.3240546218487395,0.7710434173669468,0.12692229211802453,0.37566453671047756,0.2362574829578578,-2.411764705882353,2.0588235294117645,1.0
Sam Rowley,27.264705882352942,90.82352941176471,24.176470588235293,10.823529411764707,2.1470588235294117,4.176470588235294,1.6470588235294117,2.6470588235294117,0.5882352941176471,1.1176470588235294,3.1470588235294117,0.5000431757784699,0.0,0.441421568627451,0.21953155139130892,0.001633986928104575,0.1355069180810966,-1.8823529411764706,2.0588235294117645,1.0
