,MP,ORtg,%Ps,Pts,OR,DR,A,TO,Blk,Stl,PF,2Pt %,3Pt %,FT %,2Pt %Att,3Pt %Att,FT %Att,Pnts-Prev,Marg,Maj Cont
Aaron Young,4.1,11.033333333333333,1.5333333333333334,1.3666666666666667,0.1,0.36666666666666664,0.1,0.03333333333333333,0.0,0.1,0.3333333333333333,0.0,0.12777777777777777,0.08888888888888888,0.001976169718105202,0.03913060619981661,0.013095238095238096,0.13333333333333333,10.266666666666667,0.0
Alec Brennan,6.333333333333333,45.333333333333336,5.866666666666666,1.9333333333333333,0.43333333333333335,0.8,0.23333333333333334,0.23333333333333334,0.26666666666666666,0.13333333333333333,0.9,0.28095238095238095,0.12777777777777777,0.075,0.03167038370817209,0.020321196290321482,0.01259920634920635,0.3333333333333333,10.266666666666667,0.0
Amir Bell,22.533333333333335,100.43333333333334,16.266666666666666,6.366666666666666,0.36666666666666664,1.7666666666666666,1.9333333333333333,1.0333333333333334,0.3333333333333333,0.6333333333333333,2.2333333333333334,0.4425396825396826,0.3261111111111111,0.31833333333333336,0.10621007704801745,0.08431475870868281,0.08124104156712854,-0.13333333333333333,10.266666666666667,1.0
Devin Cannady,30.466666666666665,119.1,18.966666666666665,13.2,0.23333333333333334,3.2333333333333334,1.8,1.1333333333333333,0.26666666666666666,1.1,1.8333333333333333,0.43250000000000005,0.3936773411773412,0.5961111111111111,0.10765321650546837,0.23965219504157145,0.18555824077882907,0.4666666666666667,10.266666666666667,1.0
Hans Brase,2.6,15.4,2.7666666666666666,1.0666666666666667,0.1,0.36666666666666664,0.23333333333333334,0.2,0.0,0.0,0.3333333333333333,0.07444444444444445,0.07916666666666666,0.06666666666666667,0.01067932407146521,0.01072925722012943,0.011858974358974362,-0.4,10.266666666666667,0.0
Henry Caruso,5.933333333333334,22.266666666666666,5.266666666666667,2.533333333333333,0.3,0.8333333333333334,0.2,0.4666666666666667,0.0,0.3,0.23333333333333334,0.14476190476190479,0.06944444444444445,0.060000000000000005,0.049700869561518986,0.0235545683213026,0.017264957264957265,-0.3333333333333333,10.266666666666667,0.0
Jose Morales,2.033333333333333,6.566666666666666,1.4666666666666666,0.6,0.0,0.23333333333333334,0.26666666666666666,0.26666666666666666,0.0,0.06666666666666667,0.23333333333333334,0.08492063492063491,0.0,0.05,0.0158274739793557,0.005140075973409306,0.010897435897435897,-0.4,10.266666666666667,0.0
Khyan Rayner,1.2666666666666666,4.333333333333333,0.36666666666666664,0.2,0.0,0.13333333333333333,0.06666666666666667,0.03333333333333333,0.0,0.0,0.1,0.0,0.03333333333333333,0.0,0.0009259259259259259,0.005246913580246913,0.0,-0.06666666666666667,10.266666666666667,0.0
Mike LeBlanc,1.8666666666666667,3.3333333333333335,0.6333333333333333,0.4666666666666667,0.03333333333333333,0.13333333333333333,0.1,0.03333333333333333,0.03333333333333333,0.06666666666666667,0.2,0.05,0.04666666666666666,0.016666666666666666,0.004452124935995904,0.013988931460195827,0.0027777777777777775,0.13333333333333333,10.266666666666667,0.0
Myles Stephens,26.5,106.3,22.766666666666666,12.166666666666666,1.3666666666666667,3.066666666666667,1.0666666666666667,1.4666666666666666,0.6666666666666666,0.6666666666666666,1.4666666666666666,0.5450925925925926,0.34,0.40571428571428575,0.2159950616381476,0.10519820444680675,0.18050926836732462,-0.26666666666666666,10.266666666666667,1.0
Pete Miller,14.4,97.43333333333334,10.633333333333333,2.8333333333333335,1.1666666666666667,2.2333333333333334,1.2,0.6,0.3333333333333333,0.23333333333333334,1.8,0.4,0.03333333333333333,0.21388888888888888,0.06577186992894166,0.0013888888888888885,0.048768315018315016,-0.06666666666666667,10.266666666666667,1.0
Richmond Aririguzoh,2.2,3.066666666666667,0.8333333333333334,0.6333333333333333,0.06666666666666667,0.36666666666666664,0.13333333333333333,0.1,0.13333333333333333,0.1,0.23333333333333334,0.11666666666666667,0.0,0.1,0.019633483085745144,0.0,0.02248931623931624,0.26666666666666666,10.266666666666667,0.0
Spencer Weisz,31.8,100.2,19.466666666666665,10.066666666666666,0.7666666666666667,4.433333333333334,4.033333333333333,1.6,0.23333333333333334,1.5,2.1,0.3785978835978836,0.3283910533910534,0.49444444444444446,0.12069514697226696,0.21885684014561227,0.11158942009965027,0.26666666666666666,10.266666666666667,1.0
Steven Cook,29.1,105.9,21.133333333333333,13.2,1.4,3.5,1.7333333333333334,1.3,0.26666666666666666,1.5333333333333334,2.033333333333333,0.5035322085322086,0.343095238095238,0.5507407407407406,0.17726737384523805,0.15214254055042217,0.2404579510429894,1.0,10.266666666666667,1.0
Will Gladson,9.666666666666666,36.46666666666667,6.566666666666666,2.1,0.3,0.7333333333333333,0.43333333333333335,0.5,0.43333333333333335,0.13333333333333333,1.2666666666666666,0.24444444444444444,0.11333333333333331,0.12222222222222222,0.038208165742302395,0.04700168983926002,0.027559523809523808,0.13333333333333333,10.266666666666667,1.0
