,MP,ORtg,%Ps,Pts,OR,DR,A,TO,Blk,Stl,PF,2Pt %,3Pt %,FT %,2Pt %Att,3Pt %Att,FT %Att,Pnts-Prev,Marg,Maj Cont
Amath M'Baye,24.25,94.6875,23.0,9.8125,1.59375,3.40625,0.6875,1.8125,0.6875,0.65625,2.15625,0.4479978354978355,0.15104166666666666,0.5262477106227106,0.1622494243580631,0.08098628291642997,0.11956976609000666,-0.9375,4.78125,1.0
Andrew Fitzgerald,15.59375,96.0,18.0625,5.71875,1.46875,1.90625,0.375,0.5,0.375,0.40625,1.84375,0.39802489177489175,0.0,0.3572916666666667,0.11820595212273213,0.003311820652173913,0.08563195055172756,0.5625,4.78125,0.0
Buddy Hield,20.5,72.4375,16.1875,6.46875,1.46875,1.9375,1.53125,1.3125,0.21875,1.03125,1.4375,0.34163397366522363,0.1848958333333333,0.34375,0.09290233913067734,0.16343309279790258,0.061442067618054465,-0.125,4.78125,1.0
Cameron Clark,16.75,102.34375,19.09375,6.28125,1.03125,2.0625,0.375,0.96875,0.125,0.5625,1.625,0.4711681547619047,0.03125,0.471875,0.10938299431606624,0.001302083333333333,0.0915506414720327,-0.5625,4.78125,1.0
Isaiah Cousins,15.15625,50.28125,11.625,2.46875,0.15625,1.625,1.5,1.21875,0.0625,0.6875,1.59375,0.2140625,0.08385416666666666,0.14583333333333334,0.04678693399294707,0.08269662855260682,0.029922732496261907,-0.9375,4.78125,1.0
Je'lon Hornbeak,21.875,95.5625,16.71875,5.46875,0.5625,2.0625,1.6875,1.5625,0.21875,0.96875,2.21875,0.32135416666666666,0.33229166666666665,0.5234375,0.0451444208338816,0.15490709615849482,0.10014246039952938,-0.75,4.78125,1.0
Romero Osby,27.3125,120.6875,26.375,15.28125,2.03125,4.78125,1.1875,1.28125,0.84375,0.625,2.34375,0.5308355298704563,0.1875,0.7167406735421442,0.2242830790092913,0.0291116718426501,0.29126121126622745,0.375,4.78125,1.0
Sam Grooms,19.40625,93.1875,14.0625,4.78125,0.21875,1.40625,3.03125,1.09375,0.0,0.25,1.09375,0.39499458874458876,0.09375,0.32277442226890757,0.06929072586064418,0.025985863095238097,0.08788657069107836,-1.6875,4.78125,1.0
Steven Pledger,27.6875,112.96875,20.21875,11.53125,0.9375,2.25,1.4375,1.15625,0.125,0.96875,1.84375,0.40856894841269836,0.33414033882783883,0.43377976190476186,0.08606084390913947,0.3831914480092229,0.08326224227222428,-0.125,4.78125,1.0
Tyler Neal,5.4375,15.53125,3.03125,0.9375,0.21875,0.9375,0.125,0.28125,0.0,0.09375,0.5,0.046875,0.078125,0.0625,0.014443286466557561,0.04382401264194742,0.01808035714285714,-0.375,4.78125,0.0
