,MP,ORtg,%Ps,Pts,OR,DR,A,TO,Blk,Stl,PF,2Pt %,3Pt %,FT %,2Pt %Att,3Pt %Att,FT %Att,Pnts-Prev,Marg,Maj Cont
Adrio Bailey,5.027777777777778,21.36111111111111,2.4722222222222223,1.2777777777777777,0.3611111111111111,0.6111111111111112,0.19444444444444445,0.2777777777777778,0.19444444444444445,0.3055555555555556,0.7222222222222222,0.22800925925925922,0.0,0.06481481481481481,0.023275714053894378,0.0,0.019227913600518967,0.4444444444444444,5.472222222222222,0.0
Anton Beard,20.02777777777778,94.33333333333333,16.805555555555557,6.944444444444445,0.7777777777777778,1.1388888888888888,1.8055555555555556,1.0,0.0,1.0,1.8055555555555556,0.39589947089947086,0.287037037037037,0.4444444444444444,0.07637237892717635,0.12827581917101594,0.08527900873929976,0.0,5.472222222222222,1.0
Arlando Cook,10.972222222222221,64.69444444444444,10.666666666666666,2.8333333333333335,0.8055555555555556,1.5,0.3333333333333333,0.6388888888888888,0.3611111111111111,0.2777777777777778,1.6666666666666667,0.36018518518518516,0.0,0.24503968253968253,0.05885969133554566,0.0,0.04206597286638583,0.0,5.472222222222222,0.0
Brachen Hazen,1.1666666666666667,0.0,0.0,0.08333333333333333,0.05555555555555555,0.2777777777777778,0.05555555555555555,0.1111111111111111,0.0,0.0,0.1388888888888889,0.013888888888888888,0.0,0.013888888888888888,0.0025511622733844956,0.002454051796157059,0.005694444444444445,-0.2222222222222222,5.472222222222222,0.0
CJ Jones,3.5,19.333333333333332,2.4166666666666665,1.4166666666666667,0.0,0.3611111111111111,0.16666666666666666,0.1111111111111111,0.1388888888888889,0.027777777777777776,0.3055555555555556,0.07407407407407407,0.1273148148148148,0.05555555555555555,0.008071951065032121,0.03526144775429672,0.007579365079365079,0.1111111111111111,5.472222222222222,0.0
Daryl Macon,23.75,110.88888888888889,22.083333333333332,12.694444444444445,0.4722222222222222,2.0,2.111111111111111,1.7222222222222223,0.05555555555555555,1.0555555555555556,1.7777777777777777,0.4868386243386244,0.35813492063492064,0.7065934065934065,0.08897135877049052,0.25890329727347944,0.16677542404869597,-1.2222222222222223,5.472222222222222,1.0
Dustin Thomas,16.75,88.66666666666667,14.805555555555555,4.888888888888889,1.1388888888888888,2.4444444444444446,1.0,0.9444444444444444,0.2222222222222222,0.6111111111111112,2.7222222222222223,0.451984126984127,0.027777777777777776,0.3703703703703704,0.0878919626166549,0.006829306171411434,0.07823307937781951,-0.2222222222222222,5.472222222222222,1.0
Dusty Hannahs,23.416666666666668,108.86111111111111,23.63888888888889,13.777777777777779,0.5277777777777778,1.0555555555555556,1.1111111111111112,1.4166666666666667,0.08333333333333333,0.4166666666666667,1.6666666666666667,0.4583274749941417,0.3504960317460318,0.7243827160493828,0.11990983506812491,0.2893725809858252,0.1423183680681343,-1.8333333333333333,5.472222222222222,1.0
Jaylen Barford,23.833333333333332,97.91666666666667,24.416666666666668,11.944444444444445,0.9722222222222222,2.5,1.9166666666666667,1.7777777777777777,0.16666666666666666,1.0833333333333333,2.111111111111111,0.4802290302290303,0.2550925925925926,0.6054563492063493,0.17544319382794418,0.16048573502624633,0.12113906654525458,-1.0555555555555556,5.472222222222222,1.0
Manuale Watkins,20.944444444444443,119.05555555555556,11.777777777777779,5.888888888888889,1.0277777777777777,2.6944444444444446,1.7777777777777777,0.5555555555555556,0.027777777777777776,1.1666666666666667,1.7777777777777777,0.5561507936507936,0.19675925925925924,0.1875,0.08468823042861919,0.039824033872414094,0.03521561241685554,1.2777777777777777,5.472222222222222,0.0
Moses Kingsley,25.916666666666668,100.38888888888889,21.944444444444443,11.13888888888889,2.1666666666666665,5.222222222222222,1.2777777777777777,1.8611111111111112,2.4166666666666665,0.5833333333333334,2.5555555555555554,0.4463086160390082,0.1388888888888889,0.7024581128747794,0.18368344465929634,0.020512919868345678,0.2069210233752811,2.2777777777777777,5.472222222222222,1.0
Trey Thompson,13.38888888888889,113.55555555555556,7.555555555555555,2.4166666666666665,0.8055555555555556,2.3333333333333335,1.5555555555555556,0.5833333333333334,0.8055555555555556,0.5833333333333334,2.138888888888889,0.41666666666666674,0.0,0.22916666666666666,0.03472552141828143,0.002525252525252526,0.033995165882389274,1.6111111111111112,5.472222222222222,0.0
