,MP,ORtg,%Ps,Pts,OR,DR,A,TO,Blk,Stl,PF,2Pt %,3Pt %,FT %,2Pt %Att,3Pt %Att,FT %Att,Pnts-Prev,Marg,Maj Cont
Bryan Alberts,10.63888888888889,63.888888888888886,4.75,2.4444444444444446,0.25,0.9166666666666666,0.25,0.19444444444444445,0.05555555555555555,0.19444444444444445,0.8611111111111112,0.08564814814814814,0.19583333333333333,0.06944444444444445,0.014058909197798085,0.07620046761726888,0.006917837377607493,0.1111111111111111,12.333333333333334,0.0
Domantas Sabonis,28.86111111111111,110.63888888888889,23.52777777777778,15.944444444444445,2.6944444444444446,7.944444444444445,1.5555555555555556,2.3055555555555554,0.6388888888888888,0.5277777777777778,2.9166666666666665,0.5694615184198518,0.08333333333333333,0.6467905596582068,0.2499749024500055,0.016508334477890723,0.24515206556665292,-2.2777777777777777,12.333333333333334,1.0
Dustin Triano,1.4444444444444444,0.0,0.0,0.6944444444444444,0.1111111111111111,0.1388888888888889,0.16666666666666666,0.05555555555555555,0.0,0.027777777777777776,0.2222222222222222,0.05555555555555555,0.125,0.041666666666666664,0.001499368686868687,0.016103145269811936,0.005919489007724301,-0.05555555555555555,12.333333333333334,0.0
Eric McClellan,24.555555555555557,99.52777777777777,18.5,9.694444444444445,0.6111111111111112,2.3333333333333335,1.75,1.3888888888888888,0.19444444444444445,0.75,2.0555555555555554,0.466931216931217,0.2597222222222222,0.5227623456790124,0.12096177470422696,0.12859849480889773,0.13860368673724557,-0.8888888888888888,12.333333333333334,1.0
Josh Perkins,28.02777777777778,107.33333333333333,18.25,9.444444444444445,0.5555555555555556,2.5555555555555554,3.638888888888889,1.8611111111111112,0.3055555555555556,1.0555555555555556,2.5833333333333335,0.42800424883758215,0.3496362433862435,0.4212962962962962,0.11779038598918332,0.15459795270454232,0.11667687747144341,-1.0,12.333333333333334,1.0
Kyle Dranginis,28.083333333333332,110.97222222222223,11.444444444444445,6.0,1.3055555555555556,2.6666666666666665,2.9444444444444446,0.8055555555555556,0.3333333333333333,0.9166666666666666,2.1666666666666665,0.49074074074074076,0.2981481481481481,0.23750000000000002,0.05569997350479605,0.13994884313189265,0.05485228260288646,0.8888888888888888,12.333333333333334,1.0
Kyle Wiltjer,30.833333333333332,110.16666666666667,24.63888888888889,18.97222222222222,1.5555555555555556,4.361111111111111,1.2777777777777777,1.8888888888888888,0.75,0.3333333333333333,1.6111111111111112,0.4856635466929584,0.3736441798941799,0.6753196649029982,0.21937150429127614,0.26103488678560466,0.17675554198028254,-1.6111111111111112,12.333333333333334,1.0
Przemek Karnowski,3.4444444444444446,12.88888888888889,2.6666666666666665,1.2222222222222223,0.1388888888888889,0.6111111111111112,0.16666666666666666,0.3333333333333333,0.08333333333333333,0.1111111111111111,0.2777777777777778,0.08115079365079364,0.0,0.044444444444444446,0.023392551243428435,0.0,0.02335858585858586,-0.2777777777777778,12.333333333333334,0.0
Rem Bakamus,0.7777777777777778,0.0,0.0,0.19444444444444445,0.027777777777777776,0.19444444444444445,0.05555555555555555,0.05555555555555555,0.0,0.1111111111111111,0.027777777777777776,0.0,0.027777777777777776,0.05555555555555555,0.0,0.005044899972436204,0.00819877759532932,0.1111111111111111,12.333333333333334,0.0
Ryan Edwards,7.305555555555555,36.638888888888886,5.722222222222222,2.25,0.7777777777777778,1.0555555555555556,0.1111111111111111,0.5,0.2222222222222222,0.027777777777777776,1.4166666666666667,0.3774470899470899,0.0,0.25,0.040626317145633195,0.001388888888888889,0.05333108495412147,-0.5,12.333333333333334,0.0
Silas Melson,19.583333333333332,82.94444444444444,13.722222222222221,6.194444444444445,0.16666666666666666,2.0833333333333335,0.7777777777777778,0.6111111111111112,0.1388888888888889,0.5555555555555556,1.8611111111111112,0.3623677248677249,0.1950617283950617,0.38280423280423276,0.07329097945345027,0.11724075300943265,0.0869004375147872,0.16666666666666666,12.333333333333334,1.0
