,MP,ORtg,%Ps,Pts,OR,DR,A,TO,Blk,Stl,PF,2Pt %,3Pt %,FT %,2Pt %Att,3Pt %Att,FT %Att,Pnts-Prev,Marg,Maj Cont
Bryce Alford,21.216216216216218,97.02702702702703,16.594594594594593,7.486486486486487,0.10810810810810811,1.5135135135135136,2.4864864864864864,1.2162162162162162,0.10810810810810811,0.7837837837837838,1.2162162162162162,0.30643500643500643,0.3387387387387388,0.45377685377685373,0.05429395782008995,0.1849190315242274,0.10663191432173877,-0.6486486486486487,10.162162162162161,1.0
David Wear,21.216216216216218,104.27027027027027,12.486486486486486,6.162162162162162,1.2972972972972974,2.2432432432432434,0.6756756756756757,0.8378378378378378,0.16216216216216217,0.5945945945945946,1.837837837837838,0.4581724581724581,0.3063063063063063,0.3581081081081081,0.08069203502172413,0.07724477509912964,0.045933233062168594,-0.16216216216216217,10.162162162162161,1.0
Jordan Adams,26.756756756756758,107.16216216216216,22.72972972972973,15.378378378378379,1.6216216216216217,3.108108108108108,2.027027027027027,1.4054054054054055,0.10810810810810811,2.4324324324324325,1.945945945945946,0.48695943695943705,0.3482732732732733,0.6895645645645645,0.16218207119326822,0.22852633815179244,0.21244744244321856,2.27027027027027,10.162162162162161,1.0
Kyle Anderson,29.64864864864865,100.83783783783784,23.16216216216216,13.324324324324325,1.135135135135135,6.756756756756757,5.864864864864865,2.72972972972973,0.6756756756756757,1.5675675675675675,1.4864864864864864,0.43288550788550795,0.29279279279279274,0.5873045873045872,0.18483785104069372,0.0910437407395275,0.2106756475512655,-0.972972972972973,10.162162162162161,1.0
Noah Allen,0.9459459459459459,7.513513513513513,0.5675675675675675,0.2972972972972973,0.02702702702702703,0.16216216216216217,0.0,0.02702702702702703,0.0,0.0,0.16216216216216217,0.10810810810810811,0.0,0.033783783783783786,0.0036415923512697706,0.0024570024570024574,0.005467536502019261,-0.05405405405405406,10.162162162162161,0.0
Norman Powell,23.45945945945946,107.89189189189189,17.7027027027027,10.35135135135135,0.5945945945945946,2.027027027027027,1.6486486486486487,1.0,0.3783783783783784,1.1891891891891893,2.054054054054054,0.5570356070356073,0.23828828828828832,0.606874731874732,0.12393369626485157,0.10296391355753315,0.12632026765086662,1.135135135135135,10.162162162162161,1.0
Tony Parker,16.054054054054053,89.43243243243244,16.81081081081081,6.243243243243243,1.6486486486486487,2.4594594594594597,0.08108108108108109,0.918918918918919,0.5135135135135135,0.40540540540540543,2.7567567567567566,0.501905151905152,0.0,0.25328185328185326,0.10286403957286062,0.0,0.084667540337893,0.0,10.162162162162161,1.0
Travis Wear,19.675675675675677,104.29729729729729,11.216216216216216,5.891891891891892,0.8918918918918919,1.837837837837838,1.162162162162162,0.35135135135135137,0.5135135135135135,0.6216216216216216,2.5405405405405403,0.42065637065637074,0.21171171171171171,0.24324324324324326,0.09938720170994528,0.03400275714348941,0.02999743192171596,1.5675675675675675,10.162162162162161,1.0
Wanaah Bail,1.6216216216216217,2.4594594594594597,0.5945945945945946,0.5675675675675675,0.02702702702702703,0.1891891891891892,0.10810810810810811,0.02702702702702703,0.05405405405405406,0.10810810810810811,0.3783783783783784,0.11486486486486487,0.0,0.08783783783783784,0.01142706196941822,0.0011750881316098707,0.010524810524810526,0.2702702702702703,10.162162162162161,0.0
Zach LaVine,22.89189189189189,98.02702702702703,17.2972972972973,9.216216216216216,0.4594594594594595,1.8918918918918919,1.7297297297297298,1.0810810810810811,0.16216216216216217,0.8918918918918919,1.7837837837837838,0.4374088374088374,0.37252252252252244,0.3756756756756756,0.09565941197479753,0.196586272114607,0.08625309460322217,-0.05405405405405406,10.162162162162161,1.0
