,MP,ORtg,%Ps,Pts,OR,DR,A,TO,Blk,Stl,PF,2Pt %,3Pt %,FT %,2Pt %Att,3Pt %Att,FT %Att,Pnts-Prev,Marg,Maj Cont
Cashmere Wright,27.705882352941178,105.26470588235294,22.205882352941178,11.852941176470589,0.4411764705882353,1.7941176470588236,2.9411764705882355,1.7647058823529411,0.029411764705882353,1.5294117647058822,1.5588235294117647,0.43775676937441643,0.31093922417451825,0.4179971988795519,0.1267486536907345,0.26812392594342743,0.10661918037867514,-0.4117647058823529,7.647058823529412,1.0
Cheikh Mbodj,20.470588235294116,102.70588235294117,13.941176470588236,5.0,1.9705882352941178,2.6176470588235294,0.23529411764705882,0.8235294117647058,2.6176470588235294,0.17647058823529413,3.3529411764705883,0.4224789915966387,0.0,0.48088235294117654,0.10570657285497087,0.0024681201151789387,0.12602258920085072,3.9411764705882355,7.647058823529412,1.0
David Nyarsuk,10.882352941176471,67.26470588235294,8.058823529411764,2.5294117647058822,1.0294117647058822,1.3529411764705883,0.20588235294117646,0.6470588235294118,0.8529411764705882,0.058823529411764705,1.4705882352941178,0.388235294117647,0.0,0.0980392156862745,0.05113405592702716,0.0,0.01801734870193288,0.5294117647058824,7.647058823529412,0.0
Ge'Lawn Guyn,9.764705882352942,42.5,6.0,2.2941176470588234,0.058823529411764705,0.7058823529411765,0.4117647058823529,0.5294117647058824,0.14705882352941177,0.3235294117647059,1.2647058823529411,0.25980392156862747,0.19362745098039214,0.22794117647058823,0.02817821981282641,0.05032327558116257,0.01986842621837868,-0.11764705882352941,7.647058823529412,0.0
JaQuon Parker,29.235294117647058,106.88235294117646,21.676470588235293,10.941176470588236,2.0588235294117645,2.676470588235294,1.5588235294117647,1.588235294117647,0.029411764705882353,0.7058823529411765,1.9411764705882353,0.3787518037518036,0.36519607843137253,0.5118909685086157,0.1727732619600945,0.13938373073863633,0.21232597751849525,-1.7058823529411764,7.647058823529412,0.0
Jermaine Sanders,12.882352941176471,72.47058823529412,12.235294117647058,3.1176470588235294,0.7647058823529411,1.2941176470588236,0.7647058823529411,0.6176470588235294,0.08823529411764706,0.3235294117647059,0.5882352941176471,0.3598039215686275,0.1715686274509804,0.23284313725490197,0.04368678069375143,0.06645546202852765,0.04254717572345097,-0.4117647058823529,7.647058823529412,0.0
Justin Jackson,15.941176470588236,67.38235294117646,14.735294117647058,3.323529411764706,1.411764705882353,2.9411764705882355,1.2941176470588236,1.5,1.1470588235294117,0.7941176470588235,2.1470588235294117,0.3273459383753501,0.014705882352941176,0.27083333333333337,0.08001839973014642,0.01832370356711128,0.053689403157930284,0.8823529411764706,7.647058823529412,1.0
Sean Kilpatrick,33.26470588235294,109.44117647058823,25.529411764705884,16.41176470588235,1.2941176470588236,3.7941176470588234,1.7941176470588236,1.911764705882353,0.23529411764705882,1.2058823529411764,1.1470588235294117,0.5183576371725163,0.2951537025066436,0.5821524064171123,0.1738450052778704,0.35716798404981115,0.20455748097926021,-0.9411764705882353,7.647058823529412,1.0
Shaq Thomas,9.794117647058824,46.1764705882353,9.794117647058824,2.588235294117647,0.8235294117647058,1.1470588235294117,0.47058823529411764,0.5294117647058824,0.17647058823529413,0.47058823529411764,0.5588235294117647,0.26330532212885155,0.058823529411764705,0.14460784313725492,0.07102962934350374,0.0124503116896626,0.041138749114527653,0.23529411764705882,7.647058823529412,1.0
Titus Rubles,20.88235294117647,84.73529411764706,21.676470588235293,5.5588235294117645,1.6176470588235294,4.0,1.911764705882353,1.8235294117647058,0.23529411764705882,1.0,2.235294117647059,0.37694911297852474,0.029411764705882353,0.5259803921568628,0.11746765600319231,0.055891721580599754,0.14580190430061588,-1.1764705882352942,7.647058823529412,1.0
