,MP,ORtg,%Ps,Pts,OR,DR,A,TO,Blk,Stl,PF,2Pt %,3Pt %,FT %,2Pt %Att,3Pt %Att,FT %Att,Pnts-Prev,Marg,Maj Cont
Aldonis Foote,6.457142857142857,32.8,5.285714285714286,2.142857142857143,0.4,1.1714285714285715,0.3142857142857143,0.42857142857142855,0.02857142857142857,0.2857142857142857,1.2285714285714286,0.3190476190476191,0.047619047619047616,0.1523809523809524,0.039522806091858396,0.01462925170068027,0.03381365498612886,-0.22857142857142856,4.142857142857143,0.0
Darnell Harris,25.085714285714285,96.74285714285715,20.914285714285715,10.885714285714286,1.2,2.6,1.1428571428571428,1.2285714285714286,0.6571428571428571,0.4857142857142857,2.4285714285714284,0.37672335600907036,0.3632312925170068,0.4473922902494331,0.13552080893410884,0.19498815110735085,0.14762971100189146,-0.17142857142857143,4.142857142857143,1.0
Ed Simpson,18.6,76.82857142857142,11.771428571428572,4.285714285714286,0.34285714285714286,1.9142857142857144,1.542857142857143,0.7428571428571429,0.05714285714285714,0.42857142857142855,1.5142857142857142,0.2890476190476191,0.1919047619047619,0.19666666666666668,0.03887618256988476,0.11351662656860367,0.057213397538013425,-0.5142857142857142,4.142857142857143,0.0
Giddy Potts,21.2,92.88571428571429,15.428571428571429,11.142857142857142,0.6857142857142857,3.4,0.9714285714285714,0.8285714285714286,0.2571428571428571,0.8,2.3714285714285714,0.36275510204081635,0.3434126984126984,0.40777777777777785,0.09268398298805176,0.19812376695432712,0.09838098960011347,0.45714285714285713,4.142857142857143,1.0
Jacob Ivory,7.3428571428571425,41.65714285714286,6.571428571428571,1.7142857142857142,0.05714285714285714,0.6571428571428571,0.8,0.45714285714285713,0.02857142857142857,0.3142857142857143,0.7714285714285715,0.14523809523809522,0.014285714285714285,0.24071428571428574,0.02366463372282683,0.009210789210789211,0.04711412369307106,-0.22857142857142856,4.142857142857143,0.0
Jaqawn Raymond,21.714285714285715,80.25714285714285,12.257142857142858,4.742857142857143,0.3142857142857143,1.5714285714285714,1.6857142857142857,1.2857142857142858,0.11428571428571428,0.8285714285714286,2.2,0.3657142857142857,0.22619047619047616,0.2614285714285714,0.03786285612974771,0.12135269451827517,0.06846524570157353,-0.6857142857142857,4.142857142857143,1.0
Joshua Phillips,4.114285714285714,12.371428571428572,1.9714285714285715,0.8857142857142857,0.34285714285714286,0.8857142857142857,0.0,0.45714285714285713,0.08571428571428572,0.11428571428571428,0.8857142857142857,0.16238095238095238,0.0,0.08095238095238096,0.01556352028345081,0.0012987012987012987,0.01769718527833327,-0.5142857142857142,4.142857142857143,0.0
Karl Gamble,3.4857142857142858,2.742857142857143,1.5714285714285714,0.7714285714285715,0.3142857142857143,0.5714285714285714,0.0,0.22857142857142856,0.11428571428571428,0.02857142857142857,0.7714285714285715,0.1333333333333333,0.0,0.12380952380952383,0.020202408844887963,0.0,0.02786181508559908,-0.17142857142857143,4.142857142857143,0.0
Perrin Buford,26.97142857142857,101.02857142857142,20.942857142857143,11.342857142857143,1.7428571428571429,3.8,1.7714285714285714,1.7428571428571429,1.0857142857142856,0.7142857142857143,2.4571428571428573,0.4979951794237509,0.24285714285714285,0.5118800247371675,0.20376102860931397,0.04954150045413248,0.14259712265074295,0.11428571428571428,4.142857142857143,1.0
Quavius Copeland,14.514285714285714,73.31428571428572,18.942857142857143,4.514285714285714,0.05714285714285714,0.8,1.8,1.457142857142857,0.0,0.37142857142857144,1.1714285714285715,0.3620408163265306,0.13809523809523808,0.20476190476190478,0.08166975686683726,0.06241222545463646,0.043705618246971625,-2.1714285714285713,4.142857142857143,0.0
Reggie Upshaw,29.228571428571428,100.62857142857143,23.057142857142857,13.114285714285714,2.7142857142857144,5.457142857142857,2.0285714285714285,1.7428571428571429,0.7428571428571429,1.4,2.142857142857143,0.5084533720248006,0.30047619047619045,0.4462730919873777,0.2215807126259803,0.09153877695419198,0.23812389280422078,0.8,4.142857142857143,1.0
Xavier Habersham,10.628571428571428,52.08571428571429,7.885714285714286,3.0,0.34285714285714286,1.1428571428571428,0.2571428571428571,0.34285714285714286,0.14285714285714285,0.08571428571428572,1.2571428571428571,0.20857142857142857,0.23190476190476192,0.09428571428571428,0.03194844519019424,0.08624465863545439,0.020254386270483375,-0.22857142857142856,4.142857142857143,0.0
