,MP,ORtg,%Ps,Pts,OR,DR,A,TO,Blk,Stl,PF,2Pt %,3Pt %,FT %,2Pt %Att,3Pt %Att,FT %Att,Pnts-Prev,Marg,Maj Cont
Bronson Koenig,24.325,103.5,13.65,7.275,0.425,1.05,2.025,0.7,0.2,0.2,1.125,0.3996825396825397,0.3079761904761905,0.2791666666666667,0.07781747477772985,0.16546615059347258,0.06535943612132068,-0.6,13.4,1.0
Duje Dukan,12.95,71.7,13.85,3.975,0.625,1.5,0.575,0.55,0.075,0.2,0.9,0.27291666666666664,0.19708333333333333,0.26958333333333334,0.04232403230955063,0.0983749133992942,0.04707915093175667,-0.55,13.4,1.0
Frank Kaminsky,27.125,104.65,23.4,15.0,1.2,5.4,2.25,1.25,1.3,0.75,1.325,0.47948416167166164,0.2391666666666666,0.5841269841269842,0.2422036571448652,0.11197448361322197,0.23465699954641775,1.6,13.4,1.0
Jordan Smith,0.85,0.0,0.0,0.0,0.025,0.025,0.0,0.0,0.0,0.0,0.075,0.0,0.0,0.0,0.0027615076027607565,0.007480203619909502,0.0,0.0,13.4,0.0
Josh Gasser,27.675,114.4,9.15,5.825,0.55,2.375,1.425,0.425,0.175,0.575,1.85,0.4208333333333334,0.33702380952380956,0.4375,0.03114202490248332,0.14558850413862023,0.07910621161793957,0.65,13.4,0.0
Nigel Hayes,27.95,105.3,17.675,10.575,1.75,3.725,1.7,1.075,0.375,0.75,1.55,0.4693407287157287,0.32446428571428576,0.5232007575757577,0.15443320432050217,0.10152515419736781,0.19265614603640657,0.1,13.4,1.0
Riley Dearring,0.95,0.0,0.0,0.275,0.0,0.1,0.025,0.125,0.0,0.025,0.125,0.025,0.0625,0.0,0.0020773467432950187,0.009351769553975436,0.0027777777777777775,-0.2,13.4,0.0
Sam Dekker,25.85,100.9,19.15,11.025,1.675,3.0,1.05,0.85,0.425,0.5,0.875,0.5343163780663781,0.24279761904761904,0.4279166666666666,0.1639199157372199,0.15058923150293113,0.12313804805684245,0.15,13.4,1.0
Traevon Jackson,11.625,44.125,8.8,3.975,0.05,0.675,1.225,0.7,0.075,0.45,0.625,0.22330357142857138,0.08583333333333333,0.2525,0.06771608466682086,0.04513232559923737,0.051920588941977444,-0.35,13.4,1.0
Vitto Brown,5.225,21.45,4.0,1.55,0.3,0.775,0.175,0.35,0.2,0.175,0.925,0.2579166666666667,0.0,0.06666666666666667,0.04181585682271247,0.0,0.015657979407979406,0.05,13.4,0.0
Zak Showalter,5.625,30.125,3.8,1.475,0.425,0.55,0.275,0.075,0.1,0.2,0.725,0.18166666666666667,0.0125,0.2625,0.023788894972059892,0.014517263781969667,0.03764766156158162,0.45,13.4,0.0
