,MP,ORtg,%Ps,Pts,OR,DR,A,TO,Blk,Stl,PF,2Pt %,3Pt %,FT %,2Pt %Att,3Pt %Att,FT %Att,Pnts-Prev,Marg
Bates Jones,1.4375,0.0,0.0,0.125,0.15625,0.34375,0.25,0.0625,0.0,0.0,0.1875,0.0625,0.0,0.0,0.006791583897562159,0.004131610576923077,0.0,-0.125,8.875
Carter Collins,5.0625,22.5,4.0,1.125,0.1875,0.40625,0.3125,0.28125,0.03125,0.09375,0.75,0.265625,0.028645833333333332,0.08854166666666667,0.018575698547457917,0.019978578483788253,0.020790841103341104,-0.3125,8.875
Dusan Kovacevic,2.34375,9.03125,2.0,0.75,0.0625,0.53125,0.09375,0.15625,0.03125,0.03125,0.375,0.08229166666666667,0.03125,0.078125,0.01895268409477672,0.004094534536344881,0.013264538770053477,-0.1875,8.875
Jon Axel Gudmundsson,35.6875,118.03125,21.5625,13.0,0.4375,5.625,5.125,2.15625,0.03125,1.375,1.6875,0.5238095238095237,0.3796875,0.6223214285714286,0.16415947596250854,0.16879142099046057,0.24921135594389274,-1.5,8.875
Jordan Watkins,3.09375,12.65625,2.15625,0.90625,0.03125,0.25,0.25,0.15625,0.0,0.125,0.21875,0.03125,0.125,0.0,0.0039308692226890755,0.019079258687995645,0.0,-0.0625,8.875
Kellan Grady,35.125,119.28125,22.5625,18.03125,0.6875,2.5625,1.9375,1.0,0.09375,0.8125,2.0625,0.5719212211399711,0.3639880952380952,0.48463541666666665,0.24095983451325712,0.22277062813095322,0.1739837240986138,-0.1875,8.875
KiShawn Pritchett,25.25,117.3125,15.9375,5.90625,0.6875,1.46875,3.375,1.8125,0.28125,0.53125,1.625,0.3052083333333333,0.42109375,0.2578125,0.05644755822834867,0.10040352445075072,0.045780547067311765,-2.0,8.875
Malcolm Wynter,0.8125,0.0,0.0,0.28125,0.03125,0.03125,0.0,0.03125,0.0,0.0,0.03125,0.0,0.046875,0.046875,0.0009765625,0.004948885549001815,0.008140756302521007,-0.0625,8.875
Oskar Michelsen,16.78125,110.3125,15.53125,5.53125,0.625,1.875,0.65625,0.59375,0.25,0.4375,2.75,0.43750000000000006,0.30644841269841266,0.1605902777777778,0.04186304519095162,0.10445053599444658,0.054751888736263736,0.1875,8.875
Peyton Aldridge,37.65625,121.8125,26.59375,21.53125,1.40625,6.34375,2.5,1.21875,0.59375,0.40625,1.5,0.5460594093406593,0.3628404581529582,0.7626736111111111,0.3377176109508768,0.22258774560833833,0.34287665459540456,-0.4375,8.875
Rusty Reigel,18.875,126.25,10.71875,3.84375,0.53125,2.0625,1.71875,0.75,0.03125,0.53125,1.9375,0.296875,0.4661458333333333,0.171875,0.024388152502195278,0.0638575467650338,0.044851250159154574,-0.375,8.875
Will Magarity,19.28125,99.75,13.15625,5.34375,1.15625,2.84375,0.59375,0.90625,0.625,0.40625,1.84375,0.5787202380952381,0.32812499999999994,0.13541666666666666,0.08523692438937595,0.06490573022596309,0.046348443223443225,0.25,8.875
