,MP,ORtg,%Ps,Pts,OR,DR,A,TO,Blk,Stl,PF,2Pt %,3Pt %,FT %,2Pt %Att,3Pt %Att,FT %Att,Pnts-Prev,Marg,Maj Cont
Adrian Powell,29.7027027027027,90.4054054054054,22.72972972972973,11.837837837837839,1.135135135135135,3.6216216216216215,1.7837837837837838,1.972972972972973,0.2972972972972973,1.6756756756756757,1.8108108108108107,0.39413829413829415,0.3016409266409267,0.41941226941226945,0.19705642705205467,0.24294125932039562,0.13400401633394893,0.0,1.027027027027027,1.0
Austin Witter,29.45945945945946,87.35135135135135,15.135135135135135,5.945945945945946,1.1081081081081081,5.621621621621622,1.945945945945946,1.972972972972973,2.810810810810811,0.8378378378378378,2.7027027027027026,0.46003861003860996,0.20045045045045046,0.1653153153153153,0.1014523917114554,0.1470389056959162,0.053425283303255765,3.3513513513513513,1.027027027027027,1.0
Bruce Beckford,19.675675675675677,80.83783783783784,16.81081081081081,7.027027027027027,1.5135135135135136,2.3783783783783785,0.32432432432432434,1.2972972972972974,0.35135135135135137,0.4864864864864865,1.9189189189189189,0.48480948480948477,0.0,0.39967824967824966,0.15745011591795188,0.002638352638352638,0.09912655806027955,-0.918918918918919,1.027027027027027,1.0
DaMetrius Upchurch,14.0,61.270270270270274,14.297297297297296,4.135135135135135,1.2972972972972974,2.0,0.32432432432432434,1.0,0.2702702702702703,0.2972972972972973,2.27027027027027,0.42039897039897045,0.0,0.22651222651222652,0.09921365007241642,0.0,0.08866008554947175,-0.8648648648648649,1.027027027027027,0.0
Jean Louisme,25.81081081081081,91.45945945945945,20.64864864864865,8.91891891891892,0.918918918918919,2.27027027027027,1.5135135135135136,1.7297297297297298,0.10810810810810811,1.027027027027027,2.4324324324324325,0.39819819819819824,0.2435996435996436,0.6097597597597598,0.08905720938447029,0.2643933780538465,0.12985122336322205,-1.1891891891891893,1.027027027027027,1.0
Jeremy Underwood,21.324324324324323,77.02702702702703,18.054054054054053,5.621621621621622,0.32432432432432434,1.162162162162162,1.7567567567567568,2.4054054054054053,0.0,0.7837837837837838,2.7837837837837838,0.2882882882882883,0.22747747747747746,0.5434362934362934,0.06426796677488812,0.09996571663217056,0.11911053442951869,-3.2432432432432434,1.027027027027027,1.0
Lamont Middleton,29.10810810810811,88.02702702702703,24.89189189189189,11.72972972972973,1.2972972972972974,2.5945945945945947,2.1621621621621623,2.5135135135135136,0.24324324324324326,0.918918918918919,2.054054054054054,0.42775925275925275,0.21441441441441442,0.5971580221580222,0.19460916262316497,0.1548074253004489,0.2723895309242268,-2.7027027027027026,1.027027027027027,1.0
Lawrence Smith,4.783783783783784,11.594594594594595,2.2432432432432434,0.6216216216216216,0.16216216216216217,0.4864864864864865,0.10810810810810811,0.16216216216216217,0.0,0.13513513513513514,0.8918918918918919,0.05405405405405406,0.02702702702702703,0.11711711711711711,0.015424656754119274,0.00921814671814672,0.024239191404397915,-0.05405405405405406,1.027027027027027,0.0
R.J. Buck,8.81081081081081,34.08108108108108,4.5675675675675675,1.4594594594594594,0.40540540540540543,0.7567567567567568,0.24324324324324326,0.4864864864864865,0.05405405405405406,0.2972972972972973,0.7837837837837838,0.21396396396396397,0.08108108108108109,0.12162162162162163,0.027414365655424974,0.02494276158666874,0.025139522577624553,-0.2702702702702703,1.027027027027027,0.0
