,MP,ORtg,%Ps,Pts,OR,DR,A,TO,Blk,Stl,PF,2Pt %,3Pt %,FT %,2Pt %Att,3Pt %Att,FT %Att,Pnts-Prev,Marg,Maj Cont
D.K. Eldridge,27.083333333333332,107.97222222222223,20.77777777777778,11.194444444444445,1.5277777777777777,2.9166666666666665,1.8888888888888888,1.5833333333333333,0.3888888888888889,0.5555555555555556,2.1944444444444446,0.4777627465127465,0.34259259259259256,0.5027837902837903,0.1452998411869701,0.21284782042019998,0.10611964104362859,-1.2777777777777777,10.027777777777779,1.0
Daniel Mullings,31.38888888888889,106.91666666666667,25.86111111111111,15.833333333333334,1.3611111111111112,3.3055555555555554,3.3055555555555554,2.3055555555555554,0.4444444444444444,1.7777777777777777,2.3055555555555554,0.47056107472774134,0.2384259259259259,0.6901038776038777,0.25601609753483656,0.12367191738251661,0.22004449104885243,-0.16666666666666666,10.027777777777779,1.0
Ian Baker,6.722222222222222,31.444444444444443,5.972222222222222,1.9722222222222223,0.08333333333333333,0.4166666666666667,0.5277777777777778,0.4166666666666667,0.0,0.19444444444444445,0.4444444444444444,0.18518518518518517,0.1037037037037037,0.12268518518518517,0.018294931233147238,0.054229728968926715,0.02664652260240495,-0.4444444444444444,10.027777777777779,1.0
K.C. Ross-Miller,22.72222222222222,93.44444444444444,14.055555555555555,6.888888888888889,0.2777777777777778,1.5277777777777777,2.888888888888889,1.6111111111111112,0.0,0.6388888888888888,2.0,0.3512566137566137,0.2675925925925926,0.6426587301587302,0.05842792285576311,0.11760852478100763,0.11341263536059396,-1.9444444444444444,10.027777777777779,0.0
Kevin Aronis,18.333333333333332,123.11111111111111,12.86111111111111,7.277777777777778,0.08333333333333333,1.2777777777777777,0.3055555555555556,0.4722222222222222,0.1111111111111111,0.3055555555555556,1.3611111111111112,0.16203703703703703,0.41144179894179894,0.1527777777777778,0.01572720195055119,0.3273059722353315,0.019431898662807562,-0.1111111111111111,10.027777777777779,1.0
Matej Buovac,5.361111111111111,13.805555555555555,2.4722222222222223,1.4444444444444444,0.19444444444444445,0.2777777777777778,0.25,0.16666666666666666,0.05555555555555555,0.027777777777777776,0.3055555555555556,0.05555555555555555,0.11633597883597882,0.06944444444444445,0.005969944366001714,0.08093619963067397,0.01168904379072094,-0.16666666666666666,10.027777777777779,0.0
Remi Barry,3.138888888888889,14.472222222222221,2.2222222222222223,1.5277777777777777,0.2777777777777778,0.4444444444444444,0.1388888888888889,0.1111111111111111,0.08333333333333333,0.0,0.25,0.11342592592592594,0.0,0.13333333333333333,0.02372702035875706,0.0016339869281045754,0.0205566601787532,-0.05555555555555555,10.027777777777779,0.0
Renaldo Dixon,23.583333333333332,109.91666666666667,16.416666666666668,7.972222222222222,1.9166666666666667,3.361111111111111,0.8888888888888888,1.3333333333333333,0.8611111111111112,0.4166666666666667,1.9444444444444444,0.513183421516755,0.037037037037037035,0.5572641093474426,0.12667960662816086,0.02481525727504325,0.09813601355407181,-0.1111111111111111,10.027777777777779,1.0
Sim Bhullar,21.13888888888889,87.44444444444444,17.02777777777778,8.305555555555555,2.1666666666666665,4.166666666666667,1.1666666666666667,1.75,2.75,0.08333333333333333,2.1666666666666665,0.5376704314204315,0.0,0.41220238095238093,0.13085832636503547,0.0,0.10606630788996249,2.1666666666666665,10.027777777777779,1.0
Travon Landry,9.694444444444445,51.44444444444444,6.944444444444445,1.8611111111111112,0.1111111111111111,0.6111111111111112,0.8055555555555556,0.5555555555555556,0.0,0.19444444444444445,0.5555555555555556,0.1925925925925926,0.08333333333333333,0.23765432098765432,0.02152545180396038,0.029172814600418134,0.04704406491746798,-0.7222222222222222,10.027777777777779,0.0
Tshilidzi Nephawe,26.694444444444443,103.91666666666667,21.583333333333332,10.805555555555555,2.5277777777777777,5.083333333333333,0.6111111111111112,1.9444444444444444,1.4166666666666667,0.3888888888888889,2.9166666666666665,0.5310044893378226,0.0,0.6056196889530221,0.16969587793903862,0.0,0.2030749431729583,-0.2777777777777778,10.027777777777779,1.0
