,MP,ORtg,%Ps,Pts,OR,DR,A,TO,Blk,Stl,PF,2Pt %,3Pt %,FT %,2Pt %Att,3Pt %Att,FT %Att,Pnts-Prev,Marg,Maj Cont
Cezar Guerrero,24.714285714285715,98.97142857142858,16.428571428571427,8.028571428571428,0.5428571428571428,2.5142857142857142,2.342857142857143,1.2285714285714286,0.0,0.8285714285714286,2.6285714285714286,0.3277777777777778,0.31730158730158725,0.37936507936507935,0.06638034261832111,0.2099016779531733,0.09061298380230512,-0.8,4.742857142857143,1.0
Cullen Russo,24.17142857142857,98.0,17.02857142857143,7.514285714285714,1.5714285714285714,4.228571428571429,1.6571428571428573,1.0857142857142856,0.5714285714285714,1.542857142857143,2.942857142857143,0.45302721088435377,0.13809523809523805,0.41010204081632645,0.1135007134749343,0.0877180284972153,0.12294687511619054,2.057142857142857,4.742857142857143,1.0
Jahmel Taylor,6.9714285714285715,49.97142857142857,5.628571428571429,2.5428571428571427,0.2571428571428571,0.5428571428571428,0.4857142857142857,0.14285714285714285,0.02857142857142857,0.2571428571428571,0.7142857142857143,0.07142857142857142,0.1593877551020408,0.11428571428571428,0.005953329795275084,0.07839282487454644,0.02285140670233838,0.2857142857142857,4.742857142857143,1.0
Julien Lewis,21.571428571428573,87.37142857142857,18.685714285714287,8.085714285714285,0.4,2.057142857142857,1.6,1.1428571428571428,0.14285714285714285,1.1714285714285715,2.4571428571428573,0.3688888888888888,0.22663265306122451,0.3395238095238095,0.12415984427737747,0.08886753707739994,0.0741042713972395,0.34285714285714286,4.742857142857143,1.0
Karachi Edo,21.485714285714284,98.08571428571429,17.057142857142857,8.8,2.914285714285714,2.7714285714285714,0.37142857142857144,0.8285714285714286,1.4,0.2857142857142857,2.2,0.4777549434692291,0.0,0.47952380952380946,0.1445452773022099,0.0016806722689075631,0.1510476621099378,1.7142857142857142,4.742857142857143,1.0
Lionel Ellison,12.285714285714286,51.94285714285714,6.171428571428572,1.457142857142857,0.2571428571428571,1.1428571428571428,0.9714285714285714,0.5142857142857142,0.05714285714285714,0.4857142857142857,1.3714285714285714,0.13809523809523808,0.07142857142857142,0.26632653061224487,0.01778620422748212,0.03144378272167318,0.0500635116523268,0.05714285714285714,4.742857142857143,0.0
Marvelle Harris,35.6,104.4,28.34285714285714,20.02857142857143,0.5142857142857142,4.0285714285714285,4.285714285714286,2.1142857142857143,0.6,2.1142857142857143,2.857142857142857,0.4385773913294921,0.30699546485260765,0.6259227373933256,0.2579400164794494,0.3118558011404022,0.2747880359703493,1.2,4.742857142857143,1.0
Paul Watson,20.714285714285715,78.51428571428572,12.142857142857142,6.542857142857143,0.6857142857142857,2.057142857142857,0.6,0.9428571428571428,0.45714285714285713,0.5714285714285714,1.8571428571428572,0.36968253968253967,0.2619047619047619,0.31952380952380954,0.07932551107177419,0.14413712711191703,0.07135709884923738,0.17142857142857143,4.742857142857143,1.0
Sam Bittner,4.714285714285714,8.028571428571428,0.7714285714285715,0.5428571428571428,0.05714285714285714,0.42857142857142855,0.14285714285714285,0.02857142857142857,0.02857142857142857,0.08571428571428572,0.5428571428571428,0.02857142857142857,0.05714285714285714,0.02857142857142857,0.0021804511278195487,0.017431119783336533,0.0068480725623582765,0.17142857142857143,4.742857142857143,0.0
Terrell Carter,8.371428571428572,41.08571428571429,6.314285714285714,3.2,0.8285714285714286,1.1428571428571428,0.17142857142857143,0.8285714285714286,0.22857142857142856,0.17142857142857143,1.8857142857142857,0.36428571428571427,0.0,0.3028571428571428,0.048342626323147314,0.0,0.038809757955386825,-0.8571428571428571,4.742857142857143,0.0
Torren Jones,15.8,60.77142857142857,12.742857142857142,6.314285714285714,2.0285714285714285,2.6857142857142855,0.4,1.1142857142857143,0.34285714285714286,0.45714285714285713,1.6571428571428573,0.29817078346490106,0.0,0.2952380952380952,0.1113142547307809,0.0,0.0679988953109015,-0.6285714285714286,4.742857142857143,0.0
