,MP,ORtg,%Ps,Pts,OR,DR,A,TO,Blk,Stl,PF,2Pt %,3Pt %,FT %,2Pt %Att,3Pt %Att,FT %Att,Pnts-Prev,Marg,Maj Cont
Amida Brimah,13.6,76.4,9.525,3.65,1.15,1.5,0.225,0.65,2.125,0.1,2.4,0.47547619047619055,0.0,0.26708333333333334,0.058495711020756666,0.0,0.06957424097641488,3.15,7.425,1.0
DeAndre Daniels,22.5,82.925,17.55,10.0,1.225,3.4,0.4,1.175,1.15,0.55,1.85,0.3579819832944832,0.31416666666666665,0.4379166666666666,0.1629940791461562,0.1288520188186277,0.09206108090121232,1.05,7.425,1.0
Kentan Facey,3.075,11.95,1.775,0.85,0.375,0.65,0.1,0.075,0.175,0.05,0.75,0.0975,0.0375,0.1,0.015215889808742545,0.004077540106951871,0.008890829882677708,0.3,7.425,0.0
Lasan Kromah,19.875,79.35,14.0,5.525,0.5,1.975,1.025,1.15,0.35,0.975,1.225,0.37706349206349205,0.21833333333333335,0.30666666666666664,0.09542045104520222,0.07700726537487877,0.06652584070518852,0.35,7.425,1.0
Leon Tolksdorf,1.175,6.45,1.7,0.375,0.075,0.15,0.1,0.075,0.0,0.025,0.125,0.0375,0.029166666666666664,0.0,0.005260649714431227,0.01874374550458142,0.0,-0.1,7.425,0.0
Niels Giffey,19.875,108.2,13.0,7.25,0.9,2.025,0.675,0.825,0.425,0.6,1.95,0.4541666666666667,0.37428571428571433,0.3273809523809524,0.04924326780994957,0.13792086582596744,0.06124918021374941,0.4,7.425,1.0
Omar Calhoun,10.6,37.925,10.175,3.05,0.25,0.875,0.3,0.75,0.1,0.175,0.55,0.19,0.11242063492063492,0.15119047619047618,0.03500652623542809,0.11033426948587972,0.030048966588134503,-0.95,7.425,0.0
Phillip Nolan,12.0,76.875,9.525,3.025,0.875,1.225,0.175,0.5,0.4,0.15,2.05,0.37192460317460313,0.0,0.2375,0.05699222086760399,0.0,0.04499536373449417,0.1,7.425,1.0
Ryan Boatright,26.05,85.975,19.15,9.75,0.475,2.375,2.9,1.65,0.15,1.25,1.35,0.31311507936507943,0.30583333333333323,0.6196455627705627,0.15562489314655298,0.13891643393474054,0.17994808033907053,-0.5,7.425,1.0
Shabazz Napier,29.65,101.125,23.45,14.825,0.875,4.15,4.2,2.325,0.325,1.45,1.85,0.3992146742146742,0.352129329004329,0.7190200077700079,0.16955667425162102,0.2240354916299357,0.24862409640282465,-1.1,7.425,1.0
Terrence Samuel,4.7,14.975,3.0,1.125,0.025,0.45,0.5,0.4,0.0,0.25,0.225,0.2525,0.0,0.12041666666666666,0.01999250880856433,0.0013157894736842105,0.026149147953495776,-0.3,7.425,0.0
Tyler Olander,6.55,29.35,3.3,1.45,0.45,0.55,0.075,0.1,0.075,0.3,1.025,0.2125,0.05,0.15208333333333332,0.026197128144991182,0.008796579844752548,0.02193317230273752,0.55,7.425,0.0
