,MP,ORtg,%Ps,Pts,OR,DR,A,TO,Blk,Stl,PF,2Pt %,3Pt %,FT %,2Pt %Att,3Pt %Att,FT %Att,Pnts-Prev,Marg,Maj Cont
Bernard Thompson,27.27027027027027,102.62162162162163,23.135135135135137,12.891891891891891,1.2432432432432432,2.810810810810811,1.6216216216216217,2.0,0.10810810810810811,2.5945945945945947,2.2972972972972974,0.46785129285129284,0.3267696267696268,0.49504504504504504,0.17948968174568858,0.17565536367818088,0.1647901873581642,1.4054054054054055,5.918918918918919,1.0
Brett Comer,24.56756756756757,82.0,22.756756756756758,7.27027027027027,0.6486486486486487,2.189189189189189,5.756756756756757,3.2972972972972974,0.16216216216216217,1.4324324324324325,1.6486486486486487,0.414118014118014,0.12207207207207207,0.4391891891891892,0.1466910907761233,0.06474507746499267,0.11330563678288812,-3.4054054054054053,5.918918918918919,1.0
Chase Fieler,25.10810810810811,117.24324324324324,19.486486486486488,11.216216216216216,2.108108108108108,2.891891891891892,1.4594594594594594,1.4054054054054055,1.1891891891891893,0.9459459459459459,2.6486486486486487,0.5873493623493624,0.2770270270270271,0.4782496782496783,0.1394717747475031,0.11246310184731838,0.14220387975772283,1.4594594594594594,5.918918918918919,1.0
Christophe Varidel,14.945945945945946,74.21621621621621,18.216216216216218,5.594594594594595,0.32432432432432434,1.4054054054054055,0.5675675675675675,1.4594594594594594,0.0,0.4594594594594595,1.2702702702702702,0.2954954954954955,0.2444015444015444,0.4083011583011583,0.04510651655431479,0.14356560861903972,0.07394597246899037,-2.0,5.918918918918919,1.0
Dajuan Graf,12.35135135135135,76.05405405405405,9.91891891891892,2.2972972972972974,0.13513513513513514,1.3783783783783783,1.3243243243243243,0.7567567567567568,0.02702702702702703,0.6486486486486487,0.972972972972973,0.2698198198198198,0.02702702702702703,0.3045045045045045,0.04743762252751547,0.008162974355429597,0.05953262868224506,-0.16216216216216217,5.918918918918919,0.0
Eddie Murray,15.378378378378379,94.62162162162163,10.621621621621621,3.3783783783783785,1.5405405405405406,1.162162162162162,0.32432432432432434,0.6216216216216216,0.3783783783783784,0.2972972972972973,1.7297297297297298,0.43828828828828836,0.04054054054054054,0.36261261261261263,0.052917347711732454,0.016245201861727964,0.06724788616092964,0.10810810810810811,5.918918918918919,0.0
Eric McKnight,19.135135135135137,95.0,16.43243243243243,6.1891891891891895,1.3513513513513513,2.891891891891892,0.2972972972972973,1.2972972972972974,1.135135135135135,0.32432432432432434,2.7027027027027026,0.5564242814242814,0.0,0.3974259974259975,0.11120209508880598,0.0,0.11765867225484938,0.32432432432432434,5.918918918918919,1.0
Filip Cvjeticanin,11.945945945945946,56.648648648648646,10.64864864864865,3.3783783783783785,0.4594594594594595,1.5405405405405406,0.21621621621621623,0.43243243243243246,0.13513513513513514,0.13513513513513514,0.5675675675675675,0.20990990990990988,0.1805019305019305,0.19369369369369369,0.025659661093538122,0.14584193158739087,0.03500488244733769,-0.32432432432432434,5.918918918918919,0.0
Sherwood Brown,30.35135135135135,105.0,20.91891891891892,14.027027027027026,1.4324324324324325,4.486486486486487,1.135135135135135,1.7027027027027026,0.2702702702702703,1.2972972972972974,1.7297297297297298,0.4828000078000078,0.31086931086931086,0.5193050193050194,0.1709431286736971,0.2522396595048388,0.14522917300579163,-0.2702702702702703,5.918918918918919,1.0
