,MP,ORtg,%Ps,Pts,OR,DR,A,TO,Blk,Stl,PF,2Pt %,3Pt %,FT %,2Pt %Att,3Pt %Att,FT %Att,Pnts-Prev,Marg,Maj Cont
Andre Hollins,28.08823529411765,108.67647058823529,23.5,13.058823529411764,0.5588235294117647,2.735294117647059,3.235294117647059,2.1470588235294117,0.2647058823529412,1.0,2.176470588235294,0.381718444953739,0.37336070791953146,0.6522193492781729,0.12921211886729841,0.32339293506806743,0.16340655792062442,-1.7647058823529411,6.352941176470588,1.0
Andre Ingram,9.352941176470589,38.794117647058826,5.323529411764706,1.588235294117647,0.7647058823529411,0.7941176470588235,0.08823529411764706,0.47058823529411764,0.38235294117647056,0.4411764705882353,1.1470588235294117,0.24299719887955185,0.0,0.18823529411764706,0.03890900268282776,0.0,0.039710390601770174,0.7058823529411765,6.352941176470588,0.0
Austin Hollins,27.647058823529413,113.58823529411765,18.941176470588236,9.970588235294118,1.3823529411764706,1.7058823529411764,2.323529411764706,1.2352941176470589,0.4411764705882353,1.588235294117647,1.7058823529411764,0.42413632119514477,0.2887605042016807,0.517577030812325,0.10536315041678225,0.2808280163292417,0.1211749188355176,1.588235294117647,6.352941176470588,1.0
Elliott Eliason,12.382352941176471,81.76470588235294,9.323529411764707,2.0,1.0,2.2058823529411766,0.8529411764705882,0.6764705882352942,1.0588235294117647,0.2647058823529412,1.6764705882352942,0.3740196078431372,0.0,0.19117647058823528,0.0443009409304024,0.0021008403361344537,0.02719445137603705,1.2941176470588236,6.352941176470588,1.0
Joe Coleman,24.823529411764707,92.05882352941177,19.38235294117647,8.205882352941176,1.2352941176470589,2.2941176470588234,1.4411764705882353,1.911764705882353,0.29411764705882354,1.088235294117647,1.6470588235294117,0.4333889966242907,0.18137254901960784,0.42892156862745096,0.1648027523272568,0.05052953813811502,0.09221542937279359,-1.0588235294117647,6.352941176470588,1.0
Julian Welch,11.617647058823529,63.411764705882355,10.264705882352942,2.8529411764705883,0.11764705882352941,1.1176470588235294,1.3529411764705883,0.6764705882352942,0.058823529411764705,0.5588235294117647,0.8235294117647058,0.29516806722689076,0.15931372549019607,0.11192810457516339,0.04509785224027861,0.063620702381857,0.0393813951039015,-0.11764705882352941,6.352941176470588,0.0
Maurice Walker,5.470588235294118,16.205882352941178,4.852941176470588,1.8529411764705883,0.7647058823529411,0.8823529411764706,0.29411764705882354,0.5588235294117647,0.058823529411764705,0.08823529411764706,0.7058823529411765,0.22941176470588237,0.0,0.24509803921568624,0.03790225102209638,0.0,0.042085580423176325,-0.8235294117647058,6.352941176470588,0.0
Maverick Ahanmisi,10.147058823529411,58.911764705882355,7.294117647058823,3.323529411764706,0.2647058823529412,0.5294117647058824,0.9117647058823529,0.7941176470588235,0.029411764705882353,0.4117647058823529,0.9411764705882353,0.21862745098039216,0.2372549019607843,0.28431372549019607,0.020029582506299864,0.09149865930412952,0.043257142592180955,-0.7058823529411765,6.352941176470588,0.0
Oto Osenieks,7.617647058823529,32.1764705882353,5.794117647058823,1.9705882352941178,0.4117647058823529,1.088235294117647,0.6470588235294118,0.5882352941176471,0.11764705882352941,0.2647058823529412,0.7941176470588235,0.18823529411764706,0.0392156862745098,0.24019607843137258,0.03331992393427798,0.04557563373397386,0.037973528318796856,-0.4117647058823529,6.352941176470588,0.0
Rodney Williams,25.970588235294116,95.91176470588235,18.38235294117647,9.382352941176471,2.0588235294117645,2.588235294117647,1.5,1.4705882352941178,1.2647058823529411,0.7058823529411765,2.176470588235294,0.46330972948620003,0.20098039215686272,0.45385154061624655,0.16079976889517644,0.08179191000259865,0.13755080395369249,1.0,6.352941176470588,1.0
Trevor Mbakwe,23.38235294117647,103.55882352941177,23.441176470588236,9.382352941176471,3.088235294117647,5.088235294117647,1.0294117647058822,1.911764705882353,1.411764705882353,0.6764705882352942,2.2941176470588234,0.5286998132586369,0.0,0.5701447245564892,0.16143912676553845,0.001838235294117647,0.19722627208974441,0.35294117647058826,6.352941176470588,1.0
