,MP,ORtg,%Ps,Pts,OR,DR,A,TO,Blk,Stl,PF,2Pt %,3Pt %,FT %,2Pt %Att,3Pt %Att,FT %Att,Pnts-Prev,Marg,Maj Cont
Ahmed Hamdy,12.142857142857142,63.34285714285714,17.0,5.4,1.1714285714285715,2.3714285714285714,0.2,1.1714285714285715,0.4857142857142857,0.2857142857142857,2.2285714285714286,0.4151422387136673,0.0,0.3884126984126984,0.10231355881302802,0.0,0.12528345782674627,-0.8,8.028571428571428,1.0
De'Riante Jenkins,7.171428571428572,45.8,5.742857142857143,2.5428571428571427,0.22857142857142856,0.7714285714285715,0.3142857142857143,0.3142857142857143,0.08571428571428572,0.2,0.6,0.16666666666666666,0.17095238095238097,0.0895238095238095,0.023224584726606292,0.049869373372961566,0.024356699201419696,-0.05714285714285714,8.028571428571428,0.0
Doug Brooks,20.17142857142857,90.54285714285714,15.714285714285714,5.6,0.4857142857142857,2.342857142857143,1.9142857142857144,1.0,0.11428571428571428,1.6,3.0,0.3761904761904762,0.2491836734693878,0.33639455782312927,0.04328834824198857,0.18849058384030778,0.07584663140563762,1.4285714285714286,8.028571428571428,0.0
JeQuan Lewis,30.228571428571428,109.51428571428572,23.4,14.314285714285715,0.2,2.6,4.457142857142857,2.4,0.08571428571428572,1.6857142857142857,2.3714285714285714,0.49034013605442167,0.3537105751391466,0.659467120181406,0.09934639163582779,0.36785529977323506,0.17419846114027596,-1.2571428571428571,8.028571428571428,1.0
Jonathan Williams,22.82857142857143,94.11428571428571,19.885714285714286,7.914285714285715,0.11428571428571428,1.9428571428571428,2.942857142857143,1.3714285714285714,0.17142857142857143,0.6,1.3142857142857143,0.45375283446712017,0.014285714285714285,0.4625850340136054,0.153844239884545,0.02712425581438008,0.10681471980257998,-1.2,8.028571428571428,1.0
Jordan Burgess,20.457142857142856,96.85714285714286,12.314285714285715,4.542857142857143,0.8571428571428571,2.5428571428571427,1.0,0.8285714285714286,0.2571428571428571,0.6857142857142857,2.6,0.38785714285714284,0.27476190476190476,0.1238095238095238,0.06106988919440507,0.10765144829347081,0.03387580121741612,0.22857142857142856,8.028571428571428,1.0
Justin Tillman,23.2,100.54285714285714,18.742857142857144,11.371428571428572,2.7142857142857144,5.314285714285714,0.34285714285714286,0.9142857142857143,0.42857142857142855,0.2571428571428571,2.085714285714286,0.5297941344369916,0.0,0.38061224489795925,0.20005331556690975,0.0014285714285714286,0.1217363089204168,-0.45714285714285713,8.028571428571428,1.0
Malik Crowfield,9.485714285714286,45.17142857142857,5.171428571428572,2.085714285714286,0.2571428571428571,0.45714285714285713,0.34285714285714286,0.3142857142857143,0.11428571428571428,0.22857142857142856,0.8285714285714286,0.07142857142857142,0.20333333333333334,0.02857142857142857,0.0051997508967030846,0.0938443991065583,0.004551820728291316,0.05714285714285714,8.028571428571428,0.0
Marquell Fraser,1.6285714285714286,3.1714285714285713,0.5142857142857142,0.4,0.02857142857142857,0.11428571428571428,0.05714285714285714,0.14285714285714285,0.0,0.02857142857142857,0.2571428571428571,0.05,0.0,0.1,0.004620716211012707,0.001142857142857143,0.008267708421161106,-0.22857142857142856,8.028571428571428,0.0
Mo Alie-Cox,25.714285714285715,100.91428571428571,17.885714285714286,9.457142857142857,2.142857142857143,2.0,1.0285714285714285,1.542857142857143,2.0285714285714285,0.8,2.4857142857142858,0.4888559059987632,0.0,0.5923129251700681,0.15653631300087403,0.0,0.1470636546259035,2.5714285714285716,8.028571428571428,1.0
Samir Doughty,22.62857142857143,90.05714285714286,22.34285714285714,8.714285714285714,0.8285714285714286,2.7714285714285714,2.1142857142857143,1.8571428571428572,0.05714285714285714,0.8857142857142857,2.0285714285714285,0.453785975928833,0.22952380952380952,0.6046598639455782,0.11523758570565068,0.13145035408480069,0.14231045899906722,-1.8285714285714285,8.028571428571428,1.0
Torey Burston,1.5142857142857142,4.9714285714285715,0.9428571428571428,0.2,0.05714285714285714,0.17142857142857143,0.11428571428571428,0.11428571428571428,0.0,0.05714285714285714,0.08571428571428572,0.02857142857142857,0.0,0.02142857142857143,0.006693877551020408,0.0025714285714285713,0.007122849139655862,-0.11428571428571428,8.028571428571428,0.0
