,MP,ORtg,%Ps,Pts,OR,DR,A,TO,Blk,Stl,PF,2Pt %,3Pt %,FT %,2Pt %Att,3Pt %Att,FT %Att,Pnts-Prev,Marg,Maj Cont
Casey Benson,25.736842105263158,112.44736842105263,9.631578947368421,5.2105263157894735,0.42105263157894735,1.605263157894737,2.710526315789474,0.6052631578947368,0.02631578947368421,0.6052631578947368,1.5263157894736843,0.40877192982456134,0.2609649122807018,0.31359649122807015,0.050562406003247726,0.11079240014162545,0.055920833778500385,0.05263157894736842,8.68421052631579,1.0
Chris Boucher,23.55263157894737,111.57894736842105,17.526315789473685,10.789473684210526,2.3684210526315788,4.394736842105263,0.34210526315789475,0.9736842105263158,2.789473684210526,0.7368421052631579,2.473684210526316,0.5722431077694236,0.2526315789473685,0.5194548872180451,0.10723981688000828,0.13529923739490088,0.1459820459465343,5.105263157894737,8.68421052631579,1.0
Dillon Brooks,29.42105263157895,101.52631578947368,22.92105263157895,15.0,1.894736842105263,3.1578947368421053,2.763157894736842,2.1578947368421053,0.34210526315789475,1.0526315789473684,2.6578947368421053,0.45386368017946965,0.2554511278195489,0.7156641604010026,0.21836548078531756,0.15944365784043685,0.1614979279635593,-1.5263157894736843,8.68421052631579,1.0
Dwayne Benjamin,20.157894736842106,82.65789473684211,15.842105263157896,7.184210526315789,0.5263157894736842,2.210526315789474,0.8421052631578947,0.9210526315789473,0.2631578947368421,1.0,1.368421052631579,0.3991228070175438,0.2359649122807017,0.37456140350877193,0.07229391284311798,0.17577217625931416,0.07678657164540188,0.6842105263157895,8.68421052631579,1.0
Elgin Cook,28.36842105263158,96.73684210526316,21.0,13.0,1.368421052631579,3.0526315789473686,1.9736842105263157,1.9210526315789473,0.3157894736842105,1.368421052631579,2.6052631578947367,0.438929710640237,0.20482456140350874,0.5992822966507177,0.20495911751949233,0.08093173911547498,0.1982835992836322,-0.47368421052631576,8.68421052631579,1.0
Jordan Bell,13.842105263157896,71.07894736842105,14.026315789473685,4.868421052631579,1.0526315789473684,2.289473684210526,0.9473684210526315,1.2105263157894737,1.131578947368421,0.7631578947368421,1.7894736842105263,0.3843529277739804,0.0,0.23734335839598997,0.08992606588109459,0.002700831024930748,0.058436900447549754,1.368421052631579,8.68421052631579,1.0
Kendall Small,6.7894736842105265,28.105263157894736,4.7631578947368425,1.5263157894736843,0.02631578947368421,0.5526315789473685,0.6052631578947368,0.39473684210526316,0.02631578947368421,0.5,0.9210526315789473,0.23421052631578948,0.02631578947368421,0.15131578947368418,0.02670695460330125,0.010824577039747318,0.03788267985055582,0.2631578947368421,8.68421052631579,0.0
Roman Sorkin,2.973684210526316,16.0,1.5526315789473684,0.8947368421052632,0.15789473684210525,0.3157894736842105,0.10526315789473684,0.10526315789473684,0.02631578947368421,0.02631578947368421,0.34210526315789475,0.13157894736842105,0.05263157894736842,0.07236842105263158,0.008844722703834988,0.0192923650286687,0.007530189109136477,-0.10526315789473684,8.68421052631579,0.0
Trevor Manuel,1.6842105263157894,3.0526315789473686,1.2105263157894737,0.2631578947368421,0.02631578947368421,0.21052631578947367,0.07894736842105263,0.07894736842105263,0.23684210526315788,0.02631578947368421,0.42105263157894735,0.061403508771929814,0.0,0.030701754385964914,0.004775915638828736,0.007185946148794446,0.0075910931174089065,0.3684210526315789,8.68421052631579,0.0
Tyler Dorsey,25.263157894736842,93.6842105263158,18.263157894736842,11.657894736842104,1.131578947368421,2.5,1.7105263157894737,1.6578947368421053,0.13157894736842105,0.7105263157894737,1.736842105263158,0.38685013816592767,0.3388471177944861,0.5262303485987697,0.11106244924701969,0.19249391211136962,0.14482500096298412,-1.631578947368421,8.68421052631579,1.0
