,MP,ORtg,%Ps,Pts,OR,DR,A,TO,Blk,Stl,PF,2Pt %,3Pt %,FT %,2Pt %Att,3Pt %Att,FT %Att,Pnts-Prev,Marg,Maj Cont
Chris Thomas,29.428571428571427,89.6,23.62857142857143,11.857142857142858,1.8,2.942857142857143,1.5714285714285714,2.4,0.5428571428571428,1.1428571428571428,2.2285714285714286,0.47064641707498844,0.19071428571428573,0.44633889919604197,0.19989097851484577,0.13810764615828747,0.19562426878227795,-1.4285714285714286,0.7142857142857143,1.0
Christian McCoggle,2.6857142857142855,6.0,0.8571428571428571,0.2,0.34285714285714286,0.45714285714285713,0.05714285714285714,0.08571428571428572,0.11428571428571428,0.02857142857142857,0.45714285714285713,0.02142857142857143,0.0,0.03571428571428571,0.004583651642475173,0.0,0.010744433277406422,0.11428571428571428,0.7142857142857143,0.0
David Blanks,21.457142857142856,94.37142857142857,12.857142857142858,6.085714285714285,0.8,2.3714285714285714,1.542857142857143,1.2285714285714286,0.0,0.5714285714285714,1.2857142857142858,0.43274376417233557,0.21619047619047618,0.37752834467120183,0.07142070490490124,0.07837371409529746,0.09181317532587238,-1.3142857142857143,0.7142857142857143,1.0
Deverell Biggs,20.714285714285715,70.05714285714286,16.914285714285715,8.457142857142857,0.37142857142857144,1.9714285714285715,1.4285714285714286,1.9142857142857144,0.17142857142857143,1.1714285714285715,1.8,0.33943516800659657,0.260952380952381,0.3958049886621315,0.13496933162943478,0.1206981439122085,0.07711565425432565,-1.1428571428571428,0.7142857142857143,1.0
Giovanni Mack,6.371428571428571,23.34285714285714,2.914285714285714,1.2,0.08571428571428572,0.5142857142857142,0.4,0.22857142857142856,0.02857142857142857,0.17142857142857143,0.45714285714285713,0.09047619047619047,0.12857142857142856,0.1,0.013168391480506648,0.02637860413048383,0.016674225245653818,-0.05714285714285714,0.7142857142857143,0.0
Jason Carter,10.371428571428572,45.82857142857143,14.914285714285715,3.742857142857143,0.37142857142857144,1.1428571428571428,0.08571428571428572,0.9142857142857143,0.3142857142857143,0.37142857142857144,1.6571428571428573,0.21170068027210887,0.13452380952380952,0.19761904761904764,0.0667012753780573,0.09034395314581073,0.05164483626958271,-0.45714285714285713,0.7142857142857143,0.0
Joshua Friar,1.6,2.0285714285714285,0.5142857142857142,0.11428571428571428,0.08571428571428572,0.14285714285714285,0.05714285714285714,0.05714285714285714,0.05714285714285714,0.0,0.2857142857142857,0.04285714285714286,0.0,0.0,0.003058376699681048,0.0,0.004081632653061224,0.0,0.7142857142857143,0.0
Madarious Gibbs,34.114285714285714,88.02857142857142,21.0,12.514285714285714,0.5714285714285714,2.4571428571428573,3.7714285714285714,2.5428571428571427,0.05714285714285714,0.8285714285714286,1.9428571428571428,0.4496179614036757,0.20142857142857143,0.48846938775510207,0.2076657044736646,0.1619365506804693,0.2005828170304351,-3.3142857142857145,0.7142857142857143,1.0
Malcolm Riley,28.34285714285714,108.68571428571428,15.742857142857142,9.942857142857143,1.8857142857142857,4.4,0.5428571428571428,0.8571428571428571,0.08571428571428572,0.9714285714285714,1.9142857142857144,0.45949598021026594,0.24285714285714285,0.5333786848072564,0.1380408169729455,0.10160266091469099,0.1390064779961835,0.4,0.7142857142857143,1.0
Nevin Johnson,10.971428571428572,37.08571428571429,6.057142857142857,2.4857142857142858,0.4857142857142857,1.1142857142857143,0.6,0.6,0.05714285714285714,0.22857142857142856,1.0285714285714285,0.1519047619047619,0.11619047619047618,0.28809523809523807,0.025972494126182372,0.06745466352410183,0.04636494627864356,-0.6285714285714286,0.7142857142857143,0.0
Nick Shepherd,15.685714285714285,72.42857142857143,7.9714285714285715,2.5142857142857142,1.2285714285714286,1.1714285714285715,0.2,0.4,1.542857142857143,0.22857142857142856,2.4571428571428573,0.3123809523809523,0.0,0.26,0.04723138903522595,0.0,0.05945500182562691,2.742857142857143,0.7142857142857143,0.0
Tonnie Collier,14.2,67.88571428571429,14.657142857142857,6.628571428571429,0.7428571428571429,1.7714285714285714,0.2571428571428571,0.8857142857142857,0.05714285714285714,0.22857142857142856,1.2571428571428571,0.3167800453514739,0.23630900845186556,0.37761904761904763,0.049732121717638564,0.16889250279099902,0.07832110248950216,-1.2,0.7142857142857143,1.0
Ty Bynum,2.742857142857143,14.17142857142857,2.4285714285714284,0.4857142857142857,0.0,0.22857142857142856,0.05714285714285714,0.14285714285714285,0.0,0.02857142857142857,0.08571428571428572,0.07142857142857142,0.05714285714285714,0.0,0.008993334853012524,0.017640132076222306,0.0,-0.22857142857142856,0.7142857142857143,0.0
