,MP,ORtg,%Ps,Pts,OR,DR,A,TO,Blk,Stl,PF,2Pt %,3Pt %,FT %,2Pt %Att,3Pt %Att,FT %Att,Pnts-Prev,Marg,Maj Cont
Aaron Craft,33.31428571428572,106.71428571428571,18.2,9.314285714285715,0.3142857142857143,3.1714285714285713,4.571428571428571,2.4285714285714284,0.08571428571428572,2.4285714285714284,2.342857142857143,0.5082653061224489,0.2952380952380952,0.6785487528344671,0.1424973986295253,0.08856875233917903,0.1560768862548633,0.17142857142857143,9.742857142857142,1.0
Amedeo Della Valle,11.085714285714285,54.114285714285714,11.314285714285715,3.742857142857143,0.5428571428571428,1.1142857142857143,0.17142857142857143,0.6,0.22857142857142856,0.2,0.8285714285714286,0.1676190476190476,0.19697278911564622,0.25119047619047624,0.03712236690731929,0.12075064571176333,0.04078716352441359,-0.34285714285714286,9.742857142857142,0.0
Amir Williams,22.6,104.71428571428571,18.0,7.8,2.3142857142857145,3.3142857142857145,0.2571428571428571,1.4285714285714286,1.7142857142857142,0.4,2.5428571428571427,0.6085569985569985,0.0,0.529421768707483,0.1361825448838457,0.0,0.13148981726614323,1.3714285714285714,9.742857142857142,1.0
LaQuinton Ross,27.942857142857143,102.88571428571429,26.571428571428573,14.942857142857143,1.8,4.085714285714285,0.7714285714285715,1.5714285714285714,0.5428571428571428,0.6571428571428571,1.5142857142857142,0.4332296275153418,0.3370408163265306,0.6629008293294006,0.2245190122062071,0.18195067052440664,0.22493672464609574,-0.7428571428571429,9.742857142857142,1.0
Lenzelle Smith,27.97142857142857,106.45714285714286,19.542857142857144,10.82857142857143,1.0,3.9714285714285715,1.5142857142857142,1.0,0.08571428571428572,0.7714285714285715,1.6571428571428573,0.4968210361067505,0.28132653061224483,0.5852947845804989,0.1149740818116769,0.23645309686072724,0.12460924799656892,-0.2857142857142857,9.742857142857142,1.0
Marc Loving,10.628571428571428,53.08571428571429,12.82857142857143,4.257142857142857,0.5428571428571428,1.2,0.2,0.5714285714285714,0.2,0.17142857142857143,1.2571428571428571,0.3028571428571428,0.16,0.4302380952380953,0.04815913196282587,0.08797749144624326,0.08214800544821954,-0.4,9.742857142857142,0.0
Sam Thompson,23.771428571428572,97.8,16.0,7.3428571428571425,0.5428571428571428,2.057142857142857,0.7714285714285715,0.7428571428571429,0.8285714285714286,0.6,1.6571428571428573,0.42887755102040814,0.3233333333333333,0.3380272108843537,0.11744418684419308,0.1235761032987443,0.07993341678694015,1.3714285714285714,9.742857142857142,1.0
Shannon Scott,26.085714285714285,94.85714285714286,18.714285714285715,7.371428571428571,0.6857142857142857,2.5714285714285716,3.2857142857142856,1.8,0.14285714285714285,1.9714285714285715,2.1714285714285713,0.5225510204081633,0.2506802721088435,0.4419047619047619,0.105193277542538,0.13215181124750763,0.07946769305971652,0.6285714285714286,9.742857142857142,1.0
Trey McDonald,11.82857142857143,59.628571428571426,8.142857142857142,2.0285714285714285,0.8857142857142857,0.7142857142857143,0.14285714285714285,0.5714285714285714,0.5428571428571428,0.2,1.9714285714285715,0.37142857142857144,0.0,0.12857142857142856,0.04533657064044015,0.0,0.051979616445610416,0.34285714285714286,9.742857142857142,0.0
