,MP,ORtg,%Ps,Pts,OR,DR,A,TO,Blk,Stl,PF,2Pt %,3Pt %,FT %,2Pt %Att,3Pt %Att,FT %Att,Pnts-Prev,Marg,Maj Cont
Collin Hartman,19.942857142857143,103.57142857142857,10.8,4.514285714285714,0.8571428571428571,1.9142857142857144,1.4285714285714286,0.9428571428571428,0.2571428571428571,0.7142857142857143,2.6,0.4642857142857143,0.29666666666666663,0.23333333333333336,0.04593331556116005,0.09279004185124073,0.02788033934029357,0.05714285714285714,12.228571428571428,1.0
Harrison Niego,3.057142857142857,8.771428571428572,0.4,0.3142857142857143,0.14285714285714285,0.2857142857142857,0.17142857142857143,0.11428571428571428,0.0,0.2,0.4857142857142857,0.05714285714285714,0.05714285714285714,0.014285714285714285,0.003804672184982567,0.008923323797273378,0.005714285714285714,0.17142857142857143,12.228571428571428,0.0
James Blackmon,9.114285714285714,44.97142857142857,9.457142857142857,5.885714285714286,0.4857142857142857,1.0571428571428572,0.6285714285714286,0.7142857142857143,0.14285714285714285,0.45714285714285713,0.5428571428571428,0.18698412698412697,0.15833333333333333,0.24047619047619045,0.056717624803498554,0.10079832488318206,0.03640689928060136,-0.22857142857142856,12.228571428571428,0.0
Juwan Morgan,6.828571428571428,27.37142857142857,3.6285714285714286,1.7428571428571429,0.5428571428571428,1.0571428571428572,0.14285714285714285,0.4,0.2571428571428571,0.2,0.9714285714285714,0.2857142857142857,0.11428571428571428,0.18809523809523812,0.02233493631665228,0.011117810760667902,0.030919242683871646,0.11428571428571428,12.228571428571428,0.0
Max Bielfeldt,15.885714285714286,100.65714285714286,19.428571428571427,7.314285714285714,1.542857142857143,2.5714285714285716,0.6857142857142857,1.0571428571428572,0.45714285714285713,0.8,1.9428571428571428,0.4525396825396826,0.29714285714285715,0.22380952380952382,0.11717083625430083,0.06549744920100577,0.05185998868980868,0.4,12.228571428571428,1.0
Nick Zeisloft,18.17142857142857,119.6,11.085714285714285,6.171428571428572,0.2857142857142857,1.2285714285714286,0.7714285714285715,0.42857142857142855,0.08571428571428572,0.17142857142857143,1.1428571428571428,0.17142857142857143,0.3853061224489795,0.2714285714285714,0.012862520382255414,0.17505449408564067,0.031858686062906295,-0.34285714285714286,12.228571428571428,1.0
OG Anunoby,11.657142857142857,75.0,10.485714285714286,4.057142857142857,1.0571428571428572,1.2857142857142858,0.42857142857142855,0.6857142857142857,0.6571428571428571,0.6571428571428571,1.2857142857142858,0.4560544217687074,0.17142857142857143,0.2714285714285714,0.062242369369777464,0.03047442031243447,0.060459119210672006,1.2571428571428571,12.228571428571428,1.0
Robert Johnson,20.37142857142857,89.4,14.142857142857142,6.542857142857143,0.34285714285714286,2.4857142857142858,2.5142857142857142,1.4285714285714286,0.11428571428571428,0.5428571428571428,1.457142857142857,0.30088435374149664,0.30642857142857144,0.29857142857142854,0.05893608712101925,0.12927088851579846,0.050062921044865004,-1.542857142857143,12.228571428571428,1.0
Ryan Burton,1.9142857142857144,8.2,0.14285714285714285,0.4,0.08571428571428572,0.17142857142857143,0.0,0.02857142857142857,0.0,0.02857142857142857,0.22857142857142856,0.02857142857142857,0.08571428571428572,0.0,0.001913265306122449,0.007452758881330309,0.0035714285714285713,0.0,12.228571428571428,0.0
Thomas Bryant,20.542857142857144,111.8,19.314285714285713,10.6,1.9428571428571428,3.4,0.9142857142857143,1.5142857142857142,0.8285714285714286,0.4,2.5714285714285716,0.6578833071690214,0.10714285714285714,0.5888775510204083,0.1621979647527884,0.013377645930166939,0.18710427281075562,-0.5714285714285714,12.228571428571428,1.0
Troy Williams,23.62857142857143,99.6,23.771428571428572,11.942857142857143,1.3714285714285714,4.057142857142857,1.8285714285714285,2.342857142857143,0.8,1.0571428571428572,1.8857142857142857,0.5347462854605713,0.21428571428571427,0.5213904349618635,0.18249801623960923,0.0753901487350983,0.20975082606813777,-0.9714285714285714,12.228571428571428,1.0
Yogi Ferrell,31.62857142857143,114.22857142857143,22.714285714285715,15.542857142857143,0.9428571428571428,2.6,5.057142857142857,2.3714285714285714,0.02857142857142857,1.0571428571428572,1.457142857142857,0.4328808493094208,0.37519274376417233,0.6472902494331065,0.18767410599354775,0.20413840733187533,0.21869770480808803,-2.5714285714285716,12.228571428571428,1.0
