,MP,ORtg,%Ps,Pts,OR,DR,A,TO,Blk,Stl,PF,2Pt %,3Pt %,FT %,2Pt %Att,3Pt %Att,FT %Att,Pnts-Prev,Marg,Maj Cont
Dallas Ennema,19.060606060606062,77.12121212121212,11.787878787878787,4.878787878787879,0.3939393939393939,1.606060606060606,0.5454545454545454,0.5151515151515151,0.09090909090909091,0.21212121212121213,1.303030303030303,0.3287878787878788,0.22586580086580085,0.23484848484848486,0.05089674238893316,0.14965244242263664,0.053442491556526646,-0.42424242424242425,5.121212121212121,0.0
Evan Singletary,33.72727272727273,104.96969696969697,21.424242424242426,12.636363636363637,0.3939393939393939,3.090909090909091,2.727272727272727,2.0303030303030303,0.18181818181818182,0.8181818181818182,2.090909090909091,0.3961038961038961,0.3834776334776335,0.6121671258034895,0.1627921878460002,0.27134061029712586,0.17281473322923296,-2.0606060606060606,5.121212121212121,1.0
Greig Stire,10.06060606060606,48.54545454545455,8.181818181818182,2.0,0.7272727272727273,1.2424242424242424,0.24242424242424243,0.5151515151515151,0.06060606060606061,0.30303030303030304,1.6363636363636365,0.31363636363636355,0.0,0.22727272727272727,0.044781914572378186,0.0,0.058064855114990335,-0.30303030303030304,5.121212121212121,0.0
Mike Rowley,23.272727272727273,102.33333333333333,11.454545454545455,3.727272727272727,1.7272727272727273,2.515151515151515,0.6363636363636364,0.9393939393939394,0.12121212121212122,0.696969696969697,2.4545454545454546,0.4364161091433818,0.030303030303030304,0.28585858585858587,0.08737985046895168,0.015522046622525092,0.07273027499381428,-0.24242424242424243,5.121212121212121,1.0
Peter Hooley,22.484848484848484,77.84848484848484,16.272727272727273,9.515151515151516,0.36363636363636365,1.7272727272727273,1.6363636363636365,1.3333333333333333,0.0,0.36363636363636365,0.7272727272727273,0.34521404521404525,0.24579124579124578,0.5147907647907648,0.10439625551906818,0.22039509767837945,0.13173047903025017,-1.9393939393939394,5.121212121212121,1.0
Ray Sanders,28.727272727272727,107.24242424242425,20.21212121212121,9.363636363636363,1.2727272727272727,3.121212121212121,2.121212121212121,1.6666666666666667,0.06060606060606061,1.3636363636363635,2.272727272727273,0.47193362193362187,0.2844155844155844,0.6527176527176528,0.1303822766814626,0.1410099736760305,0.17443561655786882,-0.48484848484848486,5.121212121212121,1.0
Richard Peters,10.121212121212121,48.36363636363637,7.96969696969697,2.121212121212121,0.6060606060606061,1.4848484848484849,0.12121212121212122,0.5757575757575758,0.21212121212121213,0.15151515151515152,1.393939393939394,0.4207070707070707,0.0,0.12878787878787878,0.04539204002910459,0.0,0.03316133713730968,-0.42424242424242425,5.121212121212121,0.0
Sam Rowley,31.96969696969697,106.93939393939394,25.12121212121212,13.545454545454545,2.393939393939394,5.03030303030303,1.696969696969697,2.5454545454545454,0.7575757575757576,1.121212121212121,2.6363636363636362,0.5246242393969666,0.0,0.727801827801828,0.2880433516077401,0.006301652892561983,0.21895987590114216,-1.3333333333333333,5.121212121212121,1.0
Tre Green,1.6363636363636365,4.636363636363637,0.9696969696969697,0.5151515151515151,0.0,0.18181818181818182,0.06060606060606061,0.18181818181818182,0.0,0.09090909090909091,0.12121212121212122,0.0505050505050505,0.06060606060606061,0.030303030303030304,0.01147747314413981,0.009106042345558249,0.00937950937950938,-0.18181818181818182,5.121212121212121,0.0
Wheeler Baker,12.424242424242424,62.84848484848485,13.303030303030303,4.9393939393939394,0.15151515151515152,1.0909090909090908,0.3333333333333333,0.8181818181818182,0.09090909090909091,0.30303030303030304,1.121212121212121,0.2323232323232323,0.26398836853382307,0.18585858585858583,0.04415487743919117,0.15636910376215185,0.044977796796325326,-0.8484848484848485,5.121212121212121,0.0
