,MP,ORtg,%Ps,Pts,OR,DR,A,TO,Blk,Stl,PF,2Pt %,3Pt %,FT %,2Pt %Att,3Pt %Att,FT %Att,Pnts-Prev,Marg,Maj Cont
Derrick Walton,31.86842105263158,113.5,21.68421052631579,14.026315789473685,0.39473684210526316,3.9473684210526314,4.315789473684211,1.605263157894737,0.0,1.0526315789473684,1.5,0.4245614035087719,0.38509816207184633,0.6874791144527987,0.1307912981909137,0.22807382021565195,0.25187092690524293,-1.105263157894737,8.526315789473685,1.0
DJ Wilson,27.68421052631579,109.0,16.210526315789473,9.763157894736842,1.4473684210526316,3.5526315789473686,1.263157894736842,1.0263157894736843,1.263157894736842,0.4473684210526316,1.763157894736842,0.5789245841877421,0.29392230576441103,0.3653508771929825,0.1507929902315417,0.10227939136078634,0.08577332400104644,1.368421052631579,8.526315789473685,1.0
Duncan Robinson,18.55263157894737,112.1842105263158,15.263157894736842,7.2368421052631575,0.2631578947368421,1.3421052631578947,0.868421052631579,0.47368421052631576,0.23684210526315788,0.3684210526315789,1.6578947368421053,0.45833333333333326,0.37463450292397665,0.25,0.049637698038115866,0.1506187039096151,0.04322272407226641,0.2631578947368421,8.526315789473685,1.0
Ibi Watson,2.1842105263157894,1.5526315789473684,0.6842105263157895,0.631578947368421,0.0,0.21052631578947367,0.02631578947368421,0.07894736842105263,0.0,0.05263157894736842,0.13157894736842105,0.18421052631578946,0.008771929824561403,0.039473684210526314,0.009744887869887869,0.019574832532498435,0.0038377192982456134,-0.05263157894736842,8.526315789473685,0.0
Jon Teske,1.605263157894737,0.0,0.0,0.13157894736842105,0.18421052631578946,0.13157894736842105,0.05263157894736842,0.02631578947368421,0.18421052631578946,0.07894736842105263,0.2631578947368421,0.013157894736842105,0.0,0.039473684210526314,0.0066690040147390425,0.0008488964346349745,0.010804640835600588,0.47368421052631576,8.526315789473685,0.0
Mark Donnal,11.657894736842104,70.60526315789474,9.078947368421053,3.789473684210526,0.9210526315789473,1.0263157894736843,0.10526315789473684,0.39473684210526316,0.2894736842105263,0.21052631578947367,1.4210526315789473,0.43195488721804504,0.15789473684210525,0.3148078529657477,0.05694296804528962,0.017758981433964826,0.06936378459364038,0.21052631578947367,8.526315789473685,0.0
Moritz Wagner,22.07894736842105,107.63157894736842,21.342105263157894,11.026315789473685,1.263157894736842,2.6052631578947367,0.5,1.368421052631579,0.3684210526315789,0.9736842105263158,2.5,0.5946172248803827,0.3426065162907268,0.46068295739348375,0.14543505504726675,0.12071359844075107,0.15736791025422522,-0.05263157894736842,8.526315789473685,1.0
Muhammad-Ali Abdur-Rahkman,27.657894736842106,102.07894736842105,14.68421052631579,8.421052631578947,0.6842105263157895,1.894736842105263,1.736842105263158,0.9473684210526315,0.07894736842105263,0.8947368421052632,1.9736842105263157,0.47543384977595515,0.3267543859649123,0.45614035087719307,0.12105239515588205,0.10624261717116801,0.1282403072573484,0.05263157894736842,8.526315789473685,1.0
Sean Lonergan,0.9473684210526315,0.0,0.0,0.2894736842105263,0.02631578947368421,0.15789473684210525,0.07894736842105263,0.05263157894736842,0.02631578947368421,0.0,0.2894736842105263,0.10526315789473684,0.0,0.039473684210526314,0.006587479262161658,0.0011961722488038277,0.007313249186314201,-0.05263157894736842,8.526315789473685,0.0
Xavier Simpson,8.447368421052632,51.3421052631579,6.315789473684211,1.5526315789473684,0.10526315789473684,0.5263157894736842,0.9473684210526315,0.5,0.05263157894736842,0.5263157894736842,1.1842105263157894,0.21052631578947367,0.10526315789473684,0.25,0.021939840533050824,0.02168706050284998,0.05530342802603537,0.15789473684210525,8.526315789473685,0.0
Zak Irvin,32.44736842105263,95.3157894736842,20.55263157894737,11.81578947368421,0.5526315789473685,3.6315789473684212,2.763157894736842,1.7894736842105263,0.05263157894736842,0.868421052631579,1.0789473684210527,0.46931913116123636,0.2897556390977443,0.3611842105263157,0.2214590151900983,0.15205855732822277,0.10795461714898168,-1.736842105263158,8.526315789473685,1.0
