,MP,ORtg,%Ps,Pts,OR,DR,A,TO,Blk,Stl,PF,2Pt %,3Pt %,FT %,2Pt %Att,3Pt %Att,FT %Att,Pnts-Prev,Marg,Maj Cont
Breon Key,4.514285714285714,20.942857142857143,2.1142857142857143,0.7142857142857143,0.11428571428571428,0.3142857142857143,0.2857142857142857,0.08571428571428572,0.0,0.22857142857142856,0.5142857142857142,0.1685714285714286,0.0,0.1,0.011482774928153078,0.0054670838587151105,0.009898263027295287,0.2857142857142857,-0.8,0.0
Brian Darden,22.17142857142857,90.05714285714286,17.62857142857143,9.142857142857142,0.17142857142857143,1.3428571428571427,0.8571428571428571,1.0857142857142856,0.02857142857142857,0.5142857142857142,2.085714285714286,0.28309523809523807,0.3115986394557823,0.4607142857142857,0.04521219326344557,0.2814254667680816,0.11715324264455713,-1.0857142857142856,-0.8,1.0
Charles Wilson-Fisher,5.0,24.37142857142857,4.9714285714285715,1.5714285714285714,0.5142857142857142,0.8571428571428571,0.11428571428571428,0.2857142857142857,0.14285714285714285,0.2,0.8571428571428571,0.1904761904761905,0.02857142857142857,0.06285714285714286,0.029835106756672072,0.01259066662515502,0.00883114981412195,0.11428571428571428,-0.8,1.0
Deron Powers,29.771428571428572,98.2,15.971428571428572,9.571428571428571,0.7714285714285715,2.142857142857143,3.4,1.4285714285714286,0.05714285714285714,1.0571428571428572,2.057142857142857,0.37197278911564624,0.24170068027210886,0.6008843537414966,0.11231146193529966,0.17719761824707697,0.12258711386143578,-0.6285714285714286,-0.8,1.0
Dionte Adams,4.828571428571428,19.65714285714286,3.057142857142857,0.7714285714285715,0.42857142857142855,0.6857142857142857,0.17142857142857143,0.3142857142857143,0.22857142857142856,0.22857142857142856,0.7142857142857143,0.13095238095238093,0.0,0.11428571428571428,0.021978163346812362,0.0,0.011242193311959758,0.2857142857142857,-0.8,0.0
Dwight Meikle,23.057142857142857,78.37142857142857,21.02857142857143,10.771428571428572,1.7714285714285714,4.457142857142857,0.5428571428571428,2.257142857142857,1.2285714285714286,0.6571428571428571,2.5428571428571427,0.4488685217676814,0.09319727891156464,0.45227891156462585,0.20804627276460017,0.04031121545074586,0.12029826441463443,-0.7428571428571429,-0.8,0.0
Emmanuel Okoroba,7.828571428571428,29.82857142857143,7.485714285714286,1.7714285714285714,0.5428571428571428,1.0571428571428572,0.2571428571428571,0.7428571428571429,0.22857142857142856,0.11428571428571428,1.5714285714285714,0.14333333333333334,0.0,0.2642857142857143,0.04003361207492125,0.0,0.06336086052609918,-0.8,-0.8,1.0
Jervon Pressley,18.65714285714286,69.94285714285714,16.97142857142857,5.228571428571429,1.7714285714285714,2.4285714285714284,0.6,1.6857142857142857,1.1714285714285715,0.3142857142857143,2.4857142857142858,0.36674603174603176,0.0,0.3303401360544217,0.11471499880048437,0.0,0.12195943524526012,-0.4,-0.8,1.0
Ke'Ron Brown,17.82857142857143,59.142857142857146,12.457142857142857,3.657142857142857,0.5714285714285714,1.7142857142857142,1.2285714285714286,1.1714285714285715,0.22857142857142856,1.2857142857142858,2.0285714285714285,0.29006802721088437,0.1380952380952381,0.22142857142857142,0.0762592917878495,0.06745327754567607,0.06847072916019,0.6857142857142857,-0.8,1.0
Lawrence Cooks,4.771428571428571,17.485714285714284,3.8285714285714287,1.2,0.17142857142857143,0.5714285714285714,0.14285714285714285,0.34285714285714286,0.0,0.2,0.42857142857142855,0.1595238095238095,0.061904761904761914,0.033333333333333326,0.02299680901476047,0.03321227310700995,0.0082097942625326,-0.2857142857142857,-0.8,0.0
Phillip Reed,5.9714285714285715,21.942857142857143,2.742857142857143,0.6285714285714286,0.5714285714285714,0.8,0.11428571428571428,0.2857142857142857,0.2571428571428571,0.02857142857142857,1.3714285714285714,0.16190476190476188,0.0,0.07619047619047618,0.018131515252438262,0.0,0.014372778879520116,0.0,-0.8,0.0
Quinton Chievous,23.514285714285716,80.74285714285715,21.114285714285714,9.542857142857143,1.4857142857142858,4.4,0.8857142857142857,2.0,0.08571428571428572,0.42857142857142855,1.9142857142857144,0.4831746031746031,0.17380952380952383,0.5267587967587968,0.12970052235649968,0.1537750201252403,0.1777162395124699,-2.9714285714285715,-0.8,1.0
Reginald Johnson,18.62857142857143,66.48571428571428,16.82857142857143,8.17142857142857,0.8857142857142857,1.3714285714285714,1.0857142857142856,0.9714285714285714,0.2,0.8571428571428571,1.457142857142857,0.27638734281591426,0.2223809523809524,0.35293650793650794,0.11215442057520646,0.17142452112944198,0.09875707819706656,0.17142857142857143,-0.8,1.0
