,MP,ORtg,%Ps,Pts,OR,DR,A,TO,Blk,Stl,PF,2Pt %,3Pt %,FT %,2Pt %Att,3Pt %Att,FT %Att,Pnts-Prev,Marg,Maj Cont
Andrew Bock,5.2,28.771428571428572,4.885714285714286,0.8857142857142857,0.05714285714285714,0.34285714285714286,0.42857142857142855,0.37142857142857144,0.0,0.05714285714285714,0.5428571428571428,0.08095238095238096,0.05238095238095238,0.10714285714285714,0.014064044316913759,0.02975398661488887,0.02219844613353741,-0.6285714285714286,3.857142857142857,0.0
Colin Beatty,22.34285714285714,108.17142857142858,15.685714285714285,5.857142857142857,1.2285714285714286,2.1714285714285713,1.3142857142857143,0.8857142857142857,0.2571428571428571,0.4,1.3428571428571427,0.3757142857142857,0.31258503401360543,0.24285714285714285,0.09329039578376046,0.09467561264885462,0.046262336344265305,-0.45714285714285713,3.857142857142857,0.0
Khalil Kelley,16.542857142857144,92.02857142857142,21.2,5.0,1.542857142857143,1.9142857142857144,0.7142857142857143,0.8571428571428571,0.4857142857142857,0.2571428571428571,2.5714285714285716,0.46814058956916094,0.0,0.15666666666666668,0.13220310448796996,0.0,0.10689530425481866,-0.22857142857142856,3.857142857142857,1.0
Lorenzo McCloud,27.62857142857143,111.77142857142857,24.2,11.028571428571428,0.5428571428571428,2.4285714285714284,3.914285714285714,2.085714285714286,0.05714285714285714,0.7428571428571429,1.7714285714285714,0.4382622139764997,0.32190476190476186,0.6552437641723355,0.16235896596470564,0.11667685701852,0.22570829357383979,-2.5714285714285716,3.857142857142857,1.0
Markus Duran,7.114285714285714,53.285714285714285,5.085714285714285,2.3142857142857145,0.02857142857142857,0.42857142857142855,0.42857142857142855,0.14285714285714285,0.0,0.2,0.37142857142857144,0.07142857142857142,0.21428571428571427,0.14285714285714285,0.005940961198913318,0.09872352674763112,0.01678363653153569,0.11428571428571428,3.857142857142857,1.0
Rodrigo De Souza,17.485714285714284,112.91428571428571,15.114285714285714,4.485714285714286,0.45714285714285713,1.7428571428571429,1.9142857142857144,0.7428571428571429,0.0,0.9428571428571428,1.9142857142857144,0.3642857142857143,0.3180952380952381,0.35285714285714287,0.03948301587681619,0.10518496528779592,0.07573690068719732,0.4,3.857142857142857,1.0
Ross Rivera,16.485714285714284,85.91428571428571,20.485714285714284,7.0285714285714285,0.8,1.7142857142857142,0.2571428571428571,0.8857142857142857,0.11428571428571428,0.22857142857142856,1.7714285714285714,0.43235312306740875,0.16666666666666669,0.5063605442176871,0.12397912194086808,0.06285124981166557,0.13259093056079438,-1.0857142857142856,3.857142857142857,1.0
Sama Taku,24.62857142857143,89.97142857142858,21.714285714285715,8.085714285714285,0.4857142857142857,2.942857142857143,1.8857142857142857,1.7142857142857142,0.0,0.9142857142857143,2.0,0.3193310657596372,0.29911564625850345,0.46095238095238095,0.14369549413250396,0.13344041787982522,0.10683101863931221,-1.6,3.857142857142857,1.0
Tony Gill,16.942857142857143,102.25714285714285,18.6,7.2,0.9428571428571428,2.342857142857143,0.7428571428571429,0.8,0.08571428571428572,0.42857142857142855,2.3714285714285714,0.5100793650793651,0.29904761904761906,0.43833333333333335,0.10395438712559166,0.08534567272293944,0.1008790638461672,-0.5714285714285714,3.857142857142857,1.0
Travis Fulton,23.771428571428572,112.28571428571429,20.02857142857143,8.857142857142858,1.2571428571428571,2.6,1.6285714285714286,1.0285714285714285,0.08571428571428572,0.8,1.1142857142857143,0.563092145949289,0.2785714285714286,0.4278571428571428,0.12649872116754335,0.14547988667515424,0.10417889859906668,-0.2857142857142857,3.857142857142857,1.0
Trevin Harris,10.885714285714286,62.6,9.114285714285714,3.1714285714285713,0.5714285714285714,1.0571428571428572,0.9714285714285714,0.5714285714285714,0.11428571428571428,0.3142857142857143,0.8857142857142857,0.2809523809523809,0.19523809523809527,0.17142857142857143,0.025960359432985174,0.0992963960212965,0.033363742258036816,-0.2857142857142857,3.857142857142857,0.0
