,MP,ORtg,%Ps,Pts,OR,DR,A,TO,Blk,Stl,PF,2Pt %,3Pt %,FT %,2Pt %Att,3Pt %Att,FT %Att,Pnts-Prev,Marg,Maj Cont
Carlton Bragg,11.13888888888889,68.97222222222223,14.416666666666666,4.305555555555555,1.3611111111111112,1.8611111111111112,0.3888888888888889,0.7777777777777778,0.4444444444444444,0.3055555555555556,1.8888888888888888,0.36478174603174607,0.0,0.27910052910052907,0.08656725194047629,0.0032478632478632483,0.049858152365032306,-0.05555555555555555,9.194444444444445,0.0
Devonte' Graham,31.416666666666668,107.22222222222223,15.944444444444445,11.61111111111111,0.4722222222222222,2.4166666666666665,3.8055555555555554,1.6111111111111112,0.19444444444444445,1.3055555555555556,1.3888888888888888,0.3876984126984127,0.3239528218694886,0.44499559082892415,0.07943499921118753,0.2777065906679763,0.10591817930569222,-0.2222222222222222,9.194444444444445,1.0
Dwight Coleby,2.8055555555555554,17.61111111111111,1.3055555555555556,0.9444444444444444,0.3333333333333333,0.6388888888888888,0.05555555555555555,0.1388888888888889,0.3333333333333333,0.08333333333333333,0.75,0.1925925925925926,0.0,0.06712962962962962,0.019166732296906526,0.0,0.020724337391004058,0.5555555555555556,9.194444444444445,0.0
Frank Mason,32.19444444444444,110.91666666666667,22.5,18.444444444444443,0.5,3.1666666666666665,4.527777777777778,2.2222222222222223,0.05555555555555555,1.1944444444444444,1.8333333333333333,0.4410473785473784,0.4134920634920636,0.5952287681454349,0.20111598219528662,0.1955621184556021,0.25456033959860935,-1.9444444444444444,9.194444444444445,1.0
Josh Jackson,26.444444444444443,93.33333333333333,24.02777777777778,14.083333333333334,2.0277777777777777,4.194444444444445,2.638888888888889,2.388888888888889,0.9166666666666666,1.4166666666666667,2.611111111111111,0.470202713952714,0.26481481481481484,0.42782575993360306,0.21533035413728635,0.10026588396842638,0.2080423281218775,-0.1111111111111111,9.194444444444445,1.0
Lagerald Vick,21.583333333333332,93.5,13.11111111111111,6.583333333333333,0.8888888888888888,2.2222222222222223,0.8055555555555556,1.0555555555555556,0.3888888888888889,0.5277777777777778,1.5,0.4044973544973545,0.31481481481481477,0.3490740740740741,0.07915640352915129,0.105004398957309,0.0490831228232329,-0.2777777777777778,9.194444444444445,1.0
Landen Lucas,22.02777777777778,99.5,14.38888888888889,6.805555555555555,2.6944444444444446,4.555555555555555,0.8888888888888888,1.5277777777777777,0.8888888888888888,0.5,2.9444444444444446,0.5444664902998236,0.0,0.4323743386243386,0.10792330150741863,0.0,0.09668998493129902,-0.2777777777777778,9.194444444444445,1.0
Mitch Lightfoot,2.5833333333333335,0.0,0.1111111111111111,0.5277777777777778,0.25,0.4444444444444444,0.0,0.19444444444444445,0.25,0.05555555555555555,0.4722222222222222,0.19444444444444445,0.027777777777777776,0.041666666666666664,0.010169645812144894,0.002956738250855898,0.017427786638312955,0.2222222222222222,9.194444444444445,0.0
Sviatoslav Mykhailiuk,24.416666666666668,95.5,13.833333333333334,8.5,0.7777777777777778,1.9444444444444444,1.1944444444444444,1.0833333333333333,0.19444444444444445,0.7222222222222222,1.75,0.36124338624338626,0.34391534391534395,0.2384259259259259,0.06547795583513337,0.204145295340856,0.04801948506970867,-0.3333333333333333,9.194444444444445,1.0
Udoka Azubuike,3.9444444444444446,19.444444444444443,4.333333333333333,1.5277777777777777,0.3611111111111111,0.9722222222222222,0.05555555555555555,0.4166666666666667,0.5,0.05555555555555555,0.8611111111111112,0.1566358024691358,0.0,0.08101851851851852,0.02454626242389736,0.0,0.03856517264412001,0.2777777777777778,9.194444444444445,0.0
