,MP,ORtg,%Ps,Pts,OR,DR,A,TO,Blk,Stl,PF,2Pt %,3Pt %,FT %,2Pt %Att,3Pt %Att,FT %Att,Pnts-Prev,Marg,Maj Cont
Bobby Wehrli,3.5757575757575757,8.909090909090908,1.1515151515151516,0.6060606060606061,0.30303030303030304,0.21212121212121213,0.15151515151515152,0.09090909090909091,0.0,0.030303030303030304,0.696969696969697,0.1111111111111111,0.0404040404040404,0.030303030303030304,0.008280608280608281,0.01420503033406259,0.0050650808226565805,-0.12121212121212122,7.151515151515151,0.0
Charles Cooke,30.09090909090909,102.39393939393939,22.575757575757574,14.727272727272727,1.303030303030303,4.363636363636363,1.7575757575757576,1.6666666666666667,1.121212121212121,1.1515151515151516,1.8484848484848484,0.44105498878226146,0.3274891774891775,0.5757094757094756,0.17819641733605443,0.21758009577743923,0.2134631164067515,1.2121212121212122,7.151515151515151,1.0
Darrell Davis,18.727272727272727,81.15151515151516,16.545454545454547,5.575757575757576,0.09090909090909091,2.212121212121212,1.2424242424242424,1.2424242424242424,0.0,0.3333333333333333,1.5757575757575757,0.3833333333333333,0.2829004329004329,0.1832611832611833,0.05843871471775819,0.16062171410455006,0.03296107459900563,-1.8181818181818181,7.151515151515151,1.0
Dyshawn Pierre,21.03030303030303,71.0,13.212121212121213,8.242424242424242,1.5151515151515151,3.9393939393939394,1.4545454545454546,1.121212121212121,0.12121212121212122,0.36363636363636365,1.3636363636363635,0.34255651755651756,0.20976430976430976,0.47821067821067825,0.10494485243742378,0.11209424141112945,0.11837010773469683,-1.2727272727272727,7.151515151515151,1.0
John Crosby,8.696969696969697,31.484848484848484,9.93939393939394,2.303030303030303,0.12121212121212122,1.2121212121212122,0.9090909090909091,0.7575757575757576,0.030303030303030304,0.12121212121212122,0.9696969696969697,0.2712121212121212,0.1111111111111111,0.14696969696969697,0.057197950611787785,0.03346472686648639,0.03712904417449872,-1.2121212121212122,7.151515151515151,0.0
Kendall Pollard,20.606060606060606,73.06060606060606,18.727272727272727,8.333333333333334,1.0,2.787878787878788,1.121212121212121,1.606060606060606,0.3333333333333333,0.5151515151515151,2.090909090909091,0.40820929911839,0.06060606060606061,0.3598484848484848,0.15595369927393227,0.021423551196278468,0.15517073087606,-1.5151515151515151,7.151515151515151,1.0
Kyle Davis,25.03030303030303,109.0909090909091,15.787878787878787,7.696969696969697,0.3939393939393939,3.0303030303030303,2.090909090909091,1.2424242424242424,0.24242424242424243,1.1818181818181819,2.303030303030303,0.5849927849927851,0.23989898989898992,0.48802308802308814,0.10012440574775008,0.09943108275262841,0.10409663057167513,0.36363636363636365,7.151515151515151,1.0
Ryan Mikesell,5.333333333333333,25.0,4.696969696969697,2.0303030303030303,0.30303030303030304,0.6666666666666666,0.5151515151515151,0.30303030303030304,0.15151515151515152,0.12121212121212122,0.6666666666666666,0.27777777777777773,0.12265512265512266,0.07575757575757576,0.01615675722300481,0.050031257978472056,0.016016311267094966,-0.06060606060606061,7.151515151515151,0.0
Sam Miller,8.090909090909092,35.90909090909091,6.878787878787879,2.6363636363636362,0.42424242424242425,0.696969696969697,0.21212121212121213,0.9090909090909091,0.21212121212121213,0.21212121212121213,1.5757575757575757,0.296969696969697,0.09595959595959597,0.2878787878787879,0.02517127102404952,0.05490780485303515,0.034623569419807675,-0.9696969696969697,7.151515151515151,0.0
Scoochie Smith,30.09090909090909,107.84848484848484,19.696969696969695,11.393939393939394,0.5151515151515151,2.8181818181818183,4.181818181818182,1.7878787878787878,0.12121212121212122,1.2121212121212122,1.8181818181818181,0.4600813328086056,0.3725829725829726,0.5118686868686868,0.1220897436408909,0.18661229909504884,0.1835245479031206,-0.9090909090909091,7.151515151515151,1.0
Steve McElvene,17.21212121212121,86.54545454545455,15.545454545454545,5.757575757575758,1.696969696969697,3.5454545454545454,0.45454545454545453,1.303030303030303,1.6666666666666667,0.15151515151515152,2.6666666666666665,0.4867123617123616,0.0,0.2606060606060606,0.1143752532282897,0.0,0.05405281426087868,1.0303030303030303,7.151515151515151,1.0
Xeyrius Williams,7.393939393939394,55.96969696969697,4.2727272727272725,1.6666666666666667,0.45454545454545453,0.9090909090909091,0.15151515151515152,0.36363636363636365,0.30303030303030304,0.3333333333333333,0.8787878787878788,0.2222222222222222,0.12121212121212122,0.1414141414141414,0.028767296175419965,0.019325165327839126,0.015223941660723269,0.5454545454545454,7.151515151515151,0.0
