,MP,ORtg,%Ps,Pts,OR,DR,A,TO,Blk,Stl,PF,2Pt %,3Pt %,FT %,2Pt %Att,3Pt %Att,FT %Att,Pnts-Prev,Marg,Maj Cont
Alex Kirk,29.38235294117647,94.88235294117646,20.91176470588235,12.382352941176471,2.088235294117647,5.882352941176471,1.0,1.6470588235294117,2.5,0.35294117647058826,2.264705882352941,0.5076562498389123,0.15406162464985995,0.5523883795942621,0.21933965047954926,0.09933592505756045,0.14114905219017404,2.411764705882353,8.029411764705882,1.0
Arthur Edwards,3.5294117647058822,11.470588235294118,2.3823529411764706,0.4117647058823529,0.11764705882352941,0.11764705882352941,0.08823529411764706,0.14705882352941177,0.11764705882352941,0.11764705882352941,0.6176470588235294,0.08333333333333333,0.029411764705882353,0.04411764705882353,0.007202111613876319,0.03269159890676918,0.0033465309200603316,0.17647058823529413,8.029411764705882,0.0
Cameron Bairstow,31.764705882352942,116.17647058823529,28.08823529411765,19.705882352941178,2.176470588235294,4.970588235294118,1.5588235294117647,1.9411764705882353,1.4705882352941178,0.5588235294117647,2.0294117647058822,0.5551580127818516,0.029411764705882353,0.6794210626834467,0.3231627656477077,0.004399195575666164,0.363187190819538,0.17647058823529413,8.029411764705882,1.0
Cullen Neal,19.529411764705884,83.70588235294117,21.58823529411765,7.0,0.2647058823529412,1.4411764705882353,1.8529411764705883,1.8823529411764706,0.0,0.35294117647058826,2.323529411764706,0.3509803921568628,0.2901960784313725,0.49521475256769376,0.06489864081710531,0.19642500387469428,0.07465269266226363,-3.0588235294117645,8.029411764705882,1.0
Deshawn Delaney,19.058823529411764,99.3529411764706,11.558823529411764,4.970588235294118,1.0588235294117647,2.7941176470588234,1.5,0.6470588235294118,0.2647058823529412,0.6470588235294118,1.5,0.5877217553688141,0.16911764705882354,0.15686274509803924,0.06787224179468092,0.0742386462007205,0.03765651643683834,0.5294117647058824,8.029411764705882,1.0
Hugh Greenwood,28.029411764705884,103.97058823529412,10.676470588235293,5.4411764705882355,1.1470588235294117,3.3823529411764706,3.0588235294117645,0.8235294117647058,0.23529411764705882,0.7941176470588235,2.3823529411764706,0.37499999999999994,0.22079831932773106,0.21029411764705883,0.0386782333216221,0.17686936070768705,0.03416295669516482,0.4117647058823529,8.029411764705882,1.0
Kendall Williams,34.14705882352941,119.91176470588235,23.08823529411765,15.911764705882353,0.7058823529411765,2.7058823529411766,4.794117647058823,1.9411764705882353,0.058823529411764705,1.5294117647058822,1.7941176470588236,0.4766721840251252,0.39632352941176474,0.6586686189627365,0.14637120673064757,0.27150145934520364,0.23856832214963491,-0.7058823529411765,8.029411764705882,1.0
Merv Lindsay,3.5294117647058822,5.794117647058823,0.5882352941176471,0.35294117647058826,0.058823529411764705,0.5294117647058824,0.14705882352941177,0.08823529411764706,0.058823529411764705,0.029411764705882353,0.5588235294117647,0.11764705882352941,0.029411764705882353,0.014705882352941176,0.008344305616601632,0.007080200501253133,0.004309416074121956,0.0,8.029411764705882,0.0
Nick Banyard,7.382352941176471,25.764705882352942,4.294117647058823,1.2058823529411764,0.3235294117647059,0.7941176470588235,0.14705882352941177,0.2647058823529412,0.11764705882352941,0.058823529411764705,1.0,0.22745098039215686,0.029411764705882353,0.09453781512605042,0.02981333654559979,0.008830286500565138,0.0128952706309384,-0.17647058823529413,8.029411764705882,0.0
Obij Aget,5.147058823529412,27.5,2.323529411764706,1.0294117647058822,0.38235294117647056,0.7058823529411765,0.058823529411764705,0.17647058823529413,0.14705882352941177,0.029411764705882353,0.8529411764705882,0.19705882352941176,0.0,0.11764705882352941,0.02040588765994446,0.0,0.01580969388756765,0.0,8.029411764705882,0.0
Pancake Thomas,15.058823529411764,86.38235294117646,12.882352941176471,3.911764705882353,0.8235294117647058,1.5294117647058822,0.7352941176470589,0.5294117647058824,0.029411764705882353,0.23529411764705882,0.8823529411764706,0.22696078431372552,0.2706582633053221,0.3680672268907563,0.04449985506678272,0.09921655862399807,0.04485059282781558,-0.5294117647058824,8.029411764705882,0.0
