,MP,ORtg,%Ps,Pts,OR,DR,A,TO,Blk,Stl,PF,2Pt %,3Pt %,FT %,2Pt %Att,3Pt %Att,FT %Att,Pnts-Prev,Marg,Maj Cont
Alex Murphy,0.9428571428571428,0.0,0.0,0.14285714285714285,0.05714285714285714,0.08571428571428572,0.05714285714285714,0.02857142857142857,0.0,0.0,0.08571428571428572,0.0,0.02857142857142857,0.02857142857142857,0.0009523809523809524,0.006674553879522822,0.004285714285714286,-0.05714285714285714,11.228571428571428,0.0
Amile Jefferson,21.97142857142857,123.0,15.057142857142857,6.457142857142857,2.7142857142857144,3.8285714285714287,0.9714285714285714,0.6,0.5428571428571428,0.6285714285714286,2.5714285714285716,0.6186167800453515,0.0,0.34904761904761905,0.1150979817080597,0.0,0.1050972502615114,1.1428571428571428,11.228571428571428,1.0
Andre Dawkins,12.742857142857142,90.8,13.942857142857143,7.485714285714286,0.17142857142857143,1.0571428571428572,0.34285714285714286,0.5142857142857142,0.14285714285714285,0.42857142857142855,1.2,0.34285714285714286,0.35069160997732424,0.33095238095238094,0.031054191526818604,0.1800254780128274,0.04269727419241373,0.11428571428571428,11.228571428571428,0.0
Jabari Parker,29.885714285714286,109.22857142857143,31.114285714285714,18.742857142857144,2.8857142857142857,5.6571428571428575,1.1714285714285715,2.2,1.2285714285714286,1.0285714285714285,2.257142857142857,0.492804511081822,0.2682993197278912,0.709126984126984,0.30887714044534664,0.13372015408575635,0.282521535544983,0.11428571428571428,11.228571428571428,1.0
Josh Hairston,8.0,40.542857142857144,4.057142857142857,1.2285714285714286,0.6,0.45714285714285713,0.3142857142857143,0.2857142857142857,0.08571428571428572,0.08571428571428572,1.8285714285714285,0.2952380952380952,0.0,0.12857142857142856,0.027879966682470888,0.0013605442176870747,0.015359194687010016,-0.22857142857142856,11.228571428571428,0.0
Marshall Plumlee,7.142857142857143,34.0,4.514285714285714,1.0857142857142856,1.0285714285714285,0.8285714285714286,0.22857142857142856,0.2857142857142857,0.4857142857142857,0.17142857142857143,0.8285714285714286,0.2561904761904762,0.0,0.06428571428571428,0.023760124267199274,0.0,0.021921979644571005,0.7428571428571429,11.228571428571428,0.0
Matt Jones,6.6571428571428575,28.2,4.371428571428571,1.6,0.3142857142857143,0.45714285714285713,0.14285714285714285,0.11428571428571428,0.02857142857142857,0.3142857142857143,0.6571428571428571,0.1523809523809524,0.02857142857142857,0.21088435374149658,0.024342672780697273,0.02729133041009809,0.04881841393469626,0.45714285714285713,11.228571428571428,0.0
Quinn Cook,28.771428571428572,115.25714285714285,20.65714285714286,10.942857142857143,0.2857142857142857,1.7714285714285714,4.257142857142857,1.5714285714285714,0.02857142857142857,1.2857142857142858,1.8,0.5051814058956916,0.3477210884353742,0.5028571428571429,0.11479346155282971,0.21375139813730312,0.09836979018132977,-0.5142857142857142,11.228571428571428,1.0
Rasheed Sulaimon,23.857142857142858,102.65714285714286,18.6,9.057142857142857,0.4857142857142857,1.8,2.2857142857142856,1.0571428571428572,0.02857142857142857,0.7428571428571429,2.057142857142857,0.3231292517006803,0.32331065759637184,0.6201793444650587,0.11303283634697502,0.11810182425195023,0.15480723707426494,-0.5714285714285714,11.228571428571428,1.0
Rodney Hood,31.857142857142858,117.62857142857143,22.285714285714285,15.885714285714286,0.7714285714285715,3.0,2.0,1.457142857142857,0.2571428571428571,0.7142857142857143,2.4571428571428573,0.5146402803545661,0.43972789115646266,0.5426073926073927,0.1943728932277057,0.20787527942825648,0.16579432068112482,-0.9714285714285714,11.228571428571428,1.0
Semi Ojeleye,2.2857142857142856,4.571428571428571,0.5142857142857142,0.8,0.2,0.22857142857142856,0.05714285714285714,0.14285714285714285,0.11428571428571428,0.11428571428571428,0.17142857142857143,0.06666666666666665,0.08571428571428572,0.10476190476190476,0.0054578279698389515,0.009546694149505526,0.012565410779696494,0.17142857142857143,11.228571428571428,0.0
Tyler Thornton,20.62857142857143,127.77142857142857,8.057142857142857,2.942857142857143,0.45714285714285713,1.3428571428571427,2.2857142857142856,0.6571428571428571,0.02857142857142857,1.2857142857142858,2.857142857142857,0.1,0.3819047619047619,0.17142857142857143,0.011807093968248755,0.07308131485566444,0.01919045016125573,1.3142857142857143,11.228571428571428,1.0
