,MP,ORtg,%Ps,Pts,OR,DR,A,TO,Blk,Stl,PF,2Pt %,3Pt %,FT %,2Pt %Att,3Pt %Att,FT %Att,Pnts-Prev,Marg,Maj Cont
Aaron Jones,8.352941176470589,58.470588235294116,6.588235294117647,2.0294117647058822,0.6176470588235294,0.9705882352941176,0.2647058823529412,0.35294117647058826,0.5294117647058824,0.35294117647058826,1.1176470588235294,0.2182422969187675,0.0,0.15196078431372548,0.037887873776182156,0.0019607843137254906,0.025754794521867918,1.0588235294117647,4.823529411764706,1.0
Anthony Perez,8.0,41.3235294117647,8.205882352941176,2.0294117647058822,0.5882352941176471,0.8529411764705882,0.17647058823529413,0.35294117647058826,0.11764705882352941,0.23529411764705882,0.6764705882352942,0.12009803921568626,0.17892156862745098,0.19117647058823528,0.02077804375727601,0.06481763533187244,0.03863021029406934,0.0,4.823529411764706,0.0
Dwight Coleby,15.5,98.61764705882354,14.705882352941176,5.235294117647059,1.8529411764705883,2.6470588235294117,0.0,0.7058823529411765,0.7647058823529411,0.14705882352941177,2.088235294117647,0.42859477124183004,0.0,0.5112745098039215,0.0906843605255053,0.0,0.08116832798318638,0.4117647058823529,4.823529411764706,1.0
Jarvis Summers,26.5,89.3529411764706,25.0,11.323529411764707,0.38235294117647056,1.2352941176470589,4.205882352941177,1.911764705882353,0.11764705882352941,0.7647058823529411,1.9411764705882353,0.3429823444529326,0.20809990662931835,0.603272299595829,0.17835033913132536,0.1605979407548395,0.21157573300868057,-2.0588235294117645,4.823529411764706,1.0
LaDarius White,22.5,97.5,22.264705882352942,10.5,0.38235294117647056,2.588235294117647,1.1470588235294117,1.5294117647058822,0.17647058823529413,0.7352941176470589,1.4411764705882353,0.38148926237161523,0.407703081232493,0.5662464985994397,0.11675034204748809,0.20894087399607386,0.12167823943360055,-1.2352941176470589,4.823529411764706,1.0
M.J. Rhett,20.91176470588235,102.76470588235294,15.176470588235293,6.5,1.6470588235294117,2.8823529411764706,0.5,1.1176470588235294,0.4411764705882353,0.20588235294117646,2.0588235294117645,0.5082601222307104,0.0,0.33088235294117646,0.12878079601987286,0.001633986928104575,0.056589624572570274,-0.9411764705882353,4.823529411764706,1.0
Marcanvis Hymon,1.5,3.1176470588235294,0.38235294117647056,0.20588235294117646,0.058823529411764705,0.14705882352941177,0.08823529411764706,0.11764705882352941,0.08823529411764706,0.058823529411764705,0.2647058823529412,0.06862745098039215,0.0,0.014705882352941176,0.0035947712418300656,0.0,0.0028011204481792717,0.058823529411764705,4.823529411764706,0.0
Martavious Newby,18.852941176470587,90.70588235294117,12.058823529411764,3.5,1.2647058823529411,3.4705882352941178,1.3529411764705883,1.1470588235294117,0.23529411764705882,1.0294117647058822,2.0,0.4382352941176471,0.20588235294117646,0.27696078431372545,0.04051289803757668,0.06539730092949822,0.04390293533199635,0.23529411764705882,4.823529411764706,1.0
Roderick Lawrence,3.088235294117647,15.676470588235293,2.4705882352941178,0.6470588235294118,0.11764705882352941,0.38235294117647056,0.29411764705882354,0.17647058823529413,0.029411764705882353,0.11764705882352941,0.2647058823529412,0.04901960784313725,0.07352941176470588,0.014705882352941176,0.00954831673985189,0.022985347985347987,0.00457132999827497,-0.058823529411764705,4.823529411764706,0.0
Sebastian Saiz,22.029411764705884,108.79411764705883,14.588235294117647,7.147058823529412,1.7058823529411764,3.3529411764705883,0.2647058823529412,0.7941176470588235,0.8529411764705882,0.6470588235294118,2.764705882352941,0.5544308632543926,0.0,0.3372549019607843,0.129042245099938,0.0014705882352941176,0.09633158182169466,1.411764705882353,4.823529411764706,1.0
Stefan Moody,26.764705882352942,105.61764705882354,26.5,15.382352941176471,0.8529411764705882,2.4411764705882355,2.088235294117647,1.7647058823529411,0.08823529411764706,1.6470588235294117,2.411764705882353,0.392250233426704,0.31374034462269756,0.7667717086834733,0.1424505377349631,0.3227127909015865,0.23421480737823872,-0.058823529411764705,4.823529411764706,1.0
Terence Smith,15.352941176470589,92.3529411764706,11.823529411764707,3.8529411764705883,0.058823529411764705,1.1470588235294117,1.6470588235294117,0.5588235294117647,0.058823529411764705,0.23529411764705882,1.3529411764705883,0.4019607843137255,0.2534313725490196,0.1568627450980392,0.04279594647642572,0.09065922121189263,0.023957765795876253,-0.5294117647058824,4.823529411764706,0.0
