,MP,ORtg,%Ps,Pts,OR,DR,A,TO,Blk,Stl,PF,2Pt %,3Pt %,FT %,2Pt %Att,3Pt %Att,FT %Att,Pnts-Prev,Marg,Maj Cont
Byron Fulton,3.838709677419355,11.612903225806452,1.4838709677419355,1.3870967741935485,0.0967741935483871,0.5483870967741935,0.03225806451612903,0.1935483870967742,0.06451612903225806,0.06451612903225806,0.5161290322580645,0.18548387096774194,0.1827956989247312,0.016129032258064516,0.010555866200409077,0.032404780545198006,0.0055461233729485,-0.12903225806451613,6.516129032258065,0.0
Davion Berry,32.0,114.03225806451613,28.967741935483872,18.451612903225808,0.3870967741935484,3.774193548387097,3.870967741935484,2.7096774193548385,0.16129032258064516,0.9354838709677419,2.161290322580645,0.551217062507385,0.36468253968253966,0.7607913843620469,0.18684998211947682,0.2665636642893709,0.3153927537455831,-3.225806451612903,6.516129032258065,1.0
James Hajek,0.8709677419354839,0.0,0.0,0.0,0.0,0.16129032258064516,0.0,0.0,0.03225806451612903,0.03225806451612903,0.12903225806451613,0.0,0.0,0.0,0.0007168458781362008,0.0,0.007109507640067911,0.12903225806451613,6.516129032258065,0.0
Jeremy Senglin,29.0,107.93548387096774,18.419354838709676,10.806451612903226,0.22580645161290322,1.935483870967742,2.193548387096774,1.4838709677419355,0.1935483870967742,0.7096774193548387,2.129032258064516,0.42043010752688165,0.3694700460829493,0.4899641577060932,0.0849846859673025,0.2641943635389656,0.09884958487831387,-1.1612903225806452,6.516129032258065,1.0
Joel Bolomboy,27.870967741935484,106.19354838709677,16.580645161290324,8.064516129032258,3.225806451612903,6.870967741935484,0.5161290322580645,1.3870967741935485,0.7741935483870968,0.41935483870967744,2.3870967741935485,0.49384280593958013,0.03225806451612903,0.5314388120839734,0.16455267780191904,0.001466275659824047,0.15489792004903788,-0.3870967741935484,6.516129032258065,1.0
Jordan Richardson,27.93548387096774,91.0,15.580645161290322,6.903225806451613,0.25806451612903225,2.0,2.3870967741935485,1.6451612903225807,0.0967741935483871,0.4838709677419355,1.7741935483870968,0.22311827956989247,0.32071172555043514,0.4053763440860215,0.03770326554722797,0.24787060052589865,0.0753769810678281,-2.129032258064516,6.516129032258065,1.0
Josh Fuller,1.6451612903225807,7.096774193548387,1.064516129032258,0.5806451612903226,0.12903225806451613,0.3548387096774194,0.0,0.12903225806451613,0.03225806451612903,0.03225806451612903,0.22580645161290322,0.04838709677419355,0.06451612903225806,0.025806451612903226,0.004315380397205732,0.007399052560342883,0.005376344086021505,-0.12903225806451613,6.516129032258065,0.0
Kyle Tresnak,26.35483870967742,107.0,20.70967741935484,11.387096774193548,1.2580645161290323,3.3548387096774195,0.7419354838709677,1.3870967741935485,1.7741935483870968,0.45161290322580644,2.7419354838709675,0.5808697574826608,0.0,0.543010752688172,0.2464094186111862,0.0,0.12525544470746536,1.6774193548387097,6.516129032258065,1.0
Kyndahl Hill,17.93548387096774,97.45161290322581,14.903225806451612,4.645161290322581,1.3548387096774193,2.032258064516129,0.45161290322580644,0.8709677419354839,0.4838709677419355,0.22580645161290322,2.870967741935484,0.3969278033794163,0.14516129032258066,0.456989247311828,0.09017959496276547,0.029430913278161858,0.06548914137154228,-0.3225806451612903,6.516129032258065,0.0
Richaud Gittens,21.870967741935484,89.09677419354838,20.129032258064516,6.548387096774194,0.41935483870967744,2.4516129032258065,2.193548387096774,1.8064516129032258,0.1935483870967742,0.5483870967741935,1.7096774193548387,0.37727272727272726,0.28494623655913975,0.3894009216589862,0.1275336623634836,0.05361854464321257,0.099405060931157,-2.129032258064516,6.516129032258065,1.0
Royce Williams,7.451612903225806,45.38709677419355,5.935483870967742,2.032258064516129,0.03225806451612903,0.7096774193548387,0.5161290322580645,0.3225806451612903,0.06451612903225806,0.06451612903225806,0.8064516129032258,0.12903225806451613,0.14247311827956988,0.16129032258064516,0.013940555634758343,0.06479374044289653,0.015043073633905554,-0.3870967741935484,6.516129032258065,0.0
