,MP,ORtg,%Ps,Pts,OR,DR,A,TO,Blk,Stl,PF,2Pt %,3Pt %,FT %,2Pt %Att,3Pt %Att,FT %Att,Pnts-Prev,Marg,Maj Cont
Bo Barnes,10.242424242424242,48.72727272727273,7.2727272727272725,3.393939393939394,0.30303030303030304,1.1818181818181819,0.42424242424242425,0.48484848484848486,0.09090909090909091,0.3333333333333333,0.9393939393939394,0.255050505050505,0.2005050505050505,0.1673881673881674,0.023972571761230205,0.07786386572913512,0.03528591460561326,-0.12121212121212122,5.96969696969697,0.0
Brandan Kearney,3.696969696969697,14.090909090909092,2.3333333333333335,0.696969696969697,0.15151515151515152,0.24242424242424243,0.09090909090909091,0.2727272727272727,0.0,0.09090909090909091,0.6363636363636364,0.09090909090909091,0.0505050505050505,0.09090909090909091,0.014398365879071421,0.013779039349214787,0.009243992722253591,-0.36363636363636365,5.96969696969697,0.0
Calaen Robinson,3.757575757575758,13.575757575757576,1.8484848484848484,0.9393939393939394,0.030303030303030304,0.5757575757575758,0.6363636363636364,0.24242424242424243,0.030303030303030304,0.3333333333333333,0.5757575757575758,0.0202020202020202,0.12878787878787878,0.09090909090909091,0.0059504992491528595,0.027882566303579017,0.008916370985336503,0.24242424242424243,5.96969696969697,0.0
Chance Murray,5.242424242424242,21.03030303030303,3.6363636363636362,1.5757575757575757,0.15151515151515152,0.8787878787878788,0.3939393939393939,0.2727272727272727,0.06060606060606061,0.06060606060606061,0.45454545454545453,0.12323232323232322,0.13636363636363635,0.14393939393939395,0.022930036909670833,0.023761825368693833,0.02413587370483922,-0.30303030303030304,5.96969696969697,0.0
Egor Koulechov,11.424242424242424,54.63636363636363,8.757575757575758,3.0303030303030303,0.696969696969697,1.606060606060606,0.48484848484848486,0.6363636363636364,0.18181818181818182,0.30303030303030304,1.0606060606060606,0.28838383838383835,0.13636363636363635,0.18013468013468012,0.038856095014637056,0.04563465523021726,0.035958894814694185,-0.30303030303030304,5.96969696969697,0.0
Eric Jacobsen,9.696969696969697,46.484848484848484,8.121212121212121,2.3333333333333335,0.8484848484848485,1.3636363636363635,0.24242424242424243,0.6363636363636364,0.3939393939393939,0.15151515151515152,2.1515151515151514,0.38261183261183257,0.0,0.2714646464646464,0.04551197834568088,0.0,0.04881995438522894,-0.18181818181818182,5.96969696969697,0.0
Jahii Carson,34.21212121212121,97.0,30.454545454545453,18.03030303030303,0.7272727272727273,3.1818181818181817,4.363636363636363,3.3333333333333335,0.06060606060606061,0.6363636363636364,2.121212121212121,0.4285894660894661,0.3185425685425685,0.6964985351348989,0.32828700479150275,0.12582395143644823,0.2625361134713973,-5.2727272727272725,5.96969696969697,1.0
Jermaine Marshall,29.545454545454547,97.81818181818181,20.484848484848484,14.090909090909092,0.30303030303030304,2.484848484848485,1.303030303030303,1.4545454545454546,0.45454545454545453,0.7272727272727273,2.212121212121212,0.46348003848003844,0.34336219336219337,0.529978354978355,0.13156379460057735,0.28452348221627144,0.13063485420031126,-0.5454545454545454,5.96969696969697,1.0
Jonathan Gilling,27.393939393939394,95.93939393939394,13.606060606060606,7.212121212121212,0.30303030303030304,3.4545454545454546,2.606060606060606,1.3333333333333333,0.15151515151515152,0.5454545454545454,2.757575757575758,0.1808080808080808,0.38890091390091386,0.26666666666666666,0.03311613562040442,0.21840210973616325,0.05332106043568494,-1.2727272727272727,5.96969696969697,1.0
Jordan Bachynski,29.90909090909091,103.51515151515152,18.12121212121212,10.727272727272727,2.0606060606060606,5.96969696969697,0.5151515151515151,1.3636363636363635,4.0,0.36363636363636365,2.909090909090909,0.49256526301980846,0.0,0.5583726879181424,0.19911174222532702,0.0,0.19922537901884738,6.0,5.96969696969697,1.0
Richie Edwards,3.0606060606060606,7.636363636363637,1.8181818181818181,1.1515151515151516,0.09090909090909091,0.3333333333333333,0.18181818181818182,0.12121212121212122,0.030303030303030304,0.12121212121212122,0.3939393939393939,0.09343434343434343,0.09797979797979799,0.0505050505050505,0.013162613530260589,0.023678329597744553,0.0059228650137741045,0.06060606060606061,5.96969696969697,0.0
Sai Tummala,2.4242424242424243,3.1818181818181817,0.696969696969697,0.9393939393939394,0.18181818181818182,0.15151515151515152,0.09090909090909091,0.06060606060606061,0.0,0.06060606060606061,0.42424242424242425,0.10606060606060606,0.08838383838383838,0.06060606060606061,0.006078310464425377,0.027783020951551288,0.007215007215007215,0.0,5.96969696969697,0.0
Shaquielle McKissic,26.78787878787879,107.0,15.090909090909092,8.424242424242424,1.0909090909090908,3.9393939393939394,2.4242424242424243,0.8484848484848485,0.030303030303030304,1.2424242424242424,2.0,0.4675685425685425,0.27676767676767683,0.5231962481962482,0.10675782130502902,0.10056412377795097,0.14848068912398185,0.8484848484848485,5.96969696969697,1.0
