,MP,ORtg,%Ps,Pts,OR,DR,A,TO,Blk,Stl,PF,2Pt %,3Pt %,FT %,2Pt %Att,3Pt %Att,FT %Att,Pnts-Prev,Marg,Maj Cont
Angel Nunez,4.583333333333333,21.75,5.444444444444445,2.2777777777777777,0.2777777777777778,1.0,0.0,0.3888888888888889,0.25,0.05555555555555555,0.7222222222222222,0.25866402116402115,0.013888888888888888,0.25231481481481477,0.04125588754176474,0.01166969278143954,0.04201153656216927,-0.16666666666666666,11.222222222222221,0.0
Connor Griffin,1.0,0.0,0.0,0.1111111111111111,0.027777777777777776,0.16666666666666666,0.027777777777777776,0.027777777777777776,0.0,0.05555555555555555,0.2222222222222222,0.027777777777777776,0.0,0.027777777777777776,0.002288547412660888,0.0,0.005208333333333333,0.05555555555555555,11.222222222222221,0.0
David Stockton,26.444444444444443,98.47222222222223,17.61111111111111,7.055555555555555,0.25,1.9444444444444444,3.9722222222222223,1.7777777777777777,0.1388888888888889,1.5,2.0555555555555554,0.4424462882796216,0.15046296296296297,0.4527777777777778,0.10380505850412586,0.10496144619314572,0.10474836225423222,-0.2777777777777778,11.222222222222221,1.0
Drew Barham,16.75,96.38888888888889,10.61111111111111,5.888888888888889,0.8888888888888888,1.9722222222222223,0.2777777777777778,0.3611111111111111,0.25,0.6388888888888888,2.1944444444444446,0.2939814814814815,0.3275462962962963,0.10185185185185185,0.022212787260387057,0.19479758550782889,0.014523399697010806,1.0555555555555556,11.222222222222221,1.0
Gary Bell,22.13888888888889,95.61111111111111,13.75,8.722222222222221,0.4444444444444444,1.8055555555555556,1.3333333333333333,0.75,0.027777777777777776,0.7777777777777778,1.7222222222222223,0.40246913580246907,0.3067214421381088,0.3599537037037037,0.07130251663935325,0.187175125233736,0.08396764052113753,0.1111111111111111,11.222222222222221,1.0
Gerard Coleman,10.444444444444445,44.166666666666664,12.944444444444445,5.472222222222222,0.6944444444444444,0.8055555555555556,0.75,1.0277777777777777,0.1388888888888889,0.5,0.9166666666666666,0.3175940693484553,0.027777777777777776,0.33055555555555555,0.11621435217387571,0.012449384563228959,0.08915449571945883,-0.7777777777777778,11.222222222222221,0.0
Kevin Pangos,32.97222222222222,113.55555555555556,18.666666666666668,13.36111111111111,0.2222222222222222,2.888888888888889,3.4722222222222223,1.4722222222222223,0.027777777777777776,0.9444444444444444,1.8055555555555556,0.4101190476190477,0.35074955908289246,0.6462301587301587,0.11982050304757601,0.2887986995325028,0.14144284433431373,-1.0,11.222222222222221,1.0
Kyle Dranginis,22.694444444444443,106.97222222222223,14.833333333333334,5.666666666666667,1.1944444444444444,2.638888888888889,2.4722222222222223,1.3055555555555556,0.4722222222222222,1.1111111111111112,1.8055555555555556,0.4912037037037036,0.30740740740740746,0.22916666666666666,0.07109106604425662,0.10726360902734516,0.03908794534413127,0.5555555555555556,11.222222222222221,1.0
Luke Meikle,1.6388888888888888,0.0,0.0,0.2777777777777778,0.1388888888888889,0.25,0.027777777777777776,0.027777777777777776,0.1111111111111111,0.0,0.3055555555555556,0.09722222222222222,0.0,0.0,0.00598177542621987,0.0025730994152046785,0.001736111111111111,0.16666666666666666,11.222222222222221,0.0
Przemek Karnowski,23.666666666666668,97.22222222222223,21.97222222222222,9.63888888888889,1.8333333333333333,4.666666666666667,0.6666666666666666,1.75,1.6388888888888888,0.2777777777777778,2.6944444444444446,0.5808261183261183,0.0,0.452276735610069,0.1695876769541667,0.001736111111111111,0.22337282251989482,0.3333333333333333,11.222222222222221,1.0
Ryan Edwards,2.25,2.75,0.4444444444444444,0.6111111111111112,0.2222222222222222,0.3333333333333333,0.0,0.1388888888888889,0.08333333333333333,0.0,0.5277777777777778,0.07407407407407407,0.0,0.125,0.008580144585579368,0.0,0.02179493795903333,-0.1111111111111111,11.222222222222221,0.0
Sam Dower,23.666666666666668,109.66666666666667,21.02777777777778,13.305555555555555,1.6388888888888888,4.694444444444445,0.8611111111111112,1.3055555555555556,0.6388888888888888,0.4166666666666667,2.0833333333333335,0.5437962092373857,0.12962962962962962,0.5714523131189798,0.21230412885447833,0.033019691078901604,0.1773960150886181,-0.5,11.222222222222221,1.0
