,MP,ORtg,%Ps,Pts,OR,DR,A,TO,Blk,Stl,PF,2Pt %,3Pt %,FT %,2Pt %Att,3Pt %Att,FT %Att,Pnts-Prev,Marg,Maj Cont
Casey Benson,18.333333333333332,97.0,10.205128205128204,4.256410256410256,0.28205128205128205,1.1538461538461537,1.8205128205128205,0.7435897435897436,0.0,0.48717948717948717,1.1794871794871795,0.3247863247863248,0.26965811965811964,0.3055555555555555,0.03260989609741231,0.08013190611842466,0.061227109439520255,-0.5128205128205128,12.256410256410257,1.0
Chris Boucher,18.71794871794872,87.07692307692308,17.58974358974359,9.384615384615385,1.3846153846153846,3.4358974358974357,0.3333333333333333,0.8205128205128205,2.0256410256410255,0.3076923076923077,2.128205128205128,0.48885836385836395,0.21526251526251527,0.36944444444444446,0.12219733677342408,0.11605634178306758,0.11088970835604485,3.0256410256410255,12.256410256410257,0.0
Dillon Brooks,18.435897435897434,85.92307692307692,23.743589743589745,12.512820512820513,0.717948717948718,1.5128205128205128,2.076923076923077,1.5384615384615385,0.3076923076923077,0.8974358974358975,2.1025641025641026,0.4416668089745012,0.28497150997151,0.4225885225885226,0.16562380689520112,0.13128320152166412,0.13853372961669433,-0.6666666666666666,12.256410256410257,1.0
Dylan Ennis,26.94871794871795,96.38461538461539,16.512820512820515,9.564102564102564,0.6666666666666666,3.1025641025641026,2.717948717948718,1.6153846153846154,0.41025641025641024,0.9487179487179487,1.5128205128205128,0.42502590002590007,0.3007326007326007,0.4315628815628816,0.11432808619743759,0.14420986915203965,0.1206589497787088,-0.5128205128205128,12.256410256410257,1.0
Jordan Bell,24.846153846153847,105.48717948717949,16.564102564102566,9.333333333333334,2.1538461538461537,4.923076923076923,1.5897435897435896,1.6153846153846154,1.8461538461538463,1.1538461538461537,1.6153846153846154,0.5425592925592926,0.05982905982905983,0.4723137973137973,0.16319731610899682,0.016569149804443926,0.12076526567911681,2.769230769230769,12.256410256410257,1.0
Kavell Bigby-Williams,7.923076923076923,38.61538461538461,5.564102564102564,2.5641025641025643,0.717948717948718,1.6153846153846154,0.1282051282051282,0.5641025641025641,0.6923076923076923,0.07692307692307693,1.1538461538461537,0.33119658119658124,0.0,0.308974358974359,0.0493513301042166,0.0,0.08118783329769166,0.41025641025641024,12.256410256410257,0.0
Keith Smith,4.076923076923077,18.307692307692307,3.3846153846153846,1.1794871794871795,0.2564102564102564,0.358974358974359,0.41025641025641024,0.28205128205128205,0.1282051282051282,0.15384615384615385,0.5897435897435898,0.13974358974358975,0.057692307692307696,0.04700854700854701,0.017183048684097226,0.018835925261264628,0.016626037924212363,0.0,12.256410256410257,0.0
Payton Pritchard,24.82051282051282,97.7948717948718,13.871794871794872,6.538461538461538,0.5384615384615384,2.3333333333333335,3.358974358974359,1.2564102564102564,0.07692307692307693,1.0,1.9230769230769231,0.3564102564102565,0.2990740740740741,0.4195156695156695,0.06428119493003724,0.14204246045968197,0.06905507481156964,-0.358974358974359,12.256410256410257,1.0
Roman Sorkin,4.589743589743589,26.333333333333332,3.1538461538461537,1.8717948717948718,0.46153846153846156,0.6153846153846154,0.3076923076923077,0.20512820512820512,0.20512820512820512,0.0,0.5128205128205128,0.12026862026862027,0.14102564102564102,0.14743589743589744,0.02152671992067442,0.02314892220584052,0.021351197821786058,0.0,12.256410256410257,0.0
Tyler Dorsey,25.435897435897434,95.76923076923077,18.23076923076923,11.58974358974359,0.7692307692307693,2.128205128205128,1.564102564102564,1.205128205128205,0.10256410256410256,0.6153846153846154,1.1794871794871795,0.3905474155474155,0.26920024420024424,0.5047415547415548,0.12149613608337446,0.19951709548844476,0.13149996506952702,-0.9743589743589743,12.256410256410257,1.0
