,MP,ORtg,%Ps,Pts,OR,DR,A,TO,Blk,Stl,PF,2Pt %,3Pt %,FT %,2Pt %Att,3Pt %Att,FT %Att,Pnts-Prev,Marg,Maj Cont
Adam Barnes,4.848484848484849,7.545454545454546,1.696969696969697,0.9393939393939394,0.3333333333333333,0.3333333333333333,0.36363636363636365,0.3333333333333333,0.0,0.21212121212121213,0.45454545454545453,0.1338383838383838,0.0,0.09848484848484848,0.01951997405076584,0.002785204991087344,0.03334202735272254,-0.24242424242424243,12.757575757575758,0.0
Blake Jenkins,22.515151515151516,118.78787878787878,19.636363636363637,9.151515151515152,1.8484848484848484,2.606060606060606,1.0303030303030303,1.0606060606060606,1.1515151515151516,0.6363636363636364,2.3333333333333335,0.6298340548340549,0.1313131313131313,0.5330808080808082,0.1504103287382313,0.039465831746268366,0.17996156373975114,1.4545454545454546,12.757575757575758,1.0
Brandon Baker,13.727272727272727,107.75757575757575,11.06060606060606,3.272727272727273,1.1515151515151516,1.696969696969697,0.696969696969697,0.45454545454545453,0.15151515151515152,0.8787878787878788,2.272727272727273,0.6075757575757575,0.12121212121212122,0.07575757575757576,0.05619493508871563,0.026984234868641595,0.02027210648492113,1.1515151515151516,12.757575757575758,1.0
Craig Bradshaw,9.151515151515152,62.84848484848485,6.090909090909091,2.212121212121212,0.36363636363636365,0.9393939393939394,0.6060606060606061,0.45454545454545453,0.15151515151515152,0.6666666666666666,1.0606060606060606,0.22474747474747475,0.2191919191919192,0.06060606060606061,0.01686534191245211,0.05481176582187363,0.012324036472643284,0.7272727272727273,12.757575757575758,0.0
Ian Clark,32.333333333333336,122.66666666666667,23.545454545454547,17.575757575757574,0.36363636363636365,2.878787878787879,2.3333333333333335,2.6363636363636362,0.24242424242424243,1.5454545454545454,1.878787878787879,0.6003552844461936,0.4612422930604749,0.6125541125541126,0.1581379200682615,0.30722707145176215,0.1294269706139728,-1.696969696969697,12.757575757575758,1.0
J.J. Mann,29.181818181818183,110.27272727272727,18.333333333333332,10.151515151515152,1.0,3.5757575757575757,2.515151515151515,1.5454545454545454,0.030303030303030304,1.8484848484848484,1.2121212121212122,0.4976190476190476,0.3809950150859241,0.4065656565656566,0.10497517304319205,0.22903727038937338,0.0669847104819567,0.6666666666666666,12.757575757575758,1.0
Jeff Laidig,4.363636363636363,4.393939393939394,0.9393939393939394,0.696969696969697,0.06060606060606061,0.3333333333333333,0.24242424242424243,0.21212121212121213,0.15151515151515152,0.18181818181818182,0.5151515151515151,0.09090909090909091,0.07575757575757576,0.09090909090909091,0.010365240979763265,0.03338600489902512,0.010354841840429424,0.24242424242424243,12.757575757575758,0.0
Kerron Johnson,28.96969696969697,110.0,27.303030303030305,13.303030303030303,0.3333333333333333,2.757575757575758,4.696969696969697,3.090909090909091,0.030303030303030304,1.696969696969697,2.515151515151515,0.4888763494378467,0.25,0.6995035688217507,0.21191760184554845,0.07200582722201523,0.3511375046274948,-2.727272727272727,12.757575757575758,1.0
Reece Chamberlain,15.909090909090908,98.18181818181819,15.696969696969697,3.5454545454545454,0.3939393939393939,1.1818181818181819,2.090909090909091,1.2121212121212122,0.18181818181818182,1.0909090909090908,1.606060606060606,0.3611111111111111,0.3106060606060606,0.20606060606060606,0.03422580829487427,0.07758124708046596,0.05383826967904474,0.12121212121212122,12.757575757575758,1.0
Trevor Noack,27.333333333333332,115.57575757575758,21.303030303030305,12.090909090909092,1.696969696969697,3.6363636363636362,0.5757575757575758,1.2121212121212122,0.3939393939393939,0.696969696969697,2.6666666666666665,0.5418459486641306,0.4224747474747474,0.39646464646464646,0.20708464567516535,0.12641251122645702,0.11205493840403305,-0.24242424242424243,12.757575757575758,1.0
