,MP,ORtg,%Ps,Pts,OR,DR,A,TO,Blk,Stl,PF,2Pt %,3Pt %,FT %,2Pt %Att,3Pt %Att,FT %Att,Pnts-Prev,Marg,Maj Cont
Alfonzo Houston,25.441176470588236,97.1470588235294,18.676470588235293,9.294117647058824,0.6470588235294118,2.088235294117647,1.2647058823529411,1.1470588235294117,0.08823529411764706,0.6470588235294118,1.1764705882352942,0.4215443869855634,0.04656862745098039,0.599859943977591,0.17154498627417877,0.04155905450410094,0.15364398785931102,-0.8235294117647058,14.941176470588236,1.0
Antonin Galaya,2.5588235294117645,6.411764705882353,1.088235294117647,0.6470588235294118,0.14705882352941177,0.3235294117647059,0.058823529411764705,0.058823529411764705,0.029411764705882353,0.029411764705882353,0.23529411764705882,0.026470588235294117,0.03879551820728291,0.029411764705882353,0.007316719791364821,0.039647414832945704,0.0012254901960784311,0.0,14.941176470588236,0.0
Dante Holmes,6.235294117647059,36.8235294117647,6.4411764705882355,2.323529411764706,0.35294117647058826,0.7941176470588235,0.23529411764705882,0.29411764705882354,0.11764705882352941,0.29411764705882354,1.1764705882352942,0.17492997198879554,0.16666666666666666,0.12892156862745097,0.02864513831600807,0.05414912352970084,0.0212252887219644,0.23529411764705882,14.941176470588236,0.0
Ebuka Anyaorah,6.5588235294117645,18.558823529411764,4.117647058823529,2.2941176470588234,0.20588235294117646,0.5882352941176471,0.20588235294117646,0.5882352941176471,0.14705882352941177,0.11764705882352941,0.6470588235294118,0.2855392156862745,0.07352941176470588,0.18382352941176472,0.025689728649150385,0.02473653190735689,0.0350416998080183,-0.6470588235294118,14.941176470588236,1.0
Emanuel Chapman,33.088235294117645,103.61764705882354,15.676470588235293,6.5588235294117645,0.7058823529411765,3.4705882352941178,6.264705882352941,2.411764705882353,0.35294117647058826,2.0294117647058822,1.8529411764705883,0.419047619047619,0.3362745098039216,0.35906862745098034,0.09797684248814299,0.12495353285396081,0.04576895955242339,-0.058823529411764705,14.941176470588236,1.0
Jay Copeland,21.558823529411764,98.0,20.11764705882353,7.823529411764706,2.7058823529411766,3.0,0.23529411764705882,1.411764705882353,0.6764705882352942,0.5294117647058824,3.411764705882353,0.5094771241830065,0.0,0.5240036923860452,0.13550149752197949,0.0,0.1515188801345599,-0.4117647058823529,14.941176470588236,1.0
Jeremy Ingram,33.26470588235294,111.91176470588235,27.205882352941178,20.0,0.9411764705882353,2.735294117647059,1.1470588235294117,2.0,0.6470588235294118,1.588235294117647,2.588235294117647,0.4661862647156765,0.38852830176359593,0.6934597145453548,0.22804312941578686,0.32452569758274546,0.30149221594351755,0.47058823529411764,14.941176470588236,1.0
Jordan Parks,18.441176470588236,108.73529411764706,20.205882352941178,9.852941176470589,2.323529411764706,3.1470588235294117,0.5588235294117647,1.0294117647058822,1.1176470588235294,0.6764705882352942,3.1470588235294117,0.6537114845938374,0.17647058823529413,0.49485294117647055,0.145089145622796,0.02171579495495904,0.11187237340669312,1.5294117647058822,14.941176470588236,1.0
Juwan Moody,4.029411764705882,27.11764705882353,3.5588235294117645,0.9411764705882353,0.08823529411764706,0.3235294117647059,0.5882352941176471,0.35294117647058826,0.0,0.20588235294117646,0.5,0.04411764705882353,0.14901960784313728,0.014705882352941176,0.00586401337067457,0.03851551798305577,0.0042780748663101605,-0.29411764705882354,14.941176470588236,0.0
Karamo Jawara,26.11764705882353,110.8529411764706,11.676470588235293,6.382352941176471,1.1470588235294117,3.1176470588235294,2.323529411764706,0.8235294117647058,0.6470588235294118,0.8529411764705882,2.7058823529411766,0.5155228758169935,0.17156862745098042,0.4340686274509804,0.09016549240222836,0.06944894855680687,0.09249778583421704,1.3529411764705883,14.941176470588236,1.0
Ramon Eaton,2.323529411764706,10.529411764705882,1.3529411764705883,0.5,0.17647058823529413,0.14705882352941177,0.0,0.14705882352941177,0.0,0.11764705882352941,0.3235294117647059,0.10294117647058823,0.0,0.08235294117647059,0.008880018004972333,0.00458958093041138,0.01690684717455797,-0.058823529411764705,14.941176470588236,0.0
Reggie Groves,16.970588235294116,83.8529411764706,14.117647058823529,4.970588235294118,0.2647058823529412,1.3235294117647058,1.3823529411764706,0.6470588235294118,0.058823529411764705,0.47058823529411764,1.1470588235294117,0.25980392156862747,0.2453135100193924,0.23431372549019608,0.025871523436834954,0.22674703765807389,0.035116631796466305,-0.23529411764705882,14.941176470588236,0.0
