,MP,ORtg,%Ps,Pts,OR,DR,A,TO,Blk,Stl,PF,2Pt %,3Pt %,FT %,2Pt %Att,3Pt %Att,FT %Att,Pnts-Prev,Marg,Maj Cont
Barret Benson,6.722222222222222,34.583333333333336,4.472222222222222,1.6388888888888888,0.5833333333333334,0.7777777777777778,0.3333333333333333,0.2777777777777778,0.5277777777777778,0.19444444444444445,1.25,0.27314814814814814,0.0,0.10833333333333334,0.03035616702786222,0.0,0.032373875006725256,0.8888888888888888,5.694444444444445,0.0
Bryant McIntosh,32.19444444444444,95.77777777777777,25.0,13.583333333333334,0.25,2.3055555555555554,4.944444444444445,2.4444444444444446,0.1111111111111111,0.6111111111111112,1.9444444444444444,0.4224606820195056,0.289484126984127,0.6891203703703703,0.24527524088968583,0.17080574480962973,0.16716902051548316,-3.4444444444444446,5.694444444444445,1.0
Dererk Pardon,22.13888888888889,90.72222222222223,10.416666666666666,6.138888888888889,2.3333333333333335,3.4166666666666665,0.8611111111111112,0.6944444444444444,1.3611111111111112,0.5,1.8611111111111112,0.43376022126022123,0.0,0.2529100529100529,0.11679013138098616,0.0,0.10329481923594407,2.3333333333333335,5.694444444444445,1.0
Gavin Skelly,17.194444444444443,90.94444444444444,17.13888888888889,5.777777777777778,1.3333333333333333,2.138888888888889,1.2777777777777777,1.2777777777777777,1.1944444444444444,0.3333333333333333,2.5833333333333335,0.4035383597883599,0.26851851851851855,0.4287037037037037,0.0685194488629893,0.08053382633532123,0.09721859615424346,0.5,5.694444444444445,0.0
Isiah Brown,14.083333333333334,65.08333333333333,18.11111111111111,6.111111111111111,0.25,0.8888888888888888,1.1388888888888888,1.0277777777777777,0.19444444444444445,0.5277777777777778,1.5833333333333333,0.3005912297578964,0.18273809523809523,0.51875,0.10280488418334506,0.08959283754732522,0.11468409390095477,-0.6111111111111112,5.694444444444445,0.0
Jordan Ash,2.861111111111111,2.6666666666666665,0.8333333333333334,0.4166666666666667,0.027777777777777776,0.3055555555555556,0.2777777777777778,0.1388888888888889,0.027777777777777776,0.1388888888888889,0.25,0.0,0.07870370370370369,0.0,0.003574032518850961,0.0185164417115218,0.0,0.05555555555555555,5.694444444444445,0.0
Nathan Taphorn,11.277777777777779,77.19444444444444,8.86111111111111,4.083333333333333,0.3055555555555556,1.0833333333333333,0.6388888888888888,0.3888888888888889,0.19444444444444445,0.1388888888888889,1.1111111111111112,0.2175925925925926,0.36190476190476195,0.14583333333333334,0.020168996709223414,0.1047599216766033,0.021767446049055242,-0.1111111111111111,5.694444444444445,1.0
Sanjay Lumpkin,26.083333333333332,108.61111111111111,9.805555555555555,5.805555555555555,1.4166666666666667,3.9166666666666665,1.3055555555555556,0.6666666666666666,0.3888888888888889,0.5,2.9722222222222223,0.587962962962963,0.24768518518518517,0.37427248677248676,0.06389440400679938,0.06688151454081893,0.10344140555347998,0.4444444444444444,5.694444444444445,0.0
Scottie Lindsey,25.444444444444443,90.19444444444444,19.055555555555557,11.833333333333334,0.4444444444444444,2.7222222222222223,1.9166666666666667,1.1666666666666667,0.2222222222222222,0.7777777777777778,1.8888888888888888,0.43505291005290997,0.2635582010582011,0.5358024691358025,0.14220847489110774,0.22360888462941608,0.13111270780092618,-0.3333333333333333,5.694444444444445,1.0
Vic Law,30.11111111111111,95.44444444444444,19.444444444444443,11.75,1.1666666666666667,4.25,1.6388888888888888,1.4444444444444444,0.4722222222222222,1.0277777777777777,2.5,0.3718694885361552,0.3668430335097002,0.5666997354497354,0.15085266397359426,0.1897452731938082,0.1733824802276322,0.1111111111111111,5.694444444444445,1.0
