,MP,ORtg,%Ps,Pts,OR,DR,A,TO,Blk,Stl,PF,2Pt %,3Pt %,FT %,2Pt %Att,3Pt %Att,FT %Att,Pnts-Prev,Marg,Maj Cont
Carlin Dupree,5.7272727272727275,27.636363636363637,4.96969696969697,2.121212121212121,0.24242424242424243,0.7272727272727273,0.3333333333333333,0.6060606060606061,0.09090909090909091,0.18181818181818182,0.5757575757575758,0.2222222222222222,0.06565656565656565,0.15873015873015872,0.03020578530864341,0.02289718651947754,0.0353544700913122,-0.6666666666666666,10.363636363636363,0.0
Chris Kading,14.181818181818182,100.3030303030303,8.303030303030303,2.515151515151515,0.7272727272727273,1.6666666666666667,0.30303030303030304,0.30303030303030304,0.5757575757575758,0.18181818181818182,1.7272727272727273,0.47222222222222227,0.10101010101010101,0.23232323232323232,0.03297672161819006,0.047656918114981725,0.026391135214664626,0.9090909090909091,10.363636363636363,1.0
Jordan Aaberg,11.212121212121213,63.21212121212121,8.666666666666666,3.484848484848485,0.6666666666666666,1.121212121212121,0.3333333333333333,0.45454545454545453,0.6363636363636364,0.12121212121212122,1.5454545454545454,0.4451298701298701,0.0,0.19696969696969696,0.06327166839515502,0.0,0.038629950296616956,0.6060606060606061,10.363636363636363,0.0
Kory Brown,25.09090909090909,123.45454545454545,13.090909090909092,6.393939393939394,1.6666666666666667,2.3333333333333335,1.5757575757575757,0.8484848484848485,0.6363636363636364,1.0606060606060606,2.909090909090909,0.5852092352092351,0.030303030303030304,0.44570707070707066,0.10495643557799948,0.017419323101141283,0.08487093783345777,1.696969696969697,10.363636363636363,1.0
Lawrence Alexander,31.848484848484848,102.27272727272727,17.696969696969695,10.121212121212121,0.5454545454545454,3.4242424242424243,2.4242424242424243,2.0303030303030303,0.18181818181818182,0.9090909090909091,1.8181818181818181,0.4227272727272728,0.3333333333333333,0.5473665223665224,0.12988211738876454,0.19292483454459247,0.12896119819564797,-1.878787878787879,10.363636363636363,1.0
Marshall Bjorklund,23.606060606060606,113.0,25.242424242424242,12.575757575757576,1.696969696969697,2.3333333333333335,1.2727272727272727,1.4848484848484849,0.15151515151515152,0.7575757575757576,2.787878787878788,0.6167546678910316,0.0,0.49942279942279943,0.21286451639156564,0.0,0.17856257746327167,-1.1515151515151516,10.363636363636363,1.0
Mike Felt,14.575757575757576,69.87878787878788,12.121212121212121,6.0606060606060606,0.15151515151515152,0.9696969696969697,0.45454545454545453,0.5151515151515151,0.0,0.42424242424242425,1.0303030303030303,0.19090909090909092,0.22420853557217194,0.3186868686868687,0.028306552998541047,0.22580651320096862,0.05552366249734671,-0.18181818181818182,10.363636363636363,0.0
Taylor Braun,30.575757575757574,114.18181818181819,24.757575757575758,16.545454545454547,0.6060606060606061,4.363636363636363,3.515151515151515,1.7575757575757576,0.18181818181818182,1.4545454545454546,1.8181818181818181,0.4708421208421208,0.344949494949495,0.6871611132974769,0.19258267438555512,0.19409262959783644,0.29883053705175855,-0.24242424242424243,10.363636363636363,1.0
TrayVonn Wright,27.78787878787879,109.66666666666667,17.939393939393938,10.818181818181818,1.303030303030303,3.5757575757575757,0.5757575757575758,0.8181818181818182,1.6666666666666667,0.8787878787878788,2.090909090909091,0.5778094800822073,0.3106060606060606,0.39444444444444443,0.14434746732952497,0.23859653431494132,0.09226947074986291,3.4545454545454546,10.363636363636363,1.0
