,MP,ORtg,%Ps,Pts,OR,DR,A,TO,Blk,Stl,PF,2Pt %,3Pt %,FT %,2Pt %Att,3Pt %Att,FT %Att,Pnts-Prev,Marg,Maj Cont
AJ Merriweather,22.82857142857143,105.28571428571429,17.97142857142857,8.342857142857143,1.0,2.4571428571428573,1.457142857142857,1.7428571428571429,0.05714285714285714,1.542857142857143,2.4285714285714284,0.4999319727891156,0.3452380952380952,0.5913605442176872,0.10907762270173861,0.08400008316986184,0.10563112487144537,-0.2857142857142857,10.257142857142858,1.0
David Burrell,16.571428571428573,109.31428571428572,17.4,7.2,1.0,2.1714285714285713,0.5428571428571428,0.6,0.5428571428571428,0.37142857142857144,1.6,0.59734693877551,0.30435374149659866,0.35523809523809524,0.09155044100732276,0.10595363111079512,0.05567875751884614,0.6285714285714286,10.257142857142858,1.0
Desonta Bradford,28.82857142857143,103.6,18.085714285714285,10.028571428571428,0.6,3.6,3.742857142857143,2.257142857142857,0.7714285714285715,1.0,2.257142857142857,0.48321170892599474,0.2758503401360544,0.6179024943310658,0.12132261600391178,0.1185563302937685,0.14479790728298603,-0.9714285714285714,10.257142857142858,1.0
Devontavius Payne,15.057142857142857,102.08571428571429,18.714285714285715,6.542857142857143,0.42857142857142855,1.1142857142857143,0.7428571428571429,0.8857142857142857,0.11428571428571428,0.6857142857142857,1.6857142857142857,0.36,0.30578231292517005,0.29761904761904767,0.04611520115270098,0.16284684921532794,0.04611381450091127,-0.17142857142857143,10.257142857142858,0.0
Hanner Mosquera-Perea,21.142857142857142,105.0,18.257142857142856,8.114285714285714,1.4857142857142858,3.0285714285714285,0.7142857142857143,1.2285714285714286,1.2285714285714286,0.6,2.5428571428571427,0.6141094619666049,0.0,0.49777056277056286,0.13373299253224005,0.0015037593984962405,0.16749415366846,1.2,10.257142857142858,1.0
Isaac Banks,15.628571428571428,86.4,11.057142857142857,3.4,1.1428571428571428,2.4,0.37142857142857144,0.8,0.5714285714285714,0.4,1.8857142857142857,0.4504761904761905,0.0,0.14285714285714285,0.0671525084648087,0.0,0.046632452898784926,0.34285714285714286,10.257142857142858,0.0
Jason Williams,6.114285714285714,27.542857142857144,4.685714285714286,1.2857142857142858,0.02857142857142857,0.6,0.8571428571428571,0.6571428571428571,0.0,0.2571428571428571,0.5714285714285714,0.05238095238095238,0.08809523809523809,0.12857142857142856,0.012151726009908544,0.0292971357566477,0.018558953824537136,-0.8,10.257142857142858,0.0
Jermaine Long,12.228571428571428,64.68571428571428,14.085714285714285,3.3714285714285714,0.42857142857142855,1.1142857142857143,1.542857142857143,1.2,0.2,1.2,1.5714285714285714,0.3966666666666667,0.05238095238095238,0.33619047619047615,0.04394080240922819,0.04374017447147844,0.08555741027775952,0.4,10.257142857142858,1.0
Julian Walters,2.657142857142857,15.628571428571428,2.6,1.0285714285714285,0.11428571428571428,0.34285714285714286,0.4,0.22857142857142856,0.0,0.11428571428571428,0.17142857142857143,0.1,0.05523809523809523,0.08571428571428572,0.005247069824494669,0.023853130995988136,0.010116402116402117,-0.22857142857142856,10.257142857142858,0.0
Peter Jurkin,2.6,4.428571428571429,1.0571428571428572,0.6857142857142857,0.17142857142857143,0.42857142857142855,0.02857142857142857,0.2857142857142857,0.2,0.14285714285714285,0.42857142857142855,0.16190476190476188,0.0,0.08571428571428572,0.016232422690723242,0.0030910609857978276,0.00837393021724819,0.11428571428571428,10.257142857142858,0.0
Tevin Glass,21.65714285714286,107.14285714285714,19.34285714285714,8.685714285714285,1.5714285714285714,4.457142857142857,0.8857142857142857,1.4285714285714286,0.5428571428571428,0.7714285714285715,2.0,0.5208111729540301,0.05714285714285714,0.5464285714285715,0.14891798876943962,0.022701575535258204,0.11990766611561937,-0.22857142857142856,10.257142857142858,1.0
TJ Cromer,30.714285714285715,107.85714285714286,27.17142857142857,18.6,0.42857142857142855,2.342857142857143,3.085714285714286,2.657142857142857,0.4,1.0,2.257142857142857,0.487766439909297,0.36908575551432704,0.7274025974025975,0.17598717986205428,0.3758848404951515,0.16256599813557138,-2.5142857142857142,10.257142857142858,1.0
