,MP,ORtg,%Ps,Pts,OR,DR,A,TO,Blk,Stl,PF,2Pt %,3Pt %,FT %,2Pt %Att,3Pt %Att,FT %Att,Pnts-Prev,Marg,Maj Cont
Austin Mankin,1.8571428571428572,7.3428571428571425,0.6285714285714286,0.11428571428571428,0.0,0.17142857142857143,0.05714285714285714,0.02857142857142857,0.0,0.02857142857142857,0.11428571428571428,0.02857142857142857,0.0,0.02857142857142857,0.0038612141553318025,0.004314574314574314,0.014285714285714285,0.0,8.4,0.0
Buddy Hield,29.37142857142857,100.57142857142857,24.34285714285714,15.971428571428572,1.4285714285714286,3.6285714285714286,1.6571428571428573,1.9142857142857144,0.2,1.2857142857142858,1.5714285714285714,0.4430789845075559,0.36064221492792925,0.5586167800453514,0.16243437441833847,0.3541275588385274,0.16664067219092393,-0.8571428571428571,8.4,1.0
CJ Cole,1.0857142857142856,0.0,0.0,0.11428571428571428,0.02857142857142857,0.17142857142857143,0.02857142857142857,0.08571428571428572,0.0,0.0,0.2571428571428571,0.04285714285714286,0.0,0.0,0.0037706019678448097,0.0,0.0037878787878787876,-0.17142857142857143,8.4,0.0
D.J. Bennett,6.0285714285714285,32.542857142857144,3.6,1.4,0.37142857142857144,0.9428571428571428,0.08571428571428572,0.2857142857142857,0.5142857142857142,0.11428571428571428,1.2,0.21571428571428572,0.0,0.1357142857142857,0.028916832494200684,0.0,0.03253626953582725,0.6857142857142857,8.4,0.0
Dinjiyl Walker,10.17142857142857,49.34285714285714,13.114285714285714,3.142857142857143,0.22857142857142856,0.6857142857142857,0.5142857142857142,0.7714285714285715,0.08571428571428572,0.34285714285714286,1.457142857142857,0.2395238095238095,0.15476190476190477,0.1904761904761905,0.04287368313800148,0.07421918719640966,0.03782095135985296,-0.6857142857142857,8.4,0.0
Frank Booker,11.485714285714286,58.42857142857143,11.885714285714286,4.0,0.2857142857142857,0.8285714285714286,0.4857142857142857,0.5714285714285714,0.11428571428571428,0.42857142857142855,1.1714285714285715,0.24523809523809526,0.21863945578231292,0.2392857142857143,0.019897192401887857,0.14512731025424527,0.04194996043336723,-0.05714285714285714,8.4,1.0
Isaiah Cousins,28.37142857142857,93.8,19.34285714285714,11.114285714285714,0.8571428571428571,3.3142857142857145,2.0285714285714285,1.8,0.37142857142857144,1.1428571428571428,1.7142857142857142,0.38775510204081637,0.37188208616780044,0.4328571428571429,0.14781606993149535,0.18668457303176456,0.09669579575103295,-0.5714285714285714,8.4,1.0
Jordan Woodard,28.942857142857143,91.6,17.714285714285715,8.371428571428572,0.4,2.8857142857142857,3.6,2.085714285714286,0.11428571428571428,1.4,1.6285714285714286,0.39459183673469383,0.17857142857142858,0.6661337868480726,0.11982816390240562,0.09090517323356774,0.20888124214537215,-1.1428571428571428,8.4,1.0
Khadeem Lattin,10.457142857142857,61.17142857142857,7.457142857142857,1.8,1.0,1.8571428571428572,0.2571428571428571,0.37142857142857144,0.8571428571428571,0.34285714285714286,1.7714285714285714,0.2540136054421768,0.0,0.1,0.04312290806280473,0.0014285714285714286,0.02604411461554319,1.6571428571428573,8.4,0.0
Ryan Spangler,28.65714285714286,108.82857142857142,14.2,9.142857142857142,2.1714285714285713,5.142857142857143,1.2571428571428571,1.2571428571428571,1.0571428571428572,0.6571428571428571,2.1714285714285713,0.5660740053597196,0.16428571428571428,0.4533333333333333,0.13746067637008313,0.05285291564791787,0.11604713881273455,0.9142857142857143,8.4,1.0
TaShawn Thomas,26.685714285714287,95.57142857142857,20.057142857142857,10.342857142857143,1.8857142857142857,4.0285714285714285,1.3428571428571427,1.7714285714285714,1.2857142857142858,0.5428571428571428,1.9142857142857144,0.48631619314392416,0.0,0.538718820861678,0.2043039974433203,0.004625850340136055,0.16959597636746698,0.11428571428571428,8.4,1.0
