,MP,ORtg,%Ps,Pts,OR,DR,A,TO,Blk,Stl,PF,2Pt %,3Pt %,FT %,2Pt %Att,3Pt %Att,FT %Att,Pnts-Prev,Marg,Maj Cont
Angelo Chol,6.6,32.94285714285714,6.228571428571429,1.4857142857142858,0.6571428571428571,0.8857142857142857,0.08571428571428572,0.5142857142857142,0.22857142857142856,0.11428571428571428,0.7142857142857143,0.19714285714285712,0.0,0.11571428571428571,0.04044343926218064,0.0,0.02381041305411053,-0.34285714285714286,8.771428571428572,0.0
Brandon Ashley,18.942857142857143,94.97142857142858,18.82857142857143,7.0,1.4285714285714286,3.4,0.6285714285714286,1.3714285714285714,0.5142857142857142,0.4857142857142857,2.4857142857142858,0.42391156462585033,0.08571428571428572,0.5017913832199546,0.13323194022684676,0.005125231910946196,0.13305150770184518,-0.7428571428571429,8.771428571428572,1.0
Grant Jerrett,16.085714285714285,100.51428571428572,12.971428571428572,4.714285714285714,0.9714285714285714,2.1714285714285713,0.5142857142857142,0.5142857142857142,0.8857142857142857,0.42857142857142855,1.1428571428571428,0.3219047619047618,0.32714285714285707,0.20476190476190476,0.05669296356200232,0.10635139092108042,0.03092595120545431,1.6,8.771428571428572,0.0
Jordin Mayes,10.542857142857143,60.22857142857143,9.714285714285714,2.4571428571428573,0.11428571428571428,0.5714285714285714,0.8285714285714286,0.7142857142857143,0.02857142857142857,0.4857142857142857,0.8857142857142857,0.20476190476190478,0.18333333333333332,0.16666666666666669,0.029868719159304665,0.064639105187951,0.02591384379838892,-0.4,8.771428571428572,1.0
Kaleb Tarczewski,20.057142857142857,92.14285714285714,17.114285714285714,5.914285714285715,2.0285714285714285,3.5142857142857142,0.34285714285714286,1.4,0.6,0.2857142857142857,2.2,0.4797052154195013,0.0,0.3940136054421769,0.12500887161187024,0.0,0.12431965595229251,-1.0285714285714285,8.771428571428572,1.0
Kevin Parrom,21.485714285714284,118.25714285714285,16.2,7.628571428571429,1.5714285714285714,2.8857142857142857,1.7428571428571429,1.0,0.2,0.5428571428571428,1.5714285714285714,0.5161904761904762,0.3014285714285714,0.4261904761904762,0.07819016733051358,0.14083854723916125,0.08139220750362412,-0.5142857142857142,8.771428571428572,1.0
Mark Lyons,27.4,100.02857142857142,24.857142857142858,13.514285714285714,0.17142857142857143,1.6,2.7142857142857144,2.5142857142857142,0.05714285714285714,1.0285714285714285,2.2285714285714286,0.458140589569161,0.29112244897959183,0.6982993197278913,0.14872904274214357,0.2589545346352984,0.17990034846090264,-2.857142857142857,8.771428571428572,1.0
Nick Johnson,28.542857142857144,106.8,18.885714285714286,10.714285714285714,0.4,2.7714285714285714,2.914285714285714,1.6571428571428573,0.5428571428571428,1.7428571428571429,1.6571428571428573,0.45879818594104305,0.3466666666666667,0.6211224489795919,0.15178206169126118,0.14540014093980522,0.16170967601505262,1.2571428571428571,8.771428571428572,1.0
Solomon Hill,30.2,108.8,20.542857142857144,12.285714285714286,1.6285714285714286,3.2285714285714286,2.5714285714285716,2.057142857142857,0.5142857142857142,1.1428571428571428,1.9714285714285715,0.44870486656200936,0.30391156462585034,0.49414965986394555,0.1503385086995912,0.1929767634514718,0.15326211059404335,-0.8,8.771428571428572,1.0
