,MP,ORtg,%Ps,Pts,OR,DR,A,TO,Blk,Stl,PF,2Pt %,3Pt %,FT %,2Pt %Att,3Pt %Att,FT %Att,Pnts-Prev,Marg,Maj Cont
Ben Bentil,20.676470588235293,88.1470588235294,15.558823529411764,6.205882352941177,2.2058823529411766,2.411764705882353,0.6176470588235294,1.1176470588235294,0.35294117647058826,0.2647058823529412,2.5,0.4442684766214178,0.17647058823529413,0.29687208216619987,0.10168143634691726,0.05289332915106909,0.08840263704316,-1.0,4.588235294117647,1.0
Carson Desrosiers,23.529411764705884,100.41176470588235,14.029411764705882,6.352941176470588,1.4411764705882353,2.5588235294117645,0.7941176470588235,0.8235294117647058,2.323529411764706,0.3235294117647059,2.735294117647059,0.4133636788048553,0.08333333333333333,0.5560224089635855,0.11539219438910277,0.027580900781365176,0.11043830764497464,3.6470588235294117,4.588235294117647,0.0
Jalen Lindsey,16.205882352941178,67.70588235294117,7.529411764705882,3.3823529411764706,0.47058823529411764,0.9705882352941176,0.14705882352941177,0.23529411764705882,0.08823529411764706,0.4117647058823529,1.1176470588235294,0.21078431372549017,0.23438375350140053,0.14215686274509803,0.018036179322161533,0.15501859681426247,0.02070222681519974,0.5294117647058824,4.588235294117647,1.0
Junior Lomomba,10.088235294117647,44.6764705882353,6.088235294117647,1.5588235294117647,0.3235294117647059,0.7647058823529411,0.38235294117647056,0.35294117647058826,0.029411764705882353,0.23529411764705882,0.7941176470588235,0.21813725490196076,0.058823529411764705,0.1754901960784314,0.025184202881201292,0.023471856231144155,0.037339340181577155,-0.17647058823529413,4.588235294117647,0.0
Kris Dunn,32.05882352941177,98.82352941176471,28.735294117647058,14.823529411764707,0.8235294117647058,4.4411764705882355,7.147058823529412,3.8529411764705883,0.29411764705882354,2.6176470588235294,2.823529411764706,0.48184299360769955,0.28634453781512603,0.5435807656395892,0.22557302339294605,0.13272268237438511,0.21618770296355924,-1.8823529411764706,4.588235294117647,1.0
Kyron Cartwright,18.235294117647058,67.3529411764706,11.705882352941176,3.3529411764705883,0.20588235294117646,1.3529411764705883,2.5588235294117645,1.1470588235294117,0.058823529411764705,0.6176470588235294,1.1176470588235294,0.32612044817927166,0.0392156862745098,0.2838235294117647,0.06001594415332387,0.062179768545867625,0.04029687661852549,-0.9411764705882353,4.588235294117647,1.0
LaDontae Henton,35.8235294117647,104.38235294117646,24.529411764705884,19.147058823529413,1.6764705882352942,4.529411764705882,0.8529411764705882,1.9705882352941178,0.4411764705882353,1.3235294117647058,2.176470588235294,0.47237179631210763,0.29523809523809524,0.7193362193362195,0.23824432758299555,0.32931081861035416,0.2571412497958146,-0.4117647058823529,4.588235294117647,1.0
Paschal Chukwu,9.764705882352942,58.529411764705884,7.235294117647059,2.6470588235294117,0.9705882352941176,1.4705882352941178,0.14705882352941177,0.5588235294117647,0.6764705882352942,0.2647058823529412,1.8235294117647058,0.4970588235294117,0.0,0.2639705882352941,0.03680693377138595,0.0,0.050539403141205606,0.7647058823529411,4.588235294117647,0.0
Ted Bancroft,2.6470588235294117,4.705882352941177,0.8529411764705882,0.6176470588235294,0.11764705882352941,0.3235294117647059,0.08823529411764706,0.08823529411764706,0.058823529411764705,0.08823529411764706,0.29411764705882354,0.029411764705882353,0.058823529411764705,0.01680672268907563,0.001845444059976932,0.028262067310054925,0.005147058823529412,0.11764705882352941,4.588235294117647,0.0
Tyler Harris,26.205882352941178,95.73529411764706,18.88235294117647,9.882352941176471,1.2647058823529411,2.6470588235294117,0.9705882352941176,1.088235294117647,0.20588235294117646,0.8529411764705882,2.3529411764705883,0.4190242763772175,0.21078431372549017,0.5872549019607843,0.14780854939410656,0.15914821547561483,0.1443934322665718,-0.058823529411764705,4.588235294117647,1.0
