,MP,ORtg,%Ps,Pts,OR,DR,A,TO,Blk,Stl,PF,2Pt %,3Pt %,FT %,2Pt %Att,3Pt %Att,FT %Att,Pnts-Prev,Marg,Maj Cont
Arell Hennings,5.777777777777778,27.694444444444443,4.888888888888889,1.3333333333333333,0.1111111111111111,0.3055555555555556,0.6666666666666666,0.4722222222222222,0.0,0.2222222222222222,0.3888888888888889,0.1388888888888889,0.06481481481481481,0.13425925925925924,0.019056086648675603,0.02969869103209167,0.01922316299980409,-0.5,1.4722222222222223,1.0
Brynton Lemar,30.97222222222222,105.30555555555556,22.055555555555557,15.25,0.5555555555555556,2.5833333333333335,2.5,1.6388888888888888,0.08333333333333333,0.6944444444444444,1.9444444444444444,0.3964616402116403,0.3591129549462883,0.6394545654962321,0.15346344430483277,0.3066498732171826,0.21177397090851524,-1.7222222222222223,1.4722222222222223,1.0
Chima Moneke,25.583333333333332,91.02777777777777,26.944444444444443,13.555555555555555,2.4166666666666665,6.472222222222222,0.7777777777777778,2.5,1.3888888888888888,0.8333333333333334,2.5555555555555554,0.4722351722351721,0.0,0.520627405002405,0.24818780087397518,0.0,0.2541274005394929,-0.5555555555555556,1.4722222222222223,1.0
Darius Graham,27.555555555555557,96.08333333333333,14.86111111111111,7.111111111111111,0.2777777777777778,1.4444444444444444,3.0,1.8055555555555556,0.027777777777777776,0.5277777777777778,1.8333333333333333,0.40092592592592596,0.3087962962962963,0.3784722222222222,0.07198253716825796,0.17226363846834858,0.06428336752481487,-2.5,1.4722222222222223,1.0
Garrison Goode,13.75,58.69444444444444,6.388888888888889,1.6111111111111112,1.0277777777777777,1.4444444444444444,0.4722222222222222,0.5833333333333334,0.1111111111111111,0.4444444444444444,1.5,0.2671957671957672,0.0,0.13472222222222224,0.035036639738443766,0.0,0.0371450855906352,-0.05555555555555555,1.4722222222222223,0.0
Georgi Funtarov,2.0555555555555554,7.0,0.6944444444444444,0.2777777777777778,0.1388888888888889,0.19444444444444445,0.05555555555555555,0.08333333333333333,0.05555555555555555,0.027777777777777776,0.19444444444444445,0.06944444444444445,0.0,0.027777777777777776,0.004529435626996602,0.005329739704739705,0.007524037093929566,0.0,1.4722222222222223,0.0
Joe Mooney,5.333333333333333,19.916666666666668,3.111111111111111,1.0277777777777777,0.027777777777777776,0.25,0.25,0.16666666666666666,0.0,0.16666666666666666,0.4166666666666667,0.12037037037037036,0.06481481481481481,0.07407407407407407,0.012220072624753614,0.04701302024528569,0.0077149470899470895,0.0,1.4722222222222223,0.0
JT Adenrele,18.083333333333332,81.05555555555556,15.13888888888889,5.111111111111111,1.5277777777777777,3.0277777777777777,0.4444444444444444,1.1944444444444444,0.6666666666666666,0.7777777777777778,2.5833333333333335,0.4441468253968253,0.0,0.3203703703703704,0.10643844314653786,0.0,0.06854690275230184,0.5,1.4722222222222223,1.0
Lawrence White,25.61111111111111,93.80555555555556,15.527777777777779,7.194444444444445,0.6388888888888888,2.75,1.4166666666666667,1.4444444444444444,0.7222222222222222,0.9444444444444444,2.361111111111111,0.47546296296296287,0.2712962962962963,0.39087301587301587,0.10374168271756636,0.11112227107793471,0.09939977487213561,0.4444444444444444,1.4722222222222223,1.0
Michael Onyebalu,2.25,3.638888888888889,0.3055555555555556,0.3888888888888889,0.027777777777777776,0.2222222222222222,0.05555555555555555,0.08333333333333333,0.0,0.027777777777777776,0.2777777777777778,0.05555555555555555,0.05555555555555555,0.013888888888888888,0.0029466966966966972,0.011295659731967894,0.005291005291005291,-0.1111111111111111,1.4722222222222223,0.0
Mikey Henn,11.86111111111111,46.75,9.833333333333334,3.7777777777777777,0.4722222222222222,1.0,0.6111111111111112,1.0277777777777777,0.08333333333333333,0.2222222222222222,1.9166666666666667,0.28495370370370376,0.2199074074074074,0.1787037037037037,0.06415199030759577,0.05973453804591352,0.04545453960414965,-1.4444444444444444,1.4722222222222223,1.0
Siler Schneider,22.13888888888889,88.19444444444444,24.11111111111111,9.916666666666666,0.5555555555555556,2.6666666666666665,1.9722222222222223,2.1944444444444446,0.05555555555555555,0.4722222222222222,2.2777777777777777,0.3892526455026455,0.35404541446208115,0.5208333333333334,0.12268961459011225,0.20133701292098005,0.12396025017771303,-3.3333333333333335,1.4722222222222223,1.0
