,MP,ORtg,%Ps,Pts,OR,DR,A,TO,Blk,Stl,PF,2Pt %,3Pt %,FT %,2Pt %Att,3Pt %Att,FT %Att,Pnts-Prev,Marg
Brock Bertram,2.4411764705882355,7.705882352941177,0.6176470588235294,0.5882352941176471,0.35294117647058826,0.20588235294117646,0.029411764705882353,0.11764705882352941,0.11764705882352941,0.08823529411764706,0.5588235294117647,0.11764705882352941,0.0,0.029411764705882353,0.012495982778538903,0.0,0.005742296918767507,0.17647058823529413,8.941176470588236
CJ Massinburg,33.85294117647059,119.91176470588235,21.235294117647058,16.88235294117647,2.176470588235294,5.176470588235294,2.5,1.6470588235294117,0.47058823529411764,1.1470588235294117,2.088235294117647,0.5683500323206205,0.3561391223155929,0.6105254222901282,0.14382514528237425,0.23174613159261614,0.26278127398206935,-0.058823529411764705,8.941176470588236
Davonta Jordan,25.441176470588236,97.61764705882354,17.735294117647058,6.852941176470588,0.38235294117647056,2.5588235294117645,4.176470588235294,2.323529411764706,0.38235294117647056,1.1764705882352942,2.9705882352941178,0.4807613954672778,0.22219887955182072,0.24313725490196075,0.11076095343036192,0.07096886695182082,0.055434134793601764,-1.5294117647058822,8.941176470588236
Dontay Caruthers,12.205882352941176,63.26470588235294,10.088235294117647,4.705882352941177,0.5294117647058824,1.0588235294117647,1.411764705882353,1.0,0.029411764705882353,0.5294117647058824,2.0294117647058822,0.38921568627450975,0.22941176470588234,0.15196078431372548,0.05580849117020042,0.03249348249326875,0.046910545594756124,-0.8823529411764706,8.941176470588236
Ikenna Smart,9.147058823529411,56.55882352941177,7.823529411764706,2.6470588235294117,0.9705882352941176,1.6176470588235294,0.08823529411764706,0.5882352941176471,0.3235294117647059,0.14705882352941177,1.7941176470588236,0.40931372549019607,0.0,0.11029411764705882,0.04334162015647006,0.001278772378516624,0.04604914041878086,-0.23529411764705882,8.941176470588236
James Reese,5.705882352941177,18.029411764705884,3.3823529411764706,1.7941176470588236,0.17647058823529413,0.47058823529411764,0.5,0.3235294117647059,0.11764705882352941,0.23529411764705882,0.9411764705882353,0.17647058823529413,0.08676470588235295,0.11274509803921569,0.014977832826081602,0.04217381865600186,0.027011724422210358,0.058823529411764705,8.941176470588236
Jayvon Graves,16.735294117647058,89.3529411764706,15.382352941176471,5.352941176470588,0.7352941176470589,1.5588235294117647,1.0588235294117647,0.7941176470588235,0.8529411764705882,0.5,1.5588235294117647,0.38921568627450975,0.23137254901960783,0.2808823529411764,0.0661240681750168,0.09191568051160115,0.06925908139801626,1.1176470588235294,8.941176470588236
Jeremy Harris,33.11764705882353,122.23529411764706,18.41176470588235,15.411764705882353,1.3529411764705883,4.588235294117647,2.235294117647059,1.2352941176470589,0.7647058823529411,1.0294117647058822,2.176470588235294,0.49363912231559287,0.4183706816059758,0.5531045751633987,0.14821668175527603,0.23477558897408488,0.11211680844039854,1.1176470588235294,8.941176470588236
Montell McRae,13.323529411764707,58.26470588235294,8.0,3.1470588235294117,1.0294117647058822,1.5294117647058822,0.35294117647058826,0.6470588235294118,0.35294117647058826,0.2647058823529412,2.2058823529411766,0.40196078431372545,0.14411764705882354,0.18627450980392157,0.035311707907936744,0.04789232893178745,0.03456430589189333,-0.058823529411764705,8.941176470588236
Nick Perkins,27.529411764705884,107.97058823529412,27.58823529411765,16.558823529411764,2.264705882352941,3.911764705882353,0.7941176470588235,2.0,0.6764705882352942,0.3235294117647059,2.3823529411764706,0.5318910664498899,0.26106442577030814,0.6641241111829348,0.24600054510004288,0.11964491787196119,0.23846438910209108,-2.0,8.941176470588236
Wes Clark,20.823529411764707,80.79411764705883,17.323529411764707,10.323529411764707,0.23529411764705882,2.264705882352941,3.735294117647059,1.588235294117647,0.11764705882352941,0.9117647058823529,2.088235294117647,0.340158126187538,0.28725490196078435,0.36601307189542487,0.12313697141770048,0.1271104116383412,0.10166629903741478,-1.1176470588235294,8.941176470588236
