,MP,ORtg,%Ps,Pts,OR,DR,A,TO,Blk,Stl,PF,2Pt %,3Pt %,FT %,2Pt %Att,3Pt %Att,FT %Att,Pnts-Prev,Marg,Maj Cont
Edmond Sumner,18.31578947368421,64.44736842105263,13.289473684210526,8.263157894736842,0.2894736842105263,2.1052631578947367,2.763157894736842,1.5263157894736843,0.42105263157894735,0.7105263157894737,1.3421052631578947,0.29397700252963405,0.13903508771929823,0.38239911103688196,0.12181076277006142,0.052343955286863066,0.13857388076645025,-0.7894736842105263,2.9210526315789473,0.0
JP Macura,29.81578947368421,100.86842105263158,19.710526315789473,13.0,1.131578947368421,2.763157894736842,2.5526315789473686,1.894736842105263,0.18421052631578946,1.2894736842105263,2.1315789473684212,0.4719658995974784,0.2576241740715424,0.6321637426900585,0.14596618159434946,0.22690538200817825,0.16332759025155472,-0.8421052631578947,2.9210526315789473,1.0
Kaiser Gates,15.68421052631579,76.0,10.5,4.2368421052631575,0.9210526315789473,2.1578947368421053,0.47368421052631576,0.5263157894736842,0.13157894736842105,0.3684210526315789,1.4473684210526316,0.27631578947368424,0.25977443609022555,0.26228070175438595,0.02892696612480758,0.12839513804764122,0.040655131801870255,-0.05263157894736842,2.9210526315789473,1.0
Malcolm Bernard,25.105263157894736,87.92105263157895,12.157894736842104,5.7368421052631575,1.105263157894737,2.4210526315789473,1.4210526315789473,1.394736842105263,0.2631578947368421,0.9210526315789473,2.4210526315789473,0.3399122807017544,0.3029448621553885,0.33771929824561403,0.05481253734639425,0.14294425877357836,0.06779099194253861,-0.42105263157894735,2.9210526315789473,1.0
Myles Davis,0.8947368421052632,1.868421052631579,1.1842105263157894,0.05263157894736842,0.0,0.05263157894736842,0.0,0.05263157894736842,0.0,0.02631578947368421,0.13157894736842105,0.0,0.0,0.02631578947368421,0.0015969410706252814,0.006428901200369344,0.0031644096979850157,-0.05263157894736842,2.9210526315789473,0.0
Quentin Goodin,20.42105263157895,67.71052631578948,13.842105263157896,4.447368421052632,0.13157894736842105,1.5526315789473684,2.8684210526315788,1.5789473684210527,0.13157894736842105,0.868421052631579,1.7894736842105263,0.3412280701754386,0.16854636591478697,0.27848788638262323,0.09126808694682398,0.06134399680600494,0.07037809398970306,-1.1578947368421053,2.9210526315789473,1.0
RaShid Gaston,17.526315789473685,96.39473684210526,18.07894736842105,7.105263157894737,2.3684210526315788,3.3421052631578947,0.6052631578947368,1.0789473684210527,0.5,0.13157894736842105,2.1052631578947367,0.5100298823983034,0.0,0.37838345864661654,0.1363432280120872,0.0,0.10166402482130167,-0.8947368421052632,2.9210526315789473,0.0
Sean O'Mara,11.552631578947368,76.3157894736842,12.868421052631579,4.947368421052632,1.2105263157894737,1.3157894736842106,0.5,0.8157894736842105,0.23684210526315788,0.2631578947368421,1.5,0.4624373433583959,0.0,0.29298245614035084,0.09058057807071566,0.0,0.06029948863944651,-0.631578947368421,2.9210526315789473,1.0
Tim Stainbrook,0.9210526315789473,0.0,0.0,0.07894736842105263,0.0,0.07894736842105263,0.05263157894736842,0.0,0.02631578947368421,0.0,0.10526315789473684,0.0,0.02631578947368421,0.0,0.0,0.005136504362510555,0.0,0.05263157894736842,2.9210526315789473,0.0
Trevon Bluiett,29.394736842105264,91.6842105263158,20.05263157894737,15.263157894736842,0.631578947368421,4.2368421052631575,1.7894736842105263,1.7105263157894737,0.10526315789473684,0.7105263157894737,1.9736842105263157,0.38394945697577276,0.28145633606159925,0.5618107769423559,0.15207300013827446,0.2712387056201176,0.2039842266893557,-1.7894736842105263,2.9210526315789473,1.0
Tyrique Jones,9.394736842105264,46.71052631578947,8.842105263157896,3.5526315789473686,1.4736842105263157,1.368421052631579,0.2631578947368421,0.6052631578947368,0.39473684210526316,0.21052631578947367,1.763157894736842,0.4807017543859649,0.0,0.13652882205513783,0.07135856003112387,0.0,0.04489900350505749,0.0,2.9210526315789473,1.0
