,MP,ORtg,%Ps,Pts,OR,DR,A,TO,Blk,Stl,PF,2Pt %,3Pt %,FT %,2Pt %Att,3Pt %Att,FT %Att,Pnts-Prev,Marg,Maj Cont
Connor Devine,6.147058823529412,42.85294117647059,4.823529411764706,1.911764705882353,0.5,0.6764705882352942,0.20588235294117646,0.20588235294117646,0.4117647058823529,0.058823529411764705,1.0294117647058822,0.338235294117647,0.0,0.1476890756302521,0.027978266187790105,0.0,0.03771480550866837,0.5294117647058824,8.235294117647058,0.0
Deondre Parks,30.41176470588235,101.44117647058823,21.352941176470587,13.823529411764707,0.7352941176470589,3.6470588235294117,1.411764705882353,1.588235294117647,0.20588235294117646,0.7647058823529411,2.176470588235294,0.439201362363127,0.30980392156862746,0.6139578558696206,0.18730333713015646,0.2061034216925213,0.16993067501112127,-1.2352941176470589,8.235294117647058,1.0
George Marshall,27.058823529411764,87.70588235294117,17.08823529411765,11.794117647058824,0.058823529411764705,2.7058823529411766,2.176470588235294,1.0294117647058822,0.058823529411764705,0.6470588235294118,1.588235294117647,0.328734827264239,0.29892623716153127,0.48392857142857143,0.13386354942444967,0.2377302580515194,0.1307686270496909,-0.6470588235294118,8.235294117647058,1.0
Ian Theisen,16.941176470588236,103.20588235294117,16.558823529411764,6.0,1.1470588235294117,2.2941176470588234,0.5,1.0,0.6176470588235294,0.17647058823529413,2.8529411764705883,0.5064425770308124,0.25,0.4598039215686274,0.08610419875648845,0.04798029143252156,0.07989566359276769,-0.4117647058823529,8.235294117647058,1.0
Jake Bittle,18.970588235294116,72.44117647058823,14.617647058823529,6.294117647058823,1.0294117647058822,2.4705882352941178,1.6176470588235294,1.5,0.08823529411764706,0.7647058823529411,1.9705882352941178,0.33088235294117646,0.21323529411764705,0.4352559205500382,0.08995079532224541,0.09681483400694144,0.07991743636055008,-1.2941176470588236,8.235294117647058,1.0
Keaton Moffitt,22.176470588235293,96.76470588235294,13.852941176470589,5.411764705882353,1.1764705882352942,2.9705882352941178,1.8823529411764706,1.1176470588235294,0.14705882352941177,0.7058823529411765,2.1176470588235294,0.5117243867243867,0.10294117647058823,0.2704831932773109,0.10382371318029548,0.014942025908766591,0.07453795864243276,-0.5294117647058824,8.235294117647058,1.0
Lane Severyn,8.029411764705882,47.970588235294116,4.176470588235294,1.411764705882353,0.4411764705882353,1.088235294117647,0.4117647058823529,0.4411764705882353,0.08823529411764706,0.11764705882352941,1.1176470588235294,0.19117647058823528,0.20098039215686272,0.08823529411764706,0.009900918804150264,0.04328731998087683,0.009132160235101413,-0.47058823529411764,8.235294117647058,0.0
Mike Daum,19.91176470588235,120.88235294117646,30.941176470588236,14.764705882352942,2.088235294117647,3.823529411764706,0.7941176470588235,1.5588235294117647,0.3235294117647059,0.47058823529411764,2.0,0.5604988965283082,0.27303921568627454,0.7545868347338935,0.1971614513368675,0.08329381959835802,0.2182023862083646,-1.5294117647058822,8.235294117647058,1.0
Reed Tellinghuisen,28.970588235294116,97.6470588235294,15.764705882352942,8.794117647058824,1.3529411764705883,3.4411764705882355,1.1764705882352942,1.5294117647058822,0.4117647058823529,0.29411764705882354,2.411764705882353,0.37990196078431376,0.3178369832781598,0.3607843137254902,0.0750430346388101,0.21967861900503735,0.07978908142621945,-1.6470588235294117,8.235294117647058,1.0
Tevin King,13.823529411764707,65.32352941176471,10.852941176470589,3.6176470588235294,0.5294117647058824,1.1764705882352942,0.7647058823529411,0.9411764705882353,0.058823529411764705,0.7647058823529411,1.8235294117647058,0.3012286732874968,0.08823529411764706,0.3187908496732026,0.059458970512864265,0.020757645617575152,0.09069944125920111,-0.23529411764705882,8.235294117647058,1.0
