,MP,ORtg,%Ps,Pts,OR,DR,A,TO,Blk,Stl,PF,2Pt %,3Pt %,FT %,2Pt %Att,3Pt %Att,FT %Att,Pnts-Prev,Marg,Maj Cont
Cole Huff,22.37142857142857,115.91428571428571,15.342857142857143,8.971428571428572,0.5428571428571428,3.2857142857142856,0.6285714285714286,0.6285714285714286,0.11428571428571428,0.4,1.7428571428571429,0.40857142857142853,0.4259183673469388,0.41714285714285715,0.07069376550288684,0.17481849341273795,0.10650218987196136,-0.22857142857142856,9.342857142857143,0.0
Davion Mintz,9.714285714285714,45.0,9.285714285714286,2.657142857142857,0.02857142857142857,0.8571428571428571,1.457142857142857,0.9428571428571428,0.11428571428571428,0.42857142857142855,0.9714285714285714,0.2452380952380952,0.11904761904761903,0.20833333333333331,0.03732729068355172,0.031167782570009368,0.04267419477503511,-0.8,9.342857142857143,1.0
Isaiah Zierden,19.714285714285715,113.2,9.82857142857143,4.914285714285715,0.11428571428571428,1.8,0.8285714285714286,0.5714285714285714,0.05714285714285714,0.4,1.3428571428571427,0.15714285714285714,0.4,0.4238095238095238,0.0095475077918633,0.13056965236758708,0.0657628452833351,-0.22857142857142856,9.342857142857143,0.0
Justin Patton,24.685714285714287,115.94285714285714,20.97142857142857,12.714285714285714,1.6,4.428571428571429,1.1714285714285715,1.7142857142857142,1.4,0.8571428571428571,2.6,0.6869693005407291,0.22857142857142856,0.3425170068027211,0.20151383065035258,0.019245982450951393,0.13331322531638984,1.0857142857142856,9.342857142857143,1.0
Khyri Thomas,30.257142857142856,112.91428571428571,19.62857142857143,12.028571428571428,1.457142857142857,4.114285714285714,3.2857142857142856,1.9714285714285715,0.4,1.457142857142857,1.5142857142857142,0.5672344322344324,0.3562925170068027,0.5388095238095238,0.14780789779114126,0.1539203784273396,0.12677803923534472,-0.22857142857142856,9.342857142857143,1.0
Marcus Foster,29.8,100.91428571428571,27.6,17.8,0.2,2.5714285714285716,2.3714285714285714,2.142857142857143,0.05714285714285714,0.6,1.9142857142857144,0.5462668680525823,0.3264306328592044,0.6098299319727891,0.22835997532852498,0.27858762315777297,0.19724979473073104,-2.9714285714285715,9.342857142857143,1.0
Martin Krampelj,4.8,21.314285714285713,4.4,2.2285714285714286,0.8,1.0285714285714285,0.17142857142857143,0.3142857142857143,0.2857142857142857,0.02857142857142857,0.7428571428571429,0.2687074829931973,0.05714285714285714,0.14659863945578233,0.034101239143730554,0.010921004557429377,0.05381827654206171,0.0,9.342857142857143,0.0
Maurice Watson,16.228571428571428,57.05714285714286,14.457142857142857,7.0,0.17142857142857143,1.2285714285714286,4.628571428571429,2.0285714285714285,0.0,0.8,1.0285714285714285,0.2848407941265084,0.19285714285714287,0.2792702535559679,0.11477610373199254,0.04529449676171981,0.0840879911260125,-2.4571428571428573,9.342857142857143,0.0
Ronnie Harrell,4.742857142857143,34.77142857142857,4.228571428571429,1.4857142857142858,0.42857142857142855,0.8285714285714286,0.42857142857142855,0.14285714285714285,0.08571428571428572,0.17142857142857143,0.3142857142857143,0.21238095238095236,0.06666666666666665,0.1333333333333333,0.02055538074656477,0.01289173264799671,0.03122570240217299,0.22857142857142856,9.342857142857143,1.0
Toby Hegner,16.228571428571428,88.22857142857143,11.714285714285714,4.8,0.7428571428571429,2.5714285714285716,0.45714285714285713,0.4,0.22857142857142856,0.37142857142857144,1.8571428571428572,0.2933333333333333,0.3395238095238095,0.18707482993197277,0.036237433495881786,0.08937539771722415,0.07552592935682496,0.4,9.342857142857143,1.0
Tyler Clement,7.485714285714286,39.05714285714286,4.942857142857143,1.2857142857142858,0.02857142857142857,0.7714285714285715,1.0857142857142856,0.7142857142857143,0.02857142857142857,0.22857142857142856,1.0285714285714285,0.17142857142857143,0.12857142857142856,0.05238095238095238,0.01246090047463568,0.02463602735780302,0.016054421768707482,-0.9142857142857143,9.342857142857143,0.0
Zach Hanson,5.485714285714286,39.68571428571428,7.114285714285714,3.0285714285714285,0.4,0.8,0.08571428571428572,0.3142857142857143,0.02857142857142857,0.17142857142857143,0.7142857142857143,0.3386394557823129,0.0,0.15476190476190474,0.05804724608744538,0.0,0.03843596101999463,-0.22857142857142856,9.342857142857143,1.0
