,MP,ORtg,%Ps,Pts,OR,DR,A,TO,Blk,Stl,PF,2Pt %,3Pt %,FT %,2Pt %Att,3Pt %Att,FT %Att,Pnts-Prev,Marg,Maj Cont
Amile Jefferson,18.487179487179485,97.58974358974359,13.743589743589743,5.6923076923076925,2.051282051282051,3.0256410256410255,0.717948717948718,0.9743589743589743,0.5897435897435898,0.5128205128205128,1.7179487179487178,0.4885531135531136,0.0,0.26859991859991855,0.09708086585829415,0.0,0.08707408753097486,0.2564102564102564,12.717948717948717,0.0
Grayson Allen,6.435897435897436,32.84615384615385,6.538461538461538,3.051282051282051,0.20512820512820512,0.48717948717948717,0.358974358974359,0.358974358974359,0.1282051282051282,0.23076923076923078,0.8717948717948718,0.155982905982906,0.1752136752136752,0.26770451770451775,0.02550139177027545,0.057441060289740435,0.051269067987430264,0.0,12.717948717948717,1.0
Jahlil Okafor,25.025641025641026,97.28205128205128,22.487179487179485,14.538461538461538,3.2051282051282053,4.17948717948718,1.1538461538461537,2.1025641025641026,1.1282051282051282,0.6153846153846154,1.7692307692307692,0.5666779801395186,0.0,0.3867616044086633,0.2437843385352567,0.0,0.18967207039434536,-0.717948717948718,12.717948717948717,1.0
Justise Winslow,24.28205128205128,89.82051282051282,19.0,10.41025641025641,1.1025641025641026,3.923076923076923,1.6923076923076923,1.5384615384615385,0.6153846153846154,1.1025641025641026,2.358974358974359,0.42783434514203744,0.36489621489621493,0.44194139194139187,0.14054758267798964,0.12926360339319112,0.14490384207942886,0.358974358974359,12.717948717948717,1.0
Marshall Plumlee,8.128205128205128,53.82051282051282,4.153846153846154,1.9487179487179487,0.8717948717948718,1.1025641025641026,0.23076923076923078,0.3076923076923077,0.5384615384615384,0.20512820512820512,1.358974358974359,0.3888888888888889,0.02564102564102564,0.21153846153846154,0.022984114911983957,0.0008547008547008547,0.03387528793364337,0.8717948717948718,12.717948717948717,0.0
Matt Jones,17.53846153846154,87.07692307692308,11.35897435897436,5.128205128205129,0.8205128205128205,1.1794871794871795,0.8205128205128205,0.5897435897435898,0.07692307692307693,0.717948717948718,1.435897435897436,0.32008547008547,0.28547008547008546,0.2598290598290598,0.05587615999564365,0.12026048918199206,0.04154992763967123,0.41025641025641024,12.717948717948717,1.0
Quinn Cook,30.205128205128204,109.97435897435898,15.717948717948717,13.256410256410257,0.28205128205128205,2.4615384615384617,2.282051282051282,1.1025641025641026,0.02564102564102564,0.8717948717948718,1.6666666666666667,0.4872682872682873,0.3653799903799904,0.6140720390720391,0.10342480340182365,0.29991316983816485,0.10844178324106182,-0.41025641025641024,12.717948717948717,1.0
Rasheed Sulaimon,9.897435897435898,54.07692307692308,10.794871794871796,3.8205128205128207,0.10256410256410256,0.9230769230769231,0.8974358974358975,0.6666666666666666,0.02564102564102564,0.48717948717948717,1.0,0.1741147741147741,0.1987179487179487,0.22435897435897437,0.046984608066007544,0.07568913704148718,0.03451886849101703,-0.3076923076923077,12.717948717948717,0.0
Semi Ojeleye,1.6153846153846154,13.179487179487179,1.3846153846153846,0.46153846153846156,0.07692307692307693,0.28205128205128205,0.02564102564102564,0.0,0.0,0.07692307692307693,0.28205128205128205,0.02564102564102564,0.02735042735042735,0.05128205128205128,0.0013376415815440205,0.01722337211960821,0.007167607167607169,0.15384615384615385,12.717948717948717,0.0
Tyus Jones,28.256410256410255,102.6923076923077,16.666666666666668,9.820512820512821,0.46153846153846156,2.5641025641025643,4.871794871794871,1.7435897435897436,0.05128205128205128,1.2564102564102564,0.9743589743589743,0.3680754430754431,0.31880341880341884,0.6585164835164835,0.10863233935502745,0.14550831343496154,0.1476813036886662,-0.8717948717948718,12.717948717948717,1.0
