,MP,ORtg,%Ps,Pts,OR,DR,A,TO,Blk,Stl,PF,2Pt %,3Pt %,FT %,2Pt %Att,3Pt %Att,FT %Att,Pnts-Prev,Marg,Maj Cont
A.J. Davis,21.22222222222222,90.97222222222223,22.055555555555557,11.11111111111111,0.5277777777777778,2.8055555555555554,0.6111111111111112,1.4444444444444444,0.3611111111111111,1.1944444444444444,1.8888888888888888,0.47035341202007863,0.2920304232804233,0.3888888888888889,0.0918638988509198,0.28616500178453336,0.10517096469432799,0.2222222222222222,0.7777777777777778,1.0
Alioune Diouf,18.27777777777778,70.69444444444444,15.333333333333334,4.361111111111111,0.9444444444444444,2.1944444444444446,0.6944444444444444,1.2222222222222223,0.3611111111111111,0.8888888888888888,1.3055555555555556,0.3868827160493827,0.07407407407407407,0.3472222222222222,0.09429447496535376,0.04341400630100321,0.06801434995400511,0.05555555555555555,0.7777777777777778,1.0
Andre Nation,24.5,91.52777777777777,18.444444444444443,7.944444444444445,0.7222222222222222,1.9444444444444444,1.3611111111111112,1.25,1.1388888888888888,1.4166666666666667,1.9722222222222223,0.3636904761904762,0.27037037037037037,0.5022486772486772,0.10729372168782483,0.186764971772908,0.1422868718766358,2.611111111111111,0.7777777777777778,1.0
Charles Cooke,18.47222222222222,76.13888888888889,10.777777777777779,4.222222222222222,0.7222222222222222,1.4722222222222223,0.7777777777777778,0.4722222222222222,0.5,0.5833333333333334,0.8611111111111112,0.29305555555555557,0.16805555555555554,0.29768518518518516,0.05869297850533709,0.09735039426339287,0.0748500717298536,1.2222222222222223,0.7777777777777778,1.0
Devon Moore,31.055555555555557,102.33333333333333,19.694444444444443,10.63888888888889,1.0277777777777777,2.361111111111111,4.5,2.138888888888889,0.3888888888888889,1.1944444444444444,2.2222222222222223,0.4361696945030279,0.2384259259259259,0.6233796296296296,0.16385788743618096,0.09319812446186565,0.20345061390891223,-1.1111111111111112,0.7777777777777778,1.0
Enoch Hood,7.777777777777778,33.416666666666664,7.138888888888889,2.0277777777777777,0.5277777777777778,0.75,0.16666666666666666,0.5555555555555556,0.2777777777777778,0.1388888888888889,1.1111111111111112,0.23055555555555557,0.0,0.1087962962962963,0.04635356161845757,0.0014619883040935672,0.041325456950456946,-0.2777777777777778,0.7777777777777778,0.0
Rayshawn Goins,26.166666666666668,87.55555555555556,25.27777777777778,11.61111111111111,1.9722222222222223,4.777777777777778,0.7222222222222222,1.6388888888888888,0.3055555555555556,0.5833333333333334,2.1944444444444446,0.3713947272770801,0.19907407407407407,0.6002314814814815,0.24753503332889848,0.06930696045440626,0.2236198756045392,-1.5,0.7777777777777778,1.0
Ron Curry,24.86111111111111,85.69444444444444,13.472222222222221,5.305555555555555,0.4444444444444444,1.5,1.6111111111111112,0.9166666666666666,0.19444444444444445,0.8333333333333334,1.8611111111111112,0.31832010582010584,0.22870370370370374,0.34861111111111115,0.07270662850767264,0.16678299710224154,0.06540165690113064,0.2222222222222222,0.7777777777777778,1.0
Taylor Bessick,10.25,45.416666666666664,7.166666666666667,2.0277777777777777,0.6388888888888888,1.2777777777777777,0.19444444444444445,0.3888888888888889,0.4722222222222222,0.3333333333333333,1.6666666666666667,0.3460648148148148,0.0,0.10416666666666667,0.06184625954379946,0.0,0.020324582824582823,0.8333333333333334,0.7777777777777778,1.0
