,MP,ORtg,%Ps,Pts,OR,DR,A,TO,Blk,Stl,PF,2Pt %,3Pt %,FT %,2Pt %Att,3Pt %Att,FT %Att,Pnts-Prev,Marg,Maj Cont
Antravious Simmons,14.029411764705882,80.20588235294117,15.617647058823529,5.382352941176471,1.2352941176470589,2.176470588235294,0.38235294117647056,1.0294117647058822,0.17647058823529413,0.29411764705882354,2.264705882352941,0.4410830999066293,0.029411764705882353,0.29191176470588237,0.09893942457042486,0.0014705882352941176,0.06255316788575757,-1.1176470588235294,10.323529411764707,0.0
Brandon Goodwin,30.441176470588236,121.26470588235294,25.705882352941178,17.676470588235293,0.8235294117647058,3.676470588235294,3.8823529411764706,1.9705882352941178,0.058823529411764705,1.1764705882352942,2.0294117647058822,0.6042175961293607,0.35143557422969185,0.7071914773039341,0.18911148950888373,0.23641439952787374,0.2595823621120253,-1.4705882352941178,10.323529411764707,1.0
Christian Carlyle,5.470588235294118,24.41176470588235,1.7352941176470589,1.3235294117647058,0.2647058823529412,0.35294117647058826,0.5294117647058824,0.11764705882352941,0.058823529411764705,0.23529411764705882,0.4411764705882353,0.12794117647058822,0.04411764705882353,0.10294117647058823,0.0163001374663295,0.01058255166796416,0.027720010366613895,0.35294117647058826,10.323529411764707,0.0
Christian Terrell,26.705882352941178,109.8529411764706,17.264705882352942,9.647058823529411,0.7647058823529411,2.323529411764706,2.264705882352941,1.0588235294117647,0.23529411764705882,0.7352941176470589,1.588235294117647,0.4804388422035481,0.3536223580341227,0.40980392156862744,0.09544478249672499,0.2338393837143372,0.08594032979206744,-0.17647058823529413,10.323529411764707,1.0
Demetris Morant,25.205882352941178,124.73529411764706,16.294117647058822,10.352941176470589,2.823529411764706,4.9411764705882355,0.5294117647058824,1.3235294117647058,1.411764705882353,0.35294117647058826,2.8823529411764706,0.7398658531011472,0.0,0.39887955182072826,0.15013589076146425,0.0,0.09575374220834579,0.8823529411764706,10.323529411764707,1.0
Kevin Mickle,11.382352941176471,63.73529411764706,5.588235294117647,1.7647058823529411,1.1470588235294117,1.2941176470588236,0.3235294117647059,0.5882352941176471,0.3235294117647059,0.3235294117647059,1.2941176470588236,0.2696078431372549,0.0,0.12745098039215688,0.036699163525789676,0.0014705882352941176,0.02434269162210339,0.11764705882352941,10.323529411764707,0.0
Marc-Eddy Norelia,14.205882352941176,67.29411764705883,11.970588235294118,6.029411764705882,0.9705882352941176,2.264705882352941,0.7352941176470589,0.7352941176470589,0.4117647058823529,0.35294117647058826,1.0588235294117647,0.35540660320072087,0.029411764705882353,0.29534313725490197,0.10373441156833971,0.005748663101604279,0.08565459992065189,0.058823529411764705,10.323529411764707,1.0
Rayjon Tucker,17.794117647058822,105.97058823529412,15.058823529411764,7.264705882352941,0.6764705882352942,2.1176470588235294,0.9411764705882353,0.9411764705882353,0.23529411764705882,0.35294117647058826,1.7647058823529411,0.45483193277310924,0.35147058823529403,0.4459617180205416,0.06900205083160442,0.0979007419810255,0.12577132554223527,-0.7058823529411765,10.323529411764707,1.0
RaySean Scott,6.852941176470588,25.676470588235293,5.588235294117647,2.4705882352941178,0.2647058823529412,1.2647058823529411,0.2647058823529412,0.5,0.08823529411764706,0.11764705882352941,1.3235294117647058,0.2735294117647059,0.06862745098039216,0.17156862745098042,0.032405926562815796,0.05024962592800873,0.03272541171781431,-0.5882352941176471,10.323529411764707,0.0
Reggie Reid,13.382352941176471,71.67647058823529,12.617647058823529,2.823529411764706,0.058823529411764705,1.0,1.911764705882353,0.9411764705882353,0.029411764705882353,0.6176470588235294,0.9117647058823529,0.29705882352941176,0.15147058823529413,0.09558823529411764,0.034752669804628086,0.09318604627130236,0.018386426917184756,-0.5882352941176471,10.323529411764707,0.0
Zach Johnson,27.470588235294116,85.70588235294117,22.764705882352942,11.058823529411764,0.47058823529411764,2.1470588235294117,2.8529411764705883,2.5294117647058822,0.35294117647058826,1.2647058823529411,2.176470588235294,0.3996936070465483,0.31075566590272474,0.4070261437908497,0.14406228819711253,0.23972564663141338,0.1521581672093181,-1.8235294117647058,10.323529411764707,1.0
