,MP,ORtg,%Ps,Pts,OR,DR,A,TO,Blk,Stl,PF,2Pt %,3Pt %,FT %,2Pt %Att,3Pt %Att,FT %Att,Pnts-Prev,Marg,Maj Cont
Alpha Diallo,20.393939393939394,75.48484848484848,15.0,5.484848484848484,0.9393939393939394,2.1515151515151514,1.1515151515151516,1.2121212121212122,0.15151515151515152,0.8484848484848485,2.242424242424242,0.36491101491101485,0.14090909090909093,0.4484126984126984,0.08934471061105521,0.060728279959884605,0.11604367142292081,-0.42424242424242425,3.515151515151515,1.0
Drew Edwards,2.606060606060606,11.484848484848484,2.5454545454545454,0.7272727272727273,0.0,0.15151515151515152,0.06060606060606061,0.15151515151515152,0.030303030303030304,0.12121212121212122,0.30303030303030304,0.06565656565656565,0.0707070707070707,0.07575757575757576,0.010863451319129446,0.009199918439048873,0.015701314861393912,0.0,3.515151515151515,0.0
Emmitt Holt,25.666666666666668,103.33333333333333,20.96969696969697,11.606060606060606,1.5454545454545454,3.3333333333333335,0.9393939393939394,1.303030303030303,0.7272727272727273,0.6666666666666666,2.9393939393939394,0.5326916349643622,0.2752525252525252,0.5303708076435348,0.18705357854408142,0.09241378575055566,0.17012897003321392,0.18181818181818182,3.515151515151515,1.0
Isaiah Jackson,16.333333333333332,81.42424242424242,14.696969696969697,5.545454545454546,0.36363636363636365,2.0303030303030303,1.2424242424242424,1.0606060606060606,0.24242424242424243,0.5454545454545454,1.393939393939394,0.4042929292929293,0.24747474747474751,0.39466089466089466,0.06935379857011635,0.07303667250818463,0.0708725164677601,-0.5454545454545454,3.515151515151515,1.0
Jalen Lindsey,29.939393939393938,113.96969696969697,12.727272727272727,9.878787878787879,1.1515151515151516,2.9696969696969697,0.6060606060606061,0.696969696969697,0.24242424242424243,0.8181818181818182,2.0,0.4359307359307359,0.4213564213564213,0.4641053391053391,0.061676748983516695,0.24349549227316336,0.10026205161270647,0.7272727272727273,3.515151515151515,1.0
Kalif Young,12.848484848484848,56.24242424242424,12.575757575757576,3.1818181818181817,1.393939393939394,1.8181818181818181,0.3939393939393939,1.0,0.5151515151515151,0.36363636363636365,1.6666666666666667,0.44570707070707066,0.0,0.18181818181818182,0.06926384071407059,0.0012626262626262623,0.0713445524159399,-0.24242424242424243,3.515151515151515,0.0
Kyron Cartwright,32.18181818181818,99.60606060606061,23.242424242424242,11.090909090909092,0.5151515151515151,3.0,6.515151515151516,2.787878787878788,0.030303030303030304,1.0909090909090908,1.9090909090909092,0.4149056776062124,0.3363636363636363,0.5101370851370851,0.20231198467328326,0.1258494015940265,0.15585381047823427,-3.3333333333333335,3.515151515151515,1.0
Maliek White,11.181818181818182,53.60606060606061,10.181818181818182,2.484848484848485,0.15151515151515152,0.8484848484848485,1.2121212121212122,0.9696969696969697,0.06060606060606061,0.6060606060606061,1.0303030303030303,0.3055555555555555,0.20959595959595959,0.09090909090909091,0.039412904959708395,0.057188030656868984,0.018443126921387786,-0.6060606060606061,3.515151515151515,1.0
Rodney Bullock,31.757575757575758,92.33333333333333,25.545454545454547,15.212121212121213,1.3333333333333333,4.848484848484849,1.3636363636363635,2.4242424242424243,0.8181818181818182,1.121212121212121,2.212121212121212,0.4788104151740515,0.2546055796055796,0.6573068345795618,0.22205144075746783,0.2164409058431562,0.23527541270652205,-0.9696969696969697,3.515151515151515,1.0
Ryan Fazekas,10.575757575757576,56.57575757575758,5.393939393939394,2.727272727272727,0.0,0.9696969696969697,0.2727272727272727,0.15151515151515152,0.06060606060606061,0.3333333333333333,0.8484848484848485,0.202020202020202,0.21161616161616162,0.09090909090909091,0.018364510564540474,0.09008185640945462,0.015771542776890368,0.48484848484848486,3.515151515151515,0.0
