,MP,ORtg,%Ps,Pts,OR,DR,A,TO,Blk,Stl,PF,2Pt %,3Pt %,FT %,2Pt %Att,3Pt %Att,FT %Att,Pnts-Prev,Marg,Maj Cont
Damonte Dodd,13.972222222222221,84.66666666666667,9.777777777777779,2.7777777777777777,0.9444444444444444,1.6388888888888888,0.25,0.8611111111111112,0.6388888888888888,0.08333333333333333,2.2222222222222223,0.46111111111111114,0.0,0.2638888888888889,0.05060697707526943,0.0,0.04694623133801571,-0.2777777777777778,8.972222222222221,0.0
Diamond Stone,20.055555555555557,101.86111111111111,24.13888888888889,11.472222222222221,2.0555555555555554,2.861111111111111,0.3611111111111111,1.3055555555555556,1.4444444444444444,0.4722222222222222,1.8611111111111112,0.5170641472724805,0.0,0.5800617283950618,0.22572734499044333,0.0,0.18325317290174778,1.2222222222222223,8.972222222222221,1.0
Ivan Bender,1.1944444444444444,0.0,0.0,0.5,0.08333333333333333,0.3888888888888889,0.08333333333333333,0.1111111111111111,0.0,0.027777777777777776,0.1388888888888889,0.12962962962962962,0.0,0.04861111111111111,0.007416584648804292,0.0,0.009180762652984877,-0.16666666666666666,8.972222222222221,0.0
Jake Layman,28.416666666666668,105.61111111111111,15.972222222222221,10.305555555555555,1.0,3.861111111111111,1.0555555555555556,1.6388888888888888,0.8611111111111112,1.0277777777777777,1.8888888888888888,0.548015873015873,0.3520833333333333,0.6128968253968254,0.10323219959380178,0.17281598226553296,0.1171323749239972,0.5,8.972222222222221,1.0
Jared Nickens,18.166666666666668,84.91666666666667,11.555555555555555,4.861111111111111,0.3055555555555556,1.5,0.4722222222222222,0.4444444444444444,0.19444444444444445,0.2777777777777778,1.25,0.2638888888888889,0.29047619047619044,0.09722222222222222,0.022904194870206618,0.18701719869809627,0.012864174416424607,0.05555555555555555,8.972222222222221,1.0
Jaylen Brantley,6.666666666666667,46.833333333333336,6.111111111111111,2.0555555555555554,0.1111111111111111,0.6944444444444444,0.5,0.25,0.027777777777777776,0.19444444444444445,0.5833333333333334,0.20370370370370372,0.1527777777777778,0.12037037037037036,0.02424823865969633,0.03842542887022292,0.02217225161669606,-0.05555555555555555,8.972222222222221,0.0
Melo Trimble,29.944444444444443,105.72222222222223,22.75,13.166666666666666,0.3055555555555556,2.9444444444444446,4.666666666666667,2.4444444444444446,0.1388888888888889,1.1944444444444444,1.6111111111111112,0.4232914462081128,0.2869859307359308,0.6666877104377105,0.14854160123352922,0.23176951366985332,0.19918986853922893,-2.2222222222222223,8.972222222222221,1.0
Michal Cekovsky,6.777777777777778,39.80555555555556,6.583333333333333,1.8611111111111112,0.4166666666666667,1.0833333333333333,0.1111111111111111,0.4444444444444444,0.3055555555555556,0.16666666666666666,1.25,0.21944444444444444,0.0,0.18333333333333332,0.035737478839232804,0.0012626262626262627,0.05231218980667721,0.05555555555555555,8.972222222222221,0.0
Rasheed Sulaimon,29.86111111111111,105.33333333333333,16.75,10.166666666666666,0.25,2.9722222222222223,3.2777777777777777,1.7222222222222223,0.08333333333333333,0.9722222222222222,1.2777777777777777,0.43435846560846564,0.38765432098765434,0.4696759259259259,0.11730717984626386,0.16728051814530093,0.10958271482123043,-1.3333333333333333,8.972222222222221,1.0
Robert Carter,24.194444444444443,105.38888888888889,22.77777777777778,11.694444444444445,1.5555555555555556,4.666666666666667,1.75,1.9444444444444444,1.2222222222222223,0.75,2.4722222222222223,0.5952050264550266,0.23062169312169306,0.6061838624338625,0.17627462786985146,0.09861593007838759,0.15049142599705315,0.05555555555555555,8.972222222222221,1.0
Varun Ram,3.3055555555555554,12.11111111111111,1.6111111111111112,0.6111111111111112,0.05555555555555555,0.19444444444444445,0.25,0.19444444444444445,0.0,0.16666666666666666,0.6111111111111112,0.013888888888888888,0.05092592592592592,0.06944444444444445,0.004670239039567533,0.0194794686766464,0.013541499652610764,-0.05555555555555555,8.972222222222221,0.0
