,MP,ORtg,%Ps,Pts,OR,DR,A,TO,Blk,Stl,PF,2Pt %,3Pt %,FT %,2Pt %Att,3Pt %Att,FT %Att,Pnts-Prev,Marg,Maj Cont
Aaron Gordon,27.68421052631579,92.07894736842105,20.763157894736842,10.868421052631579,2.3421052631578947,4.631578947368421,1.631578947368421,1.236842105263158,0.7894736842105263,0.7631578947368421,2.026315789473684,0.44737090394985135,0.21491228070175436,0.3455428343586239,0.1961442299408058,0.0742411935329892,0.18499892816010383,0.631578947368421,13.342105263157896,1.0
Brandon Ashley,16.026315789473685,62.78947368421053,11.18421052631579,6.657894736842105,1.0789473684210527,2.263157894736842,0.5789473684210527,0.9736842105263158,0.42105263157894735,0.3684210526315789,1.8421052631578947,0.3167758411179464,0.16666666666666666,0.3960526315789473,0.09789863276908835,0.05727733523786155,0.08241631030652032,-0.3684210526315789,13.342105263157896,0.0
Elliott Pitts,4.631578947368421,23.657894736842106,2.4210526315789473,0.9473684210526315,0.13157894736842105,0.3684210526315789,0.15789473684210525,0.15789473684210525,0.0,0.10526315789473684,0.4473684210526316,0.07894736842105263,0.11403508771929824,0.02631578947368421,0.003705956421952403,0.04034745569188294,0.007495349600612759,-0.10526315789473684,13.342105263157896,0.0
Gabe York,18.86842105263158,96.44736842105263,14.131578947368421,6.078947368421052,0.39473684210526316,1.605263157894737,1.368421052631579,0.5263157894736842,0.10526315789473684,0.39473684210526316,1.263157894736842,0.24692982456140355,0.31702172096908937,0.337406015037594,0.03952221376340932,0.24195562914806845,0.04642175879197603,-0.05263157894736842,13.342105263157896,1.0
Jordin Mayes,4.394736842105263,15.0,3.026315789473684,1.0526315789473684,0.10526315789473684,0.3157894736842105,0.42105263157894735,0.2894736842105263,0.0,0.23684210526315788,0.47368421052631576,0.13157894736842105,0.03508771929824561,0.07236842105263158,0.017854337831323015,0.02731265337689486,0.021005453356711938,-0.10526315789473684,13.342105263157896,0.0
Kaleb Tarczewski,23.92105263157895,96.3157894736842,15.342105263157896,8.5,1.8157894736842106,3.763157894736842,0.42105263157894735,1.5,0.7368421052631579,0.07894736842105263,2.1315789473684212,0.5301482873851294,0.0,0.5289473684210526,0.12350157899100432,0.0,0.15272412973903293,-1.368421052631579,13.342105263157896,1.0
Matt Korcheck,2.3421052631578947,5.2631578947368425,0.23684210526315788,0.5789473684210527,0.23684210526315788,0.47368421052631576,0.05263157894736842,0.13157894736842105,0.13157894736842105,0.05263157894736842,0.34210526315789475,0.14912280701754385,0.0,0.09210526315789473,0.006747971707925942,0.0,0.012608390778723893,0.10526315789473684,13.342105263157896,0.0
Nick Johnson,29.13157894736842,105.36842105263158,22.18421052631579,14.526315789473685,0.7631578947368421,2.789473684210526,2.5,1.5526315789473684,0.5526315789473685,1.0,1.7894736842105263,0.4464809313493524,0.30362364243943185,0.644230842257158,0.17077148855682708,0.2710289397157981,0.19365949339995384,0.0,13.342105263157896,1.0
Rondae Hollis-Jefferson,22.394736842105264,97.15789473684211,18.473684210526315,7.657894736842105,2.0526315789473686,3.1052631578947367,1.263157894736842,1.0789473684210527,0.8421052631578947,0.631578947368421,2.1052631578947367,0.43530782083413655,0.05263157894736842,0.5389515455304931,0.13569663764815582,0.017781995989996642,0.14142939604890936,0.7894736842105263,13.342105263157896,1.0
T.J. McConnell,28.55263157894737,102.55263157894737,15.5,7.605263157894737,0.4473684210526316,2.8421052631578947,4.921052631578948,1.605263157894737,0.21052631578947367,1.5789473684210527,2.026315789473684,0.47973532315637585,0.26879699248120303,0.2565789473684211,0.1028937944747711,0.15783951645732644,0.05197763192271824,0.3684210526315789,13.342105263157896,1.0
Zach Peters,0.7631578947368421,0.0,0.0,0.0,0.0,0.10526315789473684,0.0,0.05263157894736842,0.0,0.0,0.10526315789473684,0.0,0.0,0.0,0.0,0.006952122954444936,0.0,-0.10526315789473684,13.342105263157896,0.0
