,MP,ORtg,%Ps,Pts,OR,DR,A,TO,Blk,Stl,PF,2Pt %,3Pt %,FT %,2Pt %Att,3Pt %Att,FT %Att,Pnts-Prev,Marg,Maj Cont
Aleksej Rostov,11.666666666666666,72.52777777777777,11.472222222222221,4.055555555555555,0.9722222222222222,1.3333333333333333,0.3055555555555556,0.8888888888888888,0.1111111111111111,0.19444444444444445,1.7777777777777777,0.4356481481481482,0.13425925925925924,0.2830687830687831,0.052831686528450814,0.04198482064558701,0.05246156102494251,-1.1666666666666667,1.4444444444444444,1.0
Brandon Harris,28.97222222222222,98.11111111111111,14.833333333333334,8.083333333333334,1.2777777777777777,4.222222222222222,1.8611111111111112,1.4166666666666667,0.027777777777777776,0.8055555555555556,1.3333333333333333,0.24021164021164024,0.2703074703074703,0.40185185185185185,0.05544509937079297,0.2797571491000863,0.10637476725776973,-1.1666666666666667,1.4444444444444444,1.0
Caden Dickerson,10.86111111111111,40.611111111111114,6.25,1.5277777777777777,0.1388888888888889,0.6111111111111112,0.4166666666666667,0.75,0.027777777777777776,0.19444444444444445,0.6111111111111112,0.10416666666666667,0.13981481481481484,0.08630952380952381,0.010865990870750832,0.06613733403442651,0.025965798334219387,-1.0555555555555556,1.4444444444444444,0.0
George Fant,27.555555555555557,92.61111111111111,26.055555555555557,12.13888888888889,2.4722222222222223,3.9166666666666665,0.6388888888888888,2.5833333333333335,1.0833333333333333,0.6944444444444444,2.861111111111111,0.4603174988591655,0.0,0.542738048988049,0.27023014883857377,0.0,0.2750543984705958,-1.6111111111111112,1.4444444444444444,1.0
Jamal Crook,19.36111111111111,71.91666666666667,15.972222222222221,8.027777777777779,0.4166666666666667,1.5833333333333333,2.6944444444444446,1.5555555555555556,0.25,1.0277777777777777,1.5,0.3419286731786732,0.12083333333333332,0.3563559896893229,0.14073104861139507,0.046445728489913435,0.13273018837864317,-0.5555555555555556,1.4444444444444444,1.0
Kene Anyigbo,7.0,46.083333333333336,6.166666666666667,1.3888888888888888,0.9166666666666666,0.6388888888888888,0.3888888888888889,0.4444444444444444,0.05555555555555555,0.19444444444444445,1.1666666666666667,0.3078703703703704,0.0,0.1513888888888889,0.03262425976819663,0.0,0.026967796998765784,-0.3888888888888889,1.4444444444444444,0.0
Kevin Kaspar,20.52777777777778,80.63888888888889,12.583333333333334,4.861111111111111,0.3611111111111111,1.6666666666666667,1.5833333333333333,1.25,0.0,0.5555555555555556,1.3055555555555556,0.2300925925925926,0.2306327160493827,0.26851851851851855,0.04442948604572402,0.14937166955396008,0.04574238547246763,-1.3888888888888888,1.4444444444444444,0.0
O'Karo Akamune,13.055555555555555,75.66666666666667,9.11111111111111,2.7777777777777777,1.2222222222222223,1.3055555555555556,0.25,0.8055555555555556,0.2777777777777778,0.6388888888888888,2.4444444444444446,0.3591269841269841,0.0,0.2430555555555556,0.05691628189671881,0.0010683760683760685,0.04785661337362634,0.2222222222222222,1.4444444444444444,1.0
Percy Blade,6.138888888888889,24.305555555555557,4.083333333333333,1.1944444444444444,0.19444444444444445,0.8333333333333334,0.19444444444444445,0.6388888888888888,0.0,0.19444444444444445,0.4166666666666667,0.14305555555555557,0.041666666666666664,0.11527777777777778,0.01659679883566416,0.017928771263932084,0.03500502765208648,-0.8888888888888888,1.4444444444444444,0.0
Stephon Drane,5.638888888888889,28.555555555555557,5.638888888888889,1.8333333333333333,0.4166666666666667,0.5833333333333334,0.0,0.3611111111111111,0.027777777777777776,0.3333333333333333,1.3611111111111112,0.24768518518518517,0.0,0.08333333333333333,0.046197746005707974,0.0,0.026174408745848175,0.0,1.4444444444444444,0.0
T.J. Price,29.194444444444443,91.02777777777777,22.72222222222222,13.61111111111111,0.8333333333333334,3.0555555555555554,2.138888888888889,2.361111111111111,0.3611111111111111,0.9722222222222222,2.111111111111111,0.4087577160493827,0.32074761658094986,0.5372985810485811,0.1600862430276852,0.3166328560585816,0.15257017035667964,-2.0555555555555554,1.4444444444444444,1.0
Teeng Akol,11.833333333333334,63.02777777777778,13.333333333333334,5.055555555555555,1.2222222222222223,1.6111111111111112,0.4166666666666667,0.8888888888888888,0.9444444444444444,0.08333333333333333,1.1388888888888888,0.41042167708834376,0.1363425925925926,0.2654320987654321,0.08526743242256209,0.05289551700735911,0.04531910615657753,0.2777777777777778,1.4444444444444444,0.0
