,MP,ORtg,%Ps,Pts,OR,DR,A,TO,Blk,Stl,PF,2Pt %,3Pt %,FT %,2Pt %Att,3Pt %Att,FT %Att,Pnts-Prev,Marg,Maj Cont
Austin Budke,3.085714285714286,9.342857142857143,1.4857142857142858,0.5714285714285714,0.11428571428571428,0.17142857142857143,0.14285714285714285,0.08571428571428572,0.02857142857142857,0.11428571428571428,0.42857142857142855,0.06666666666666665,0.047619047619047616,0.07142857142857142,0.006917426545086119,0.01929037835870134,0.011329488317065955,0.11428571428571428,4.514285714285714,0.0
Barry Brown,30.714285714285715,91.71428571428571,19.8,11.057142857142857,0.42857142857142855,2.5428571428571427,2.2857142857142856,1.7142857142857142,0.11428571428571428,2.2285714285714286,1.8,0.40108018965161824,0.29571428571428565,0.4423992673992674,0.16950817255827869,0.19375122744365866,0.14101797005261474,1.2571428571428571,4.514285714285714,1.0
Brian Patrick,3.3714285714285714,7.742857142857143,0.14285714285714285,1.5142857142857142,0.05714285714285714,0.2,0.05714285714285714,0.11428571428571428,0.05714285714285714,0.08571428571428572,0.2,0.11904761904761903,0.1761904761904762,0.04285714285714286,0.009245954081432067,0.03877097458496608,0.009434030022265316,0.05714285714285714,4.514285714285714,0.0
Carlbe Ervin,13.17142857142857,71.57142857142857,9.628571428571428,2.342857142857143,0.6,1.7428571428571429,1.3142857142857143,0.9142857142857143,0.2,0.6,1.4285714285714286,0.27142857142857135,0.16666666666666669,0.24285714285714285,0.032914947886517616,0.03250343088487041,0.028261764949803418,-0.22857142857142856,4.514285714285714,1.0
Dante Williams,0.8285714285714286,0.0,0.0,0.2571428571428571,0.08571428571428572,0.08571428571428572,0.02857142857142857,0.02857142857142857,0.14285714285714285,0.0,0.11428571428571428,0.047619047619047616,0.0,0.05714285714285714,0.005071428571428572,0.0,0.005762304921968788,0.22857142857142856,4.514285714285714,0.0
Dean Wade,26.4,106.34285714285714,15.342857142857143,8.82857142857143,1.542857142857143,2.8285714285714287,1.7142857142857142,0.8571428571428571,0.6571428571428571,0.7142857142857143,2.3142857142857145,0.45485260770975056,0.39650793650793653,0.4311904761904762,0.11045939049026267,0.13880911447753747,0.1062837014417506,1.0285714285714285,4.514285714285714,1.0
DJ Johnson,23.62857142857143,99.94285714285714,18.685714285714287,10.257142857142858,2.0285714285714285,3.257142857142857,0.42857142857142855,1.5142857142857142,1.4,0.6857142857142857,2.9714285714285715,0.5190133675847962,0.0,0.5905442176870749,0.18402889601839947,0.0,0.1802897906024711,1.1428571428571428,4.514285714285714,1.0
Isaiah Maurice,6.9714285714285715,21.085714285714285,3.8,2.4571428571428573,0.4857142857142857,1.1142857142857143,0.17142857142857143,0.6285714285714286,0.42857142857142855,0.02857142857142857,1.542857142857143,0.3763265306122448,0.0,0.08857142857142858,0.05194331899933844,0.0037267080745341614,0.028580538326610665,-0.34285714285714286,4.514285714285714,1.0
Kamau Stokes,31.457142857142856,93.54285714285714,21.428571428571427,10.971428571428572,0.42857142857142855,2.0,4.0285714285714285,2.6857142857142855,0.0,1.0571428571428572,2.0285714285714285,0.30621315192743764,0.2963265306122449,0.5556679035250464,0.12887444058350428,0.2348439836854447,0.16358434041870104,-3.257142857142857,4.514285714285714,1.0
Wesley Iwundu,29.6,101.48571428571428,21.314285714285713,11.8,1.0,5.0285714285714285,3.1714285714285713,2.2285714285714286,0.34285714285714286,0.9428571428571428,1.6,0.48255617398474543,0.2976190476190476,0.6265875441085526,0.18072921111879495,0.11620227568071925,0.1822267730900623,-1.8857142857142857,4.514285714285714,1.0
Xavier Sneed,17.571428571428573,85.91428571428571,17.142857142857142,6.942857142857143,0.8285714285714286,1.6285714285714286,0.5714285714285714,0.9142857142857143,0.2,0.8285714285714286,2.1142857142857143,0.4695238095238095,0.25738095238095243,0.4553968253968254,0.05890529799544205,0.16074136259188085,0.08608644071382882,0.22857142857142856,4.514285714285714,1.0
Zach Winter,0.9428571428571428,0.0,0.0,0.22857142857142856,0.05714285714285714,0.05714285714285714,0.08571428571428572,0.08571428571428572,0.0,0.08571428571428572,0.02857142857142857,0.009523809523809523,0.05714285714285714,0.0,0.004258658008658009,0.004217687074829932,0.0,0.0,4.514285714285714,0.0
