,MP,ORtg,%Ps,Pts,OR,DR,A,TO,Blk,Stl,PF,2Pt %,3Pt %,FT %,2Pt %Att,3Pt %Att,FT %Att,Pnts-Prev,Marg,Maj Cont
Aldonis Foote,6.722222222222222,33.22222222222222,6.055555555555555,1.7777777777777777,0.5,0.6388888888888888,0.5277777777777778,0.3611111111111111,0.027777777777777776,0.19444444444444445,1.1111111111111112,0.2935515873015873,0.0,0.12037037037037036,0.04111035621603246,0.004443693186086696,0.037124851062783404,-0.2777777777777778,11.055555555555555,0.0
Antwain Johnson,11.916666666666666,67.02777777777777,13.88888888888889,4.138888888888889,0.2222222222222222,0.8055555555555556,0.7777777777777778,0.75,0.05555555555555555,0.4444444444444444,1.6666666666666667,0.2474867724867725,0.23148148148148145,0.3731481481481481,0.05280584357090879,0.06927024937938696,0.12140926782491289,-0.5,11.055555555555555,1.0
Brandon Walters,9.527777777777779,61.30555555555556,11.555555555555555,4.0,1.5,1.3333333333333333,0.16666666666666666,0.8888888888888888,0.5,0.2777777777777778,2.1666666666666665,0.4438822751322751,0.0,0.2314814814814815,0.07189271837342431,0.0016339869281045754,0.034723892717564375,-0.2222222222222222,11.055555555555555,1.0
Ed Simpson,22.72222222222222,96.80555555555556,8.416666666666666,3.3055555555555554,0.1111111111111111,1.8611111111111112,2.111111111111111,0.6111111111111112,0.05555555555555555,0.6111111111111112,1.5555555555555556,0.1898148148148148,0.2657407407407407,0.10416666666666667,0.016379979517977514,0.125347051584552,0.025627295599734957,0.1111111111111111,11.055555555555555,0.0
Giddy Potts,28.88888888888889,115.11111111111111,21.416666666666668,14.916666666666666,0.9166666666666666,4.305555555555555,1.7777777777777777,1.2222222222222223,0.2222222222222222,1.2777777777777777,2.2222222222222223,0.5556615452448787,0.35274671316337985,0.5531415343915345,0.14295701336794725,0.31627577079618374,0.15624037592265883,0.5555555555555556,11.055555555555555,1.0
JaCorey Williams,28.0,104.02777777777777,26.97222222222222,16.333333333333332,1.6666666666666667,5.25,1.4444444444444444,1.6111111111111112,0.4444444444444444,0.8333333333333334,1.8611111111111112,0.5162648127108912,0.023148148148148147,0.5441518358185025,0.3073155489767678,0.020822395961069853,0.20450606096758692,-0.6666666666666666,11.055555555555555,1.0
Karl Gamble,4.333333333333333,19.52777777777778,2.4444444444444446,1.3055555555555556,0.3055555555555556,0.6944444444444444,0.16666666666666666,0.08333333333333333,0.3055555555555556,0.16666666666666666,0.5833333333333334,0.21064814814814814,0.027777777777777776,0.0992063492063492,0.021738730350226134,0.00653353712564239,0.030378496582991084,0.7777777777777778,11.055555555555555,0.0
Quavius Copeland,4.138888888888889,15.88888888888889,1.6944444444444444,0.7777777777777778,0.027777777777777776,0.2222222222222222,0.3611111111111111,0.3333333333333333,0.027777777777777776,0.05555555555555555,0.2222222222222222,0.09722222222222222,0.06481481481481483,0.06944444444444445,0.009517665723673026,0.015108025908464504,0.016677188552188554,-0.5,11.055555555555555,0.0
Reggie Upshaw,30.02777777777778,112.63888888888889,21.36111111111111,13.666666666666666,2.0277777777777777,4.416666666666667,2.3055555555555554,1.3888888888888888,0.8611111111111112,1.0833333333333333,2.111111111111111,0.5536165223665224,0.24675925925925923,0.6665644540644542,0.17846359425970898,0.15508757297884018,0.2059520298535355,1.1111111111111112,11.055555555555555,1.0
Tyrik Dixon,23.666666666666668,90.47222222222223,13.333333333333334,5.472222222222222,0.3055555555555556,2.4444444444444446,3.0833333333333335,1.2222222222222223,0.1111111111111111,1.1944444444444444,1.7777777777777777,0.33161375661375664,0.2685185185185185,0.28611111111111115,0.07417733472604857,0.09514589225453605,0.08341073495178714,0.16666666666666666,11.055555555555555,1.0
Xavier Habersham,19.02777777777778,107.86111111111111,12.055555555555555,5.111111111111111,0.5277777777777778,1.1388888888888888,1.6944444444444444,0.8888888888888888,0.05555555555555555,0.3333333333333333,1.75,0.43981481481481477,0.4262896825396825,0.19675925925925924,0.028085659361729576,0.1347762683415774,0.028394250408700764,-1.0,11.055555555555555,0.0
