,MP,ORtg,%Ps,Pts,OR,DR,A,TO,Blk,Stl,PF,2Pt %,3Pt %,FT %,2Pt %Att,3Pt %Att,FT %Att,Pnts-Prev,Marg,Maj Cont
Curtis Washington,15.971428571428572,100.94285714285714,14.885714285714286,4.771428571428571,1.5714285714285714,2.4,0.2,0.8285714285714286,1.2285714285714286,0.2857142857142857,2.1142857142857143,0.4761626468769325,0.0,0.41714285714285715,0.08537842578457651,0.0,0.05820074470057643,1.3714285714285714,9.2,1.0
Isaiah Dennis,6.428571428571429,26.8,4.942857142857143,1.9142857142857144,0.4,0.5428571428571428,0.5428571428571428,0.2,0.17142857142857143,0.2857142857142857,0.7142857142857143,0.27676870748299326,0.0,0.12857142857142856,0.03902351301931633,0.0017857142857142857,0.028833478116086816,0.5142857142857142,9.2,1.0
Jalen Brown,7.114285714285714,21.114285714285714,3.6285714285714286,1.5714285714285714,0.2,1.0857142857142856,0.14285714285714285,0.4,0.11428571428571428,0.17142857142857143,0.7142857142857143,0.08571428571428572,0.2138095238095238,0.12142857142857143,0.0033132050673578906,0.06750145844130806,0.029696778140329474,-0.22857142857142856,9.2,0.0
Jordan Session,5.628571428571429,27.65714285714286,5.457142857142857,1.9714285714285715,0.34285714285714286,0.7428571428571429,0.2,0.34285714285714286,0.22857142857142856,0.17142857142857143,0.8571428571428571,0.28931972789115645,0.02857142857142857,0.1377551020408163,0.03539390756202002,0.002197802197802198,0.03447007903529642,0.11428571428571428,9.2,0.0
Kevin Ware,26.82857142857143,94.0,16.2,7.228571428571429,0.5714285714285714,2.4571428571428573,2.2285714285714286,1.3428571428571427,0.34285714285714286,1.5714285714285714,1.8285714285714285,0.4288199895342752,0.22857142857142854,0.5452380952380952,0.12318290095280054,0.089181488004354,0.10960331365356558,1.1428571428571428,9.2,1.0
Markus Crider,29.62857142857143,108.4,15.4,9.142857142857142,1.6285714285714286,4.6571428571428575,1.7142857142857142,1.5142857142857142,0.34285714285714286,1.1428571428571428,3.0285714285714285,0.5953816678186425,0.0,0.48224489795918374,0.1559646651571249,0.0035714285714285713,0.12224688782146524,-0.05714285714285714,9.2,1.0
R.J. Hunter,34.68571428571428,105.2,27.085714285714285,18.62857142857143,0.7428571428571429,3.7714285714285714,3.4285714285714284,2.142857142857143,0.9428571428571428,2.057142857142857,2.2857142857142856,0.46900329828901244,0.2652991452991453,0.7770231122752131,0.17455434336495917,0.48777073989944386,0.2999231351271811,1.7142857142857142,9.2,1.0
Ryan Harrow,25.82857142857143,86.97142857142858,21.6,14.971428571428572,0.3142857142857143,1.3714285714285714,2.942857142857143,1.5714285714285714,0.08571428571428572,1.1428571428571428,1.2285714285714286,0.42374529298899055,0.27199459270887844,0.4539002267573696,0.22476708067716375,0.1853000065441463,0.13396354379819275,-0.6857142857142857,9.2,0.0
Ryann Green,18.685714285714287,102.25714285714285,10.057142857142857,3.2285714285714286,0.34285714285714286,1.4857142857142858,1.2857142857142858,0.7142857142857143,0.05714285714285714,1.0571428571428572,1.6285714285714286,0.3142857142857142,0.24047619047619045,0.2595238095238095,0.025459946777399753,0.10554850491294543,0.04948554618631345,0.8,9.2,1.0
TJ Shipes,18.542857142857144,89.8,11.028571428571428,4.114285714285714,1.5142857142857142,2.0,0.14285714285714285,0.6571428571428571,0.45714285714285713,0.6285714285714286,2.7714285714285714,0.456530612244898,0.0,0.30476190476190473,0.07581915449442393,0.0,0.07643363627813564,0.8571428571428571,9.2,1.0
