,MP,ORtg,%Ps,Pts,OR,DR,A,TO,Blk,Stl,PF,2Pt %,3Pt %,FT %,2Pt %Att,3Pt %Att,FT %Att,Pnts-Prev,Marg,Maj Cont
Anas Mahmoud,6.361111111111111,20.555555555555557,2.8333333333333335,0.9166666666666666,0.4722222222222222,0.6666666666666666,0.3055555555555556,0.3888888888888889,0.5277777777777778,0.1111111111111111,0.7777777777777778,0.2037037037037037,0.0,0.0763888888888889,0.019767545540216355,0.0,0.010764952504718586,0.5,8.61111111111111,0.0
Anton Gill,7.611111111111111,30.055555555555557,6.972222222222222,1.9722222222222223,0.05555555555555555,0.6388888888888888,0.4444444444444444,0.5,0.1111111111111111,0.3611111111111111,0.8611111111111112,0.199537037037037,0.06759259259259259,0.08101851851851852,0.0259358227022646,0.06552205212850991,0.019339025172358505,-0.05555555555555555,8.61111111111111,0.0
Chinanu Onuaku,16.083333333333332,67.86111111111111,10.027777777777779,2.8333333333333335,1.8611111111111112,2.388888888888889,0.5277777777777778,1.2222222222222223,1.1666666666666667,0.6944444444444444,2.0555555555555554,0.40059523809523806,0.0,0.13161375661375663,0.05085894852122173,0.0,0.035822393550721726,1.2777777777777777,8.61111111111111,0.0
Chris Jones,22.416666666666668,71.41666666666667,18.25,9.88888888888889,0.8055555555555556,2.0555555555555554,2.611111111111111,1.6666666666666667,0.027777777777777776,1.4722222222222223,1.8888888888888888,0.28091530383197044,0.21722883597883602,0.4565235690235691,0.13292133765097527,0.1767098974170339,0.1415376685259726,-0.3333333333333333,8.61111111111111,0.0
David Levitch,2.5833333333333335,14.25,1.6944444444444444,0.6666666666666666,0.08333333333333333,0.05555555555555555,0.1111111111111111,0.1111111111111111,0.0,0.1111111111111111,0.3333333333333333,0.0,0.03009259259259259,0.1111111111111111,0.0028427107231455053,0.01235085644807867,0.022842712842712845,0.0,8.61111111111111,0.0
Jaylen Johnson,2.611111111111111,6.861111111111111,1.0555555555555556,0.6111111111111112,0.25,0.4166666666666667,0.05555555555555555,0.16666666666666666,0.08333333333333333,0.08333333333333333,0.5555555555555556,0.08796296296296297,0.027777777777777776,0.013888888888888888,0.01583789543521969,0.001736111111111111,0.0030496766607877716,0.0,8.61111111111111,0.0
Mangok Mathiang,14.555555555555555,68.55555555555556,8.472222222222221,2.1944444444444446,1.9166666666666667,2.0,0.3888888888888889,0.6388888888888888,1.0833333333333333,0.3888888888888889,1.9444444444444444,0.2556216931216931,0.0,0.17777777777777776,0.048385276294285524,0.0,0.05555786913974049,1.6666666666666667,8.61111111111111,1.0
Montrezl Harrell,29.805555555555557,96.94444444444444,20.055555555555557,13.527777777777779,2.861111111111111,5.333333333333333,1.0833333333333333,1.75,1.0555555555555556,0.8888888888888888,1.9166666666666667,0.5274536624414077,0.10185185185185185,0.5033790283790285,0.2159889642760535,0.05632476944787701,0.22314786437937448,0.3888888888888889,8.61111111111111,1.0
Quentin Snider,12.166666666666666,46.0,8.25,2.8333333333333335,0.19444444444444445,0.9444444444444444,1.0833333333333333,0.7222222222222222,0.0,0.3055555555555556,0.9722222222222222,0.2708333333333333,0.14305555555555557,0.1689814814814815,0.04282059192524292,0.07835233637203914,0.03838975099166017,-0.8333333333333334,8.61111111111111,1.0
Shaqquan Aaron,4.416666666666667,11.777777777777779,2.0,0.8055555555555556,0.16666666666666666,0.3055555555555556,0.1388888888888889,0.19444444444444445,0.05555555555555555,0.08333333333333333,0.3055555555555556,0.07175925925925924,0.05648148148148148,0.018518518518518517,0.011813547076704971,0.04103518259155514,0.0059788359788359785,-0.1111111111111111,8.61111111111111,0.0
Terry Rozier,30.47222222222222,94.55555555555556,24.416666666666668,15.222222222222221,1.0833333333333333,3.638888888888889,2.4722222222222223,1.9166666666666667,0.1388888888888889,1.8055555555555556,1.5277777777777777,0.41381935965269306,0.26226851851851857,0.5938525980192648,0.23082094576474443,0.2222778680445512,0.2120173885154965,0.05555555555555555,8.61111111111111,1.0
Wayne Blackshear,27.27777777777778,94.30555555555556,14.916666666666666,9.694444444444445,0.8611111111111112,2.9444444444444446,1.0833333333333333,0.9166666666666666,0.5277777777777778,1.0277777777777777,2.2777777777777777,0.3864748677248678,0.28182920474587136,0.5380952380952382,0.09089530297881443,0.2345798153281328,0.12044075062650912,1.2777777777777777,8.61111111111111,1.0
