,MP,ORtg,%Ps,Pts,OR,DR,A,TO,Blk,Stl,PF,2Pt %,3Pt %,FT %,2Pt %Att,3Pt %Att,FT %Att,Pnts-Prev,Marg,Maj Cont
Briante Weber,27.65714285714286,105.25714285714285,18.571428571428573,9.257142857142858,0.9428571428571428,2.9714285714285715,3.657142857142857,1.8,0.14285714285714285,3.2857142857142856,2.4,0.46622861265718407,0.1542857142857143,0.5711327561327563,0.14661844452355222,0.05105803005247267,0.15245298611491664,3.257142857142857,9.82857142857143,1.0
Doug Brooks,2.742857142857143,7.6571428571428575,1.5714285714285714,1.1142857142857143,0.2,0.22857142857142856,0.08571428571428572,0.08571428571428572,0.05714285714285714,0.14285714285714285,0.45714285714285713,0.047619047619047616,0.1,0.05714285714285714,0.01129802993584115,0.045512169836756884,0.008508158508158508,0.22857142857142856,9.82857142857143,0.0
Jairus Lyles,1.6571428571428573,0.0,0.0,0.37142857142857144,0.02857142857142857,0.11428571428571428,0.14285714285714285,0.11428571428571428,0.0,0.14285714285714285,0.2571428571428571,0.014285714285714285,0.02857142857142857,0.07857142857142857,0.007483595020203538,0.01026355011448179,0.011450096884631989,0.05714285714285714,9.82857142857143,0.0
Jarred Guest,9.0,44.714285714285715,5.714285714285714,1.6,1.2285714285714286,1.0571428571428572,0.22857142857142856,0.5142857142857142,0.3142857142857143,0.4,1.4,0.2736054421768707,0.05714285714285714,0.05714285714285714,0.04274055278972513,0.006075353218210362,0.009677070241586368,0.4,9.82857142857143,0.0
JeQuan Lewis,15.17142857142857,85.14285714285714,19.942857142857143,5.571428571428571,0.3142857142857143,0.9714285714285714,1.9142857142857144,1.7428571428571429,0.0,1.0857142857142856,2.2285714285714286,0.3676190476190476,0.2357142857142857,0.44755102040816325,0.05413268289506076,0.08276394453313467,0.07928229402897335,-1.3142857142857143,9.82857142857143,1.0
Jordan Burgess,18.228571428571428,69.08571428571429,12.571428571428571,3.9714285714285715,0.45714285714285713,1.7428571428571429,0.9142857142857143,1.0,0.2571428571428571,0.7714285714285715,1.7428571428571429,0.20326530612244897,0.24761904761904766,0.2666666666666666,0.052523437500114685,0.09595243085734143,0.04783602219492705,0.05714285714285714,9.82857142857143,1.0
Juvonte Reddic,26.714285714285715,99.65714285714286,22.6,11.514285714285714,3.4857142857142858,4.714285714285714,0.6571428571428571,1.6857142857142857,1.0857142857142856,1.2857142857142858,2.2285714285714286,0.5002134352698263,0.05714285714285714,0.5341156462585034,0.2107601141634209,0.01328159637351477,0.19930316633955678,1.3714285714285714,9.82857142857143,1.0
Melvin Johnson,21.114285714285714,94.2,19.942857142857143,9.771428571428572,0.42857142857142855,1.6,1.1428571428571428,1.3428571428571427,0.05714285714285714,0.8571428571428571,1.4857142857142858,0.3724829931972789,0.3378540507111935,0.3204081632653061,0.09600203174827196,0.22174110393068514,0.053377166038470786,-0.8571428571428571,9.82857142857143,0.0
Mo Alie-Cox,14.0,90.4,9.942857142857143,3.2285714285714286,1.7428571428571429,1.8,0.2857142857142857,0.4857142857142857,1.3428571428571427,0.3142857142857143,1.7714285714285714,0.38619047619047614,0.02857142857142857,0.33333333333333337,0.05107134488855621,0.0016806722689075631,0.07056824720225977,2.342857142857143,9.82857142857143,1.0
Rob Brandenberg,26.142857142857142,112.68571428571428,16.514285714285716,9.485714285714286,0.6285714285714286,1.4,1.542857142857143,0.8571428571428571,0.3142857142857143,1.2285714285714286,1.542857142857143,0.4014285714285714,0.3658843537414965,0.45238095238095233,0.09528446912549497,0.2100233428708374,0.07378215112275545,1.3714285714285714,9.82857142857143,1.0
Terrance Shannon,6.0285714285714285,24.885714285714286,6.3428571428571425,1.6571428571428573,0.5714285714285714,0.7428571428571429,0.17142857142857143,0.37142857142857144,0.4,0.45714285714285713,1.0571428571428572,0.16904761904761903,0.0,0.12904761904761905,0.03565995646867143,0.0012422360248447205,0.041973262525681156,0.9714285714285714,9.82857142857143,0.0
Treveon Graham,27.228571428571428,108.57142857142857,26.314285714285713,15.257142857142858,1.9142857142857144,4.885714285714286,1.9714285714285715,1.6857142857142857,0.14285714285714285,0.8857142857142857,2.2857142857142856,0.5054578754578756,0.3356009070294784,0.5948072562358278,0.16785391236965852,0.23183414134738406,0.2232179502266535,-1.3142857142857143,9.82857142857143,1.0
