,MP,ORtg,%Ps,Pts,OR,DR,A,TO,Blk,Stl,PF,2Pt %,3Pt %,FT %,2Pt %Att,3Pt %Att,FT %Att,Pnts-Prev,Marg,Maj Cont
Aaron Ariri,1.5135135135135136,5.216216216216216,1.162162162162162,0.4864864864864865,0.2972972972972973,0.16216216216216217,0.02702702702702703,0.10810810810810811,0.08108108108108109,0.0,0.2702702702702703,0.05405405405405406,0.0,0.04504504504504504,0.006743221304910217,0.0007112375533428164,0.017337418390049972,-0.05405405405405406,6.594594594594595,0.0
Alex Hicks,14.621621621621621,83.27027027027027,16.135135135135137,4.72972972972973,1.054054054054054,2.918918918918919,0.35135135135135137,1.0810810810810811,0.5945945945945946,0.40540540540540543,1.7567567567567568,0.4582689832689833,0.04054054054054054,0.3235735735735736,0.09810528657957882,0.01902462955094534,0.05400810101256268,-0.16216216216216217,6.594594594594595,1.0
BJ Miller,8.783783783783784,39.16216216216216,5.1891891891891895,1.2432432432432432,0.10810810810810811,0.9459459459459459,0.7837837837837838,0.5135135135135135,0.08108108108108109,0.3783783783783784,0.6756756756756757,0.20945945945945946,0.0945945945945946,0.10135135135135136,0.020675579524122457,0.024012562639228408,0.014726419445112732,-0.10810810810810811,6.594594594594595,0.0
Daniel Peace,14.405405405405405,75.5945945945946,12.405405405405405,2.4324324324324325,0.2702702702702703,0.972972972972973,2.108108108108108,1.4594594594594594,0.0,1.0810810810810811,1.9189189189189189,0.3310810810810811,0.02702702702702703,0.3288288288288288,0.04096785786384072,0.007742575291202295,0.07197685823971653,-0.7567567567567568,6.594594594594595,0.0
DeVon Walker,26.594594594594593,102.75675675675676,16.405405405405407,7.648648648648648,2.135135135135135,4.027027027027027,1.6756756756756757,1.3513513513513513,0.6216216216216216,0.8378378378378378,2.135135135135135,0.44047619047619035,0.09009009009009009,0.5229729729729728,0.14903411800458874,0.026793422536456588,0.14129270657273607,0.21621621621621623,6.594594594594595,1.0
Jaro Moravek,3.4594594594594597,16.972972972972972,2.054054054054054,0.8918918918918919,0.2972972972972973,0.6216216216216216,0.13513513513513514,0.13513513513513514,0.08108108108108109,0.05405405405405406,0.3783783783783784,0.2252252252252252,0.04504504504504504,0.013513513513513514,0.009918259394633144,0.021602097128412916,0.0022522522522522522,0.0,6.594594594594595,0.0
Jeremy Hollimon,21.18918918918919,107.13513513513513,24.2972972972973,11.783783783783784,0.7567567567567568,1.7027027027027026,1.5135135135135136,1.5135135135135136,0.16216216216216217,0.5405405405405406,1.7567567567567568,0.4943956943956943,0.3427927927927928,0.6514800514800515,0.14680974671423544,0.12597713942142272,0.1555624680042685,-1.6216216216216217,6.594594594594595,1.0
Jordon Varnado,27.89189189189189,112.1891891891892,25.91891891891892,16.054054054054053,1.945945945945946,4.918918918918919,1.2432432432432432,1.7027027027027026,1.3513513513513513,0.5135135135135135,2.7027027027027026,0.5505069255069255,0.3779279279279279,0.5691156441156441,0.28360654594927875,0.0831284935173033,0.188095005396272,0.32432432432432434,6.594594594594595,1.0
Juan Davis,19.675675675675677,111.29729729729729,14.972972972972974,7.135135135135135,1.1081081081081081,2.810810810810811,0.2702702702702703,0.8918918918918919,0.32432432432432434,0.40540540540540543,1.864864864864865,0.4594594594594595,0.359009009009009,0.3593951093951094,0.061722890502485715,0.12356148304784645,0.0606432603767373,-0.32432432432432434,6.594594594594595,1.0
Kevin Baker,23.405405405405407,95.10810810810811,19.45945945945946,7.972972972972973,0.2972972972972973,2.189189189189189,3.027027027027027,1.6756756756756757,0.0,1.1081081081081081,1.945945945945946,0.2545045045045045,0.3042900042900043,0.32445302445302443,0.03820862816007537,0.24172098379654647,0.07918763058283855,-1.135135135135135,6.594594594594595,1.0
Shawn Hopkins,3.0,17.864864864864863,2.972972972972973,1.3513513513513513,0.2702702702702703,0.5405405405405406,0.13513513513513514,0.1891891891891892,0.05405405405405406,0.05405405405405406,0.43243243243243246,0.12612612612612614,0.05675675675675676,0.0472972972972973,0.01001727603568843,0.030011403564035144,0.0064033264033264035,-0.16216216216216217,6.594594594594595,0.0
Wesley Person,30.2972972972973,118.45945945945945,19.513513513513512,14.405405405405405,0.5405405405405406,1.972972972972973,1.5405405405405406,1.162162162162162,0.05405405405405406,0.5675675675675675,1.3243243243243243,0.45424710424710424,0.35586073086073094,0.679876954876955,0.10716356293953512,0.2686869449262306,0.18148752629709994,-1.0810810810810811,6.594594594594595,1.0
