,MP,ORtg,%Ps,Pts,OR,DR,A,TO,Blk,Stl,PF,2Pt %,3Pt %,FT %,2Pt %Att,3Pt %Att,FT %Att,Pnts-Prev,Marg,Maj Cont
Billy Donovan,1.1282051282051282,0.0,0.0,0.10256410256410256,0.0,0.10256410256410256,0.07692307692307693,0.07692307692307693,0.0,0.05128205128205128,0.1794871794871795,0.0,0.0,0.05128205128205128,0.0007541478129713424,0.012235162500452238,0.0033119658119658123,-0.05128205128205128,11.153846153846153,0.0
Casey Prather,23.102564102564102,94.35897435897436,20.743589743589745,11.64102564102564,1.6153846153846154,2.4871794871794872,1.4102564102564104,1.8205128205128205,0.38461538461538464,0.8205128205128205,1.7435897435897436,0.5081005177159023,0.05128205128205128,0.5003838753838754,0.2043557773506804,0.006390913008560068,0.1865903129123128,-1.2307692307692308,11.153846153846153,1.0
Chris Walker,1.7692307692307692,1.435897435897436,0.3333333333333333,0.6923076923076923,0.1794871794871795,0.3333333333333333,0.02564102564102564,0.05128205128205128,0.15384615384615385,0.05128205128205128,0.41025641025641024,0.15384615384615385,0.0,0.01282051282051282,0.018861222866073002,0.0,0.009311173862257454,0.3076923076923077,11.153846153846153,0.0
DeVon Walker,10.153846153846153,39.87179487179487,6.0,2.1794871794871793,0.28205128205128205,0.7435897435897436,0.46153846153846156,0.5128205128205128,0.3076923076923077,0.3333333333333333,0.7435897435897436,0.08333333333333333,0.19743589743589743,0.14786324786324787,0.01242661679956643,0.07925248719229337,0.02419311609887568,0.2564102564102564,11.153846153846153,0.0
Dorian Finney-Smith,21.0,81.61538461538461,19.82051282051282,7.3076923076923075,2.1538461538461537,3.3846153846153846,1.7179487179487178,1.435897435897436,0.38461538461538464,0.3333333333333333,1.9230769230769231,0.3115995115995116,0.2084249084249084,0.4246031746031746,0.09763370477411172,0.16233385047649082,0.12317377505337895,-1.435897435897436,11.153846153846153,1.0
Eli Carter,1.358974358974359,1.3846153846153846,0.8717948717948718,0.07692307692307693,0.05128205128205128,0.07692307692307693,0.05128205128205128,0.07692307692307693,0.0,0.0,0.1282051282051282,0.0,0.00641025641025641,0.0,0.0031384364309700904,0.019272298005329678,0.0021367521367521365,-0.15384615384615385,11.153846153846153,0.0
Jacob Kurtz,5.589743589743589,31.0,2.8205128205128207,1.0769230769230769,0.3333333333333333,0.6410256410256411,0.1794871794871795,0.20512820512820512,0.02564102564102564,0.15384615384615385,0.358974358974359,0.21153846153846154,0.0,0.10683760683760682,0.01836027625550143,0.0,0.018685322097567212,-0.05128205128205128,11.153846153846153,0.0
Kasey Hill,15.58974358974359,67.33333333333333,13.153846153846153,3.7948717948717947,0.1282051282051282,1.1282051282051282,2.1794871794871793,1.0769230769230769,0.10256410256410256,0.8461538461538461,1.4615384615384615,0.33061660561660566,0.07264957264957264,0.23183760683760682,0.06327089575598924,0.05127158782527957,0.06949656170924988,-0.2564102564102564,11.153846153846153,1.0
Michael Frazier,26.358974358974358,106.94871794871794,15.0,11.205128205128204,0.48717948717948717,2.5384615384615383,0.9487179487179487,1.0256410256410255,0.1794871794871795,1.0512820512820513,1.435897435897436,0.32387057387057383,0.3865371096140327,0.38247863247863245,0.05183869443597237,0.31497282659009546,0.06707520814430507,0.41025641025641024,11.153846153846153,1.0
Patric Young,22.615384615384617,98.7948717948718,20.025641025641026,9.666666666666666,2.2564102564102564,3.076923076923077,0.7435897435897436,1.0769230769230769,0.8205128205128205,0.5384615384615384,2.358974358974359,0.4902366152366153,0.0,0.4514753764753766,0.20927829287792393,0.0,0.14704988440360575,0.5641025641025641,11.153846153846153,1.0
Scottie Wilbekin,25.153846153846153,84.48717948717949,15.948717948717949,9.64102564102564,0.1282051282051282,1.7692307692307692,2.8205128205128207,1.358974358974359,0.0,1.2307692307692308,1.3076923076923077,0.30279350279350287,0.3288156288156288,0.4148504273504274,0.10611075553000411,0.19969746050226211,0.13646432175833675,-0.2564102564102564,11.153846153846153,1.0
Will Yeguete,20.564102564102566,86.64102564102564,12.820512820512821,4.282051282051282,1.2564102564102564,3.3333333333333335,1.0256410256410255,1.0512820512820513,0.1282051282051282,0.8717948717948718,1.9743589743589745,0.4004273504273504,0.08974358974358974,0.44093406593406587,0.08576605090510772,0.026368285694108613,0.08430647780626431,-0.10256410256410256,11.153846153846153,1.0
