,MP,ORtg,%Ps,Pts,OR,DR,A,TO,Blk,Stl,PF,2Pt %,3Pt %,FT %,2Pt %Att,3Pt %Att,FT %Att,Pnts-Prev,Marg,Maj Cont
Anthony Brown,8.916666666666666,40.666666666666664,5.916666666666667,2.0555555555555554,0.1388888888888889,0.8888888888888888,0.5277777777777778,0.5277777777777778,0.0,0.4166666666666667,0.8888888888888888,0.17129629629629628,0.1527777777777778,0.24768518518518517,0.024388167615287684,0.015098867182200517,0.03616146557956903,-0.2222222222222222,4.444444444444445,0.0
Avery Brown,2.1666666666666665,7.861111111111111,1.4722222222222223,0.6944444444444444,0.1388888888888889,0.2222222222222222,0.16666666666666666,0.08333333333333333,0.0,0.1111111111111111,0.05555555555555555,0.07407407407407407,0.06944444444444445,0.027777777777777776,0.007697888301144322,0.017263387162319274,0.008020714917266643,0.05555555555555555,4.444444444444445,0.0
Carrington Love,31.63888888888889,106.08333333333333,23.88888888888889,17.22222222222222,0.5555555555555556,2.138888888888889,3.4166666666666665,1.6388888888888888,0.2777777777777778,2.4722222222222223,1.8611111111111112,0.4817558213391546,0.3202791806958473,0.6006779100529102,0.14597575560845785,0.32792068165111743,0.2047732028045367,2.2222222222222223,4.444444444444445,1.0
Charles Cooper,26.27777777777778,100.22222222222223,23.77777777777778,13.472222222222221,1.6388888888888888,3.7777777777777777,1.4722222222222223,1.9444444444444444,0.16666666666666666,1.0277777777777777,1.75,0.49037382370715715,0.13425925925925924,0.6322142160957951,0.18464640079614197,0.04643026648690572,0.24373022959431795,-1.5,4.444444444444445,1.0
Jamar Hurdle,13.86111111111111,86.83333333333333,14.916666666666666,6.25,1.3333333333333333,1.75,0.5,0.7222222222222222,1.0,0.4444444444444444,2.25,0.4485449735449736,0.16203703703703706,0.3194444444444444,0.09279034472032578,0.03099533030144974,0.058417626100468155,1.4444444444444444,4.444444444444445,1.0
Jordan Fouse,30.666666666666668,101.33333333333333,20.805555555555557,12.416666666666666,2.0277777777777777,6.138888888888889,3.2222222222222223,2.111111111111111,1.3333333333333333,2.0277777777777777,2.9166666666666665,0.43677433677433686,0.2905092592592593,0.5691722629222631,0.14876339628144702,0.1748183192013911,0.13333004756408667,2.5,4.444444444444445,1.0
Kenneth Lowe,20.916666666666668,96.77777777777777,17.02777777777778,6.777777777777778,1.75,2.111111111111111,1.1388888888888888,1.3888888888888888,1.1388888888888888,0.9444444444444444,2.8055555555555554,0.4915123456790124,0.0,0.3052248677248677,0.11725154120755904,0.0,0.07313211636280327,1.3888888888888888,4.444444444444445,1.0
Kerem Kanter,7.083333333333333,36.888888888888886,6.083333333333333,2.888888888888889,0.5833333333333334,1.0833333333333333,0.1388888888888889,0.2777777777777778,0.05555555555555555,0.027777777777777776,1.0,0.3417328042328042,0.05092592592592592,0.22023809523809523,0.0387044233199268,0.030525848767144148,0.028473591760589494,-0.3888888888888889,4.444444444444445,1.0
Khalil Small,23.02777777777778,105.0,18.805555555555557,9.555555555555555,1.5555555555555556,2.0,1.0,1.2222222222222223,0.25,0.9166666666666666,2.8333333333333335,0.4922178130511463,0.3429232804232804,0.49768518518518523,0.11238456658089964,0.1331846022649111,0.08261282247828927,-0.1111111111111111,4.444444444444445,1.0
Tevin Findlay,12.555555555555555,66.02777777777777,9.805555555555555,4.583333333333333,0.2777777777777778,1.0277777777777777,1.0555555555555556,0.7777777777777778,0.1111111111111111,0.6111111111111112,1.0555555555555556,0.3657407407407407,0.24074074074074073,0.33287037037037037,0.05271309109482329,0.05045840561848646,0.046231577744104885,-0.1111111111111111,4.444444444444445,1.0
Turner Botz,18.666666666666668,101.75,14.0,5.722222222222222,0.7777777777777778,2.2777777777777777,0.8888888888888888,0.6111111111111112,0.1111111111111111,0.5555555555555556,1.7777777777777777,0.2929232804232805,0.2787698412698412,0.4007716049382716,0.04690664669620874,0.14552651358629676,0.05733882731619008,0.1111111111111111,4.444444444444445,1.0
