,MP,ORtg,%Ps,Pts,OR,DR,A,TO,Blk,Stl,PF,2Pt %,3Pt %,FT %,2Pt %Att,3Pt %Att,FT %Att,Pnts-Prev,Marg,Maj Cont
Daniel Ochefu,17.325,91.375,16.4,7.55,1.725,4.15,1.175,1.075,1.175,0.55,2.025,0.4603479853479855,0.0,0.36875,0.15653430116734945,0.001,0.10162127546287339,1.3,11.275,1.0
Darryl Reynolds,15.15,93.975,8.1,3.15,1.025,3.0,0.325,0.625,0.475,0.375,2.025,0.38458333333333333,0.0,0.31,0.0533787404971668,0.0,0.06049498937151376,0.45,11.275,1.0
Donte DiVincenzo,1.85,6.575,1.425,0.375,0.25,0.15,0.1,0.175,0.0,0.1,0.25,0.075,0.034166666666666665,0.0,0.00304192036411864,0.012885980781201367,0.0,-0.15,11.275,0.0
Jalen Brunson,20.5,86.225,18.6,8.425,0.4,1.1,2.225,1.65,0.0,0.6,1.725,0.47375,0.2638392857142857,0.5079166666666667,0.10293500455531687,0.11132140095875494,0.12601221937004756,-2.1,11.275,1.0
Josh Hart,26.8,101.925,19.175,13.2,1.65,4.25,1.575,1.3,0.175,0.925,1.875,0.4914668664668664,0.33285714285714285,0.5575270562770563,0.19035555594744602,0.13670718601346946,0.1505482000264999,-0.4,11.275,1.0
Kris Jenkins,24.2,96.85,17.575,11.3,0.425,2.825,1.75,1.025,0.35,0.575,2.15,0.45145833333333335,0.29320346320346324,0.4997222222222223,0.08383693224735514,0.23082152413942975,0.12438239136952371,-0.2,11.275,1.0
Mikal Bridges,16.975,103.6,12.2,5.325,0.8,2.0,0.8,0.5,0.6,0.85,1.875,0.5479166666666667,0.23125000000000004,0.4239285714285715,0.05662004324918564,0.0684372682804202,0.08650403572130617,1.9,11.275,1.0
Phil Booth,19.025,80.35,17.425,5.85,0.425,1.5,1.95,1.325,0.1,0.55,1.625,0.33083333333333337,0.26877976190476194,0.46011904761904765,0.08197302724045605,0.11333994802227991,0.07566259629763936,-1.35,11.275,1.0
Ryan Arcidiacono,27.225,99.7,17.35,10.075,0.35,2.25,3.775,1.3,0.025,1.175,1.25,0.4068788156288156,0.3231646825396826,0.48723214285714284,0.12132447473160532,0.17548669180444426,0.12477429238059619,-0.2,11.275,1.0
