,MP,ORtg,%Ps,Pts,OR,DR,A,TO,Blk,Stl,PF,2Pt %,3Pt %,FT %,2Pt %Att,3Pt %Att,FT %Att,Pnts-Prev,Marg,Maj Cont
Adonis De La Rosa,12.88888888888889,55.0,12.222222222222221,3.6944444444444446,1.4444444444444444,2.1944444444444446,0.3055555555555556,1.25,0.75,0.25,2.4166666666666665,0.3620260141093474,0.0,0.3869929453262786,0.07232295314146281,0.0013227513227513227,0.09934564204613786,-0.5,4.472222222222222,0.0
Alonzo Walker,8.527777777777779,40.638888888888886,6.138888888888889,1.8055555555555556,0.9166666666666666,0.9722222222222222,0.1111111111111111,0.5555555555555556,0.19444444444444445,0.25,1.4722222222222223,0.3166666666666667,0.041666666666666664,0.08680555555555555,0.028422669489347314,0.007122213746927706,0.028237210852153378,-0.2222222222222222,4.472222222222222,0.0
Danny Pippen,7.944444444444445,44.30555555555556,8.666666666666666,2.388888888888889,0.8611111111111112,1.2222222222222223,0.16666666666666666,0.5277777777777778,0.5,0.19444444444444445,1.4166666666666667,0.24583333333333332,0.11342592592592592,0.1550925925925926,0.033388983309956904,0.03471396320742351,0.0381688912938913,0.3333333333333333,4.472222222222222,0.0
Deon Edwin,27.72222222222222,107.91666666666667,22.86111111111111,12.63888888888889,1.6944444444444444,3.7222222222222223,2.3055555555555554,2.0277777777777777,0.4722222222222222,1.3055555555555556,2.638888888888889,0.5423831569664904,0.32976190476190476,0.551485088985089,0.16134726617093376,0.13018733338632327,0.18519429204236335,-0.5,4.472222222222222,1.0
Desmond Ridenour,16.13888888888889,77.19444444444444,10.333333333333334,4.027777777777778,0.8055555555555556,1.5,1.5555555555555556,0.5833333333333334,0.1388888888888889,0.9166666666666666,1.3611111111111112,0.3072089947089947,0.13148148148148148,0.1550925925925926,0.05944099392428375,0.07439649341931748,0.036681466016644175,0.9444444444444444,4.472222222222222,0.0
Jalen Avery,22.86111111111111,104.02777777777777,9.472222222222221,4.861111111111111,0.3888888888888889,1.4444444444444444,2.0833333333333335,0.5277777777777778,0.0,0.4166666666666667,0.6111111111111112,0.1962962962962963,0.3232142857142857,0.36087962962962966,0.03503755242599041,0.10073501483410086,0.06988004160267193,-0.2222222222222222,4.472222222222222,1.0
Jaylin Walker,28.27777777777778,96.91666666666667,21.88888888888889,14.277777777777779,1.3611111111111112,2.5833333333333335,0.8611111111111112,1.8611111111111112,0.0,0.7222222222222222,1.5555555555555556,0.3947250280583614,0.3061641290807957,0.5731481481481481,0.13027514348395602,0.3196180125151509,0.1401555909195752,-2.2777777777777777,4.472222222222222,1.0
Jerrelle DeBerry,3.0277777777777777,15.027777777777779,2.0555555555555554,1.5,0.1111111111111111,0.2222222222222222,0.027777777777777776,0.16666666666666666,0.0,0.08333333333333333,0.19444444444444445,0.08333333333333333,0.0906084656084656,0.1527777777777778,0.005744054304313647,0.033560988090927064,0.015062076333628058,-0.16666666666666666,4.472222222222222,0.0
Jimmy Hall,31.72222222222222,110.86111111111111,28.166666666666668,18.416666666666668,3.9722222222222223,6.25,2.5277777777777777,2.888888888888889,1.3333333333333333,0.8888888888888888,2.7777777777777777,0.5244266663610058,0.05555555555555555,0.6860539923039922,0.3222359497098319,0.025767901969575298,0.24596805111032222,-1.3333333333333333,4.472222222222222,1.0
Kevin Zabo,17.305555555555557,81.66666666666667,16.13888888888889,5.277777777777778,0.2777777777777778,1.0555555555555556,1.4722222222222223,1.2222222222222223,0.027777777777777776,0.5833333333333334,2.2777777777777777,0.3393518518518518,0.22903439153439153,0.3819444444444444,0.06171944471006553,0.1137389104789389,0.07235675367581643,-1.2222222222222223,4.472222222222222,1.0
Leo Edwards,2.1666666666666665,9.083333333333334,0.4722222222222222,0.5,0.2222222222222222,0.2777777777777778,0.0,0.05555555555555555,0.08333333333333333,0.08333333333333333,0.3888888888888889,0.08518518518518518,0.0,0.0,0.012758363533155051,0.0,0.0023148148148148147,0.2222222222222222,4.472222222222222,0.0
Mitch Peterson,18.666666666666668,76.55555555555556,11.083333333333334,5.138888888888889,0.7777777777777778,2.0277777777777777,0.6666666666666666,0.75,0.25,0.6111111111111112,1.3611111111111112,0.33749999999999997,0.25839947089947096,0.20601851851851852,0.049528848018925084,0.13105863925078595,0.038857391514203574,0.2222222222222222,4.472222222222222,1.0
