,MP,ORtg,%Ps,Pts,OR,DR,A,TO,Blk,Stl,PF,2Pt %,3Pt %,FT %,2Pt %Att,3Pt %Att,FT %Att,Pnts-Prev,Marg,Maj Cont
Alex Bran,2.5428571428571427,3.2857142857142856,0.5428571428571428,1.4,0.02857142857142857,0.22857142857142856,0.2571428571428571,0.2,0.05714285714285714,0.11428571428571428,0.17142857142857143,0.08571428571428572,0.14523809523809525,0.0,0.005215089297601612,0.0361298681562234,0.0,-0.05714285714285714,8.942857142857143,0.0
Casey Jones,6.771428571428571,24.228571428571428,5.914285714285715,2.8857142857142857,0.5714285714285714,0.9142857142857143,0.8857142857142857,0.7142857142857143,0.2571428571428571,0.11428571428571428,0.42857142857142855,0.12440630797773655,0.033333333333333326,0.11394557823129252,0.06467019858256572,0.013840758192332405,0.030149819458575217,-0.6857142857142857,8.942857142857143,0.0
Chuck Ester,23.771428571428572,98.85714285714286,18.02857142857143,7.485714285714286,1.0285714285714285,3.7142857142857144,1.6285714285714286,1.7428571428571429,0.42857142857142855,0.9714285714285714,1.7142857142857142,0.5381065759637187,0.20714285714285716,0.42965986394557826,0.1403751228563711,0.04871818497059448,0.07945872490844677,-0.6857142857142857,8.942857142857143,1.0
Dee Oldham,18.771428571428572,105.97142857142858,19.085714285714285,7.057142857142857,1.1714285714285715,3.5142857142857142,1.0857142857142856,1.1142857142857143,0.08571428571428572,0.8285714285714286,1.4,0.4757142857142857,0.2895238095238095,0.6002380952380952,0.08580993368285829,0.096046513748518,0.10337027351634939,-0.4,8.942857142857143,1.0
Duke Ethridge,14.2,93.45714285714286,19.514285714285716,6.485714285714286,1.1714285714285715,2.3142857142857145,0.3142857142857143,0.7428571428571429,0.42857142857142855,0.34285714285714286,1.3142857142857143,0.40459183673469384,0.1842857142857143,0.4998412698412699,0.0975485783128883,0.0672101695845651,0.0907966905981268,0.05714285714285714,8.942857142857143,1.0
Eric Robertson,26.914285714285715,108.6,13.885714285714286,8.571428571428571,0.3142857142857143,1.0857142857142856,1.6571428571428573,0.8571428571428571,0.37142857142857144,0.8,1.8857142857142857,0.29285714285714287,0.38198309626881066,0.2523809523809524,0.03064777054823946,0.27938034033087084,0.0437255149697546,0.6285714285714286,8.942857142857143,1.0
Greg Pryor,28.514285714285716,102.51428571428572,19.057142857142857,9.6,0.4857142857142857,1.7428571428571429,3.4285714285714284,1.9142857142857144,0.05714285714285714,1.4285714285714286,2.6,0.36119047619047623,0.3131972789115646,0.6717985982271697,0.08775720279140072,0.17923028973096045,0.18296396919066388,-0.8571428571428571,8.942857142857143,1.0
Johnathan Burroughs-Cook,14.514285714285714,80.54285714285714,19.885714285714286,5.8,0.42857142857142855,1.3142857142857143,1.2285714285714286,1.0857142857142856,0.05714285714285714,0.5714285714285714,1.5142857142857142,0.41527210884353744,0.1726190476190476,0.41972789115646264,0.0897900342101842,0.0709197613027183,0.10120057381297504,-0.9142857142857143,8.942857142857143,1.0
Justin Tuoyo,23.057142857142857,104.2,19.771428571428572,10.142857142857142,1.9428571428571428,2.657142857142857,0.9142857142857143,1.1714285714285715,2.142857142857143,0.6285714285714286,2.4857142857142858,0.506807953950811,0.03809523809523809,0.5852598195455339,0.18585191254097547,0.015976087404658834,0.19203536943048188,3.2,8.942857142857143,1.0
Peyton Woods,3.342857142857143,17.02857142857143,2.2857142857142856,1.457142857142857,0.11428571428571428,0.2571428571428571,0.11428571428571428,0.11428571428571428,0.0,0.14285714285714285,0.45714285714285713,0.04285714285714286,0.13061224489795917,0.08,0.0027426441219544667,0.03546715278724274,0.007290513104466593,0.05714285714285714,8.942857142857143,1.0
Tre' McLean,30.257142857142856,105.51428571428572,20.6,11.942857142857143,1.6857142857142857,4.542857142857143,2.342857142857143,2.085714285714286,0.7142857142857143,1.5714285714285714,2.2,0.498133374561946,0.31061224489795913,0.6189764996907854,0.18102008448353216,0.128509445219887,0.1404371224387312,0.4,8.942857142857143,1.0
