,MP,ORtg,%Ps,Pts,OR,DR,A,TO,Blk,Stl,PF,2Pt %,3Pt %,FT %,2Pt %Att,3Pt %Att,FT %Att,Pnts-Prev,Marg
Chris Clerkley,1.3823529411764706,6.735294117647059,0.08823529411764706,0.0,0.058823529411764705,0.20588235294117646,0.08823529411764706,0.08823529411764706,0.058823529411764705,0.0,0.11764705882352941,0.0,0.0,0.0,0.003658879819870532,0.0,0.0021008403361344537,-0.058823529411764705,8.029411764705882
D'Marcus Simonds,34.8235294117647,103.29411764705883,35.8235294117647,21.11764705882353,1.3529411764705883,4.4411764705882355,4.470588235294118,3.6176470588235294,0.6764705882352942,1.7352941176470589,2.8823529411764706,0.5105602659630794,0.22955182072829133,0.7047937356760886,0.38533186594279195,0.1676210845997537,0.36204994685526065,-2.411764705882353,8.029411764705882
Devin Mitchell,28.470588235294116,110.97058823529412,19.558823529411764,12.235294117647058,0.29411764705882354,2.2058823529411766,1.911764705882353,1.411764705882353,0.14705882352941177,0.7058823529411765,2.4411764705882355,0.3936274509803922,0.3944498312145371,0.3207282913165266,0.08797505983522569,0.2659698934102087,0.07212866957742961,-1.1176470588235294,8.029411764705882
Isaiah Williams,19.264705882352942,95.11764705882354,16.147058823529413,7.088235294117647,0.20588235294117646,1.1176470588235294,1.5,0.8529411764705882,0.029411764705882353,0.4411764705882353,0.8235294117647058,0.36516743060860707,0.32233893557422966,0.327906162464986,0.06846922932018343,0.13395377060000085,0.07292580534335817,-0.7647058823529411,8.029411764705882
Jeff Thomas,31.676470588235293,115.3529411764706,15.0,10.735294117647058,0.7352941176470589,3.5294117647058822,1.1764705882352942,0.9411764705882353,0.7352941176470589,1.0,2.1470588235294117,0.5401960784313725,0.38116246498599443,0.3624649859943978,0.10452709112208668,0.1956319246401741,0.06975824514995332,1.588235294117647,8.029411764705882
Jordan Session,25.852941176470587,105.32352941176471,17.058823529411764,7.676470588235294,2.088235294117647,4.0,0.9117647058823529,1.3823529411764706,1.2058823529411764,1.2352941176470589,3.4411764705882355,0.5398216979099332,0.16176470588235295,0.4720206264323912,0.1504952898087891,0.01685936294879451,0.15876963187149618,2.1176470588235294,8.029411764705882
Jordan Tyson,10.117647058823529,44.26470588235294,7.235294117647059,2.0294117647058822,0.5882352941176471,1.3529411764705883,0.11764705882352941,0.6764705882352942,0.6470588235294118,0.08823529411764706,2.0,0.3098039215686275,0.0,0.1323529411764706,0.04954309463080728,0.0,0.040843276950088096,0.11764705882352941,8.029411764705882
Josh Linder,3.235294117647059,9.352941176470589,3.1176470588235294,0.9411764705882353,0.3235294117647059,0.3235294117647059,0.08823529411764706,0.29411764705882354,0.08823529411764706,0.058823529411764705,0.7352941176470589,0.1596638655462185,0.0,0.0784313725490196,0.02061265302636964,0.0014005602240896359,0.03514113595382945,-0.29411764705882354,8.029411764705882
Kane Williams,10.764705882352942,52.73529411764706,10.411764705882353,3.5,0.38235294117647056,1.0,1.2352941176470589,0.8823529411764706,0.058823529411764705,0.6176470588235294,1.4705882352941178,0.3877450980392157,0.014705882352941176,0.36876750700280114,0.048488435089836295,0.014942867698958692,0.1143662613818323,-0.4117647058823529,8.029411764705882
Malik Benlevi,34.94117647058823,123.23529411764706,12.941176470588236,9.647058823529411,1.4411764705882353,5.0588235294117645,1.7352941176470589,0.6764705882352942,0.9117647058823529,1.4705882352941178,2.2058823529411766,0.4983893557422969,0.39840102707749764,0.4137254901960784,0.08089840140403942,0.20362053587801981,0.0719161865806177,3.411764705882353,8.029411764705882
