,MP,ORtg,%Ps,Pts,OR,DR,A,TO,Blk,Stl,PF,2Pt %,3Pt %,FT %,2Pt %Att,3Pt %Att,FT %Att,Pnts-Prev,Marg,Maj Cont
Durand Scott,28.97222222222222,90.69444444444444,18.666666666666668,11.0,0.6944444444444444,2.5833333333333335,2.138888888888889,1.6944444444444444,0.08333333333333333,1.3333333333333333,1.8055555555555556,0.41967091550424884,0.19976851851851854,0.5095017636684305,0.1775099614065285,0.1305643981921072,0.160001961544004,-0.5555555555555556,8.472222222222221,1.0
Erik Swoope,4.111111111111111,13.972222222222221,1.5,0.8611111111111112,0.3888888888888889,0.4444444444444444,0.08333333333333333,0.08333333333333333,0.027777777777777776,0.08333333333333333,0.4722222222222222,0.16666666666666666,0.027777777777777776,0.034722222222222224,0.018177452110997413,0.001388888888888889,0.022091622973975916,0.05555555555555555,8.472222222222221,0.0
Julian Gamble,19.055555555555557,97.5,16.055555555555557,6.166666666666667,1.8333333333333333,2.6944444444444446,0.19444444444444445,0.7222222222222222,1.6388888888888888,0.3611111111111111,1.9722222222222223,0.48432539682539677,0.0,0.29854497354497356,0.12959599833111443,0.0,0.09997742199619974,2.5555555555555554,8.472222222222221,1.0
Kenny Kadji,26.916666666666668,102.80555555555556,23.166666666666668,12.166666666666666,1.4444444444444444,4.944444444444445,0.8055555555555556,1.6666666666666667,1.2222222222222223,0.3611111111111111,2.2777777777777777,0.5120260141093474,0.3144179894179895,0.5614197530864197,0.1611103039220229,0.18815641463990274,0.17448526165732386,-0.16666666666666666,8.472222222222221,1.0
Reggie Johnson,14.194444444444445,53.166666666666664,16.055555555555557,4.638888888888889,1.4444444444444444,3.1944444444444446,0.5555555555555556,1.4166666666666667,0.6666666666666666,0.25,1.4444444444444444,0.2400920838420839,0.013888888888888888,0.3272156084656085,0.1060020588646959,0.013462810337810339,0.11865333158239334,-1.0,8.472222222222221,1.0
Rion Brown,19.97222222222222,93.33333333333333,14.916666666666666,5.444444444444445,0.5277777777777778,1.1666666666666667,0.7777777777777778,0.5833333333333334,0.05555555555555555,0.3888888888888889,1.25,0.3694444444444444,0.1904431216931217,0.3217592592592593,0.05881185991505722,0.15690362269309638,0.06932496786747583,-0.2777777777777778,8.472222222222221,1.0
Shane Larkin,33.416666666666664,109.25,20.416666666666668,13.36111111111111,0.4166666666666667,3.1666666666666665,4.055555555555555,2.111111111111111,0.1111111111111111,1.8333333333333333,1.5,0.4940275773609107,0.3718805114638448,0.4877314814814814,0.1604395382032455,0.22678187538868652,0.14314361741065093,-0.3333333333333333,8.472222222222221,1.0
Tonye Jekiri,5.666666666666667,7.666666666666667,1.6111111111111112,1.0277777777777777,0.6944444444444444,0.5555555555555556,0.08333333333333333,0.2777777777777778,0.25,0.16666666666666666,0.9444444444444444,0.2314814814814815,0.0,0.11574074074074073,0.018952813522257764,0.0,0.02652365579610162,0.2777777777777778,8.472222222222221,0.0
Trey McKinney Jones,27.77777777777778,110.80555555555556,15.0,8.61111111111111,0.3333333333333333,2.6666666666666665,1.4722222222222223,0.9166666666666666,0.027777777777777776,0.7777777777777778,1.4722222222222223,0.4098544973544973,0.3172949735449736,0.5046296296296295,0.08606668039074698,0.19940865652617462,0.10246482583854147,-0.2222222222222222,8.472222222222221,1.0
