,MP,ORtg,%Ps,Pts,OR,DR,A,TO,Blk,Stl,PF,2Pt %,3Pt %,FT %,2Pt %Att,3Pt %Att,FT %Att,Pnts-Prev,Marg,Maj Cont
Alan Herndon,13.228571428571428,59.05714285714286,8.942857142857143,2.6285714285714286,0.42857142857142855,1.542857142857143,0.45714285714285713,0.5142857142857142,0.34285714285714286,0.17142857142857143,0.8285714285714286,0.36421768707482993,0.04285714285714286,0.21428571428571427,0.05420713930055084,0.035074229585507787,0.0439194431463339,0.0,5.542857142857143,1.0
Alexander Aka Gorski,4.742857142857143,10.457142857142857,2.5714285714285716,1.2,0.22857142857142856,0.14285714285714285,0.05714285714285714,0.22857142857142856,0.0,0.08571428571428572,0.2857142857142857,0.07142857142857142,0.10095238095238095,0.07857142857142857,0.011241083184108975,0.04301056450168039,0.02626693357243642,-0.2857142857142857,5.542857142857143,0.0
Charles Hankerson,26.8,85.48571428571428,17.942857142857143,6.257142857142857,0.34285714285714286,2.6857142857142855,2.4857142857142858,1.2571428571428571,0.0,0.8857142857142857,1.8857142857142857,0.3623809523809524,0.31551020408163266,0.27238095238095233,0.09477804091156082,0.1751177021583057,0.0874385279114845,-0.7428571428571429,5.542857142857143,1.0
Derek Cooke,25.6,112.4,15.971428571428572,7.828571428571428,1.457142857142857,4.3428571428571425,0.9142857142857143,1.3714285714285714,0.8857142857142857,0.8571428571428571,2.1142857142857143,0.6768480725623582,0.02857142857142857,0.3457709750566893,0.15897520050546804,0.0013605442176870747,0.1327226517741705,0.7428571428571429,5.542857142857143,1.0
Jack Bentz,5.171428571428572,24.942857142857143,1.4285714285714286,0.22857142857142856,0.02857142857142857,0.5142857142857142,0.7142857142857143,0.17142857142857143,0.0,0.11428571428571428,0.22857142857142856,0.03809523809523809,0.0,0.05714285714285714,0.012802102935584583,0.00789826420078521,0.009374865735767991,-0.11428571428571428,5.542857142857143,0.0
Jason McManamen,16.6,96.25714285714285,11.314285714285715,3.6857142857142855,0.17142857142857143,1.3428571428571427,0.9428571428571428,0.34285714285714286,0.0,0.34285714285714286,1.4,0.369047619047619,0.3312925170068028,0.07619047619047618,0.041501711330752276,0.12318049707032074,0.024112836728044103,0.0,5.542857142857143,0.0
Jeremy Lieberman,6.371428571428571,21.485714285714284,3.7714285714285714,0.9714285714285714,0.08571428571428572,0.3142857142857143,0.5714285714285714,0.34285714285714286,0.02857142857142857,0.2571428571428571,0.5142857142857142,0.10714285714285714,0.03809523809523809,0.09047619047619047,0.013535619952524284,0.039097770214965376,0.020381280717415167,-0.11428571428571428,5.542857142857143,0.0
Jonathan Barnes,1.8,6.9714285714285715,1.457142857142857,0.5714285714285714,0.11428571428571428,0.2857142857142857,0.02857142857142857,0.14285714285714285,0.11428571428571428,0.02857142857142857,0.17142857142857143,0.0880952380952381,0.0,0.05714285714285714,0.014017183229005891,0.0,0.023401360544217688,0.0,5.542857142857143,0.0
Josh Adams,32.51428571428571,98.8,26.02857142857143,12.714285714285714,0.6,2.5714285714285716,3.4285714285714284,2.4857142857142858,0.2,1.3428571428571427,2.057142857142857,0.5280839002267574,0.23741496598639453,0.6658817373103086,0.19109240835657074,0.22381555740967696,0.23238217105762868,-1.8857142857142857,5.542857142857143,1.0
Larry Nance,29.857142857142858,94.85714285714286,23.428571428571427,13.771428571428572,1.2,5.0,2.1142857142857143,1.8857142857142857,1.0,1.0571428571428572,1.8571428571428572,0.47700006342863494,0.17809523809523808,0.5680420373277516,0.31031656330300184,0.06727744399657556,0.19495295885472938,0.34285714285714286,5.542857142857143,1.0
Matt Sellers,4.0285714285714285,18.82857142857143,3.4857142857142858,1.457142857142857,0.22857142857142856,0.4857142857142857,0.2,0.37142857142857144,0.17142857142857143,0.02857142857142857,0.4857142857142857,0.1315873015873016,0.0,0.08571428571428572,0.030516903965179826,0.0,0.02090763716570168,-0.34285714285714286,5.542857142857143,0.0
Riley Grabau,31.914285714285715,107.42857142857143,14.971428571428572,8.6,0.14285714285714285,1.8857142857142857,2.0,1.3428571428571427,0.08571428571428572,0.22857142857142856,1.4285714285714286,0.27619047619047615,0.3311451247165532,0.5038095238095238,0.038444614454263455,0.2555959980730666,0.15556790422064137,-2.057142857142857,5.542857142857143,1.0
