,MP,ORtg,%Ps,Pts,OR,DR,A,TO,Blk,Stl,PF,2Pt %,3Pt %,FT %,2Pt %Att,3Pt %Att,FT %Att,Pnts-Prev,Marg
De'Andre Hunter,19.90909090909091,99.51515151515152,21.393939393939394,9.181818181818182,1.1515151515151516,2.393939393939394,1.0909090909090908,0.9393939393939394,0.3939393939393939,0.5757575757575758,1.8181818181818181,0.44613450522541426,0.3282828282828283,0.5794733044733045,0.1387727482096773,0.09060168653722989,0.23234256439998063,0.06060606060606061,14.151515151515152
Devon Hall,32.21212121212121,123.24242424242425,19.424242424242426,11.969696969696969,0.36363636363636365,3.9393939393939394,3.212121212121212,1.0606060606060606,0.15151515151515152,0.8787878787878788,1.3636363636363635,0.44338624338624333,0.47279942279942283,0.4956709956709958,0.13337737095184268,0.20336891356105574,0.1708374962280113,-0.06060606060606061,14.151515151515152
Isaiah Wilkins,27.636363636363637,112.48484848484848,14.787878787878787,5.9393939393939394,2.0,4.2727272727272725,1.5757575757575757,0.8787878787878788,1.4848484848484849,1.1818181818181819,2.1515151515151514,0.505050505050505,0.06060606060606061,0.3939393939393939,0.13070843746101052,0.02308971927508213,0.09071282734736155,3.5757575757575757,14.151515151515152
Jack Salt,19.757575757575758,116.48484848484848,11.666666666666666,3.5454545454545454,1.5151515151515151,2.5757575757575757,0.2727272727272727,0.6363636363636364,0.6666666666666666,0.3333333333333333,1.878787878787879,0.6449494949494949,0.0,0.15656565656565655,0.06977573971660597,0.0,0.07225394483345511,0.7272727272727273,14.151515151515152
Jay Huff,3.212121212121212,18.484848484848484,2.8181818181818183,1.2424242424242424,0.18181818181818182,0.5151515151515151,0.12121212121212122,0.12121212121212122,0.42424242424242425,0.030303030303030304,0.42424242424242425,0.19949494949494948,0.030303030303030304,0.0808080808080808,0.014996122406826759,0.011563251563251564,0.01741659014386287,0.6666666666666666,14.151515151515152
Kyle Guy,32.18181818181818,103.06060606060606,23.757575757575758,14.121212121212121,0.36363636363636365,2.212121212121212,1.4848484848484849,1.2121212121212122,0.030303030303030304,1.0,1.1818181818181819,0.3985555838497015,0.39160435524071885,0.3525252525252526,0.17871229405250963,0.33201991351003,0.11746386776642899,-0.36363636363636365,14.151515151515152
Mamadi Diakite,15.393939393939394,91.21212121212122,14.212121212121213,5.333333333333333,0.9393939393939394,2.0303030303030303,0.15151515151515152,0.7272727272727273,0.45454545454545453,0.45454545454545453,2.1818181818181817,0.5360509860509861,0.0,0.3838383838383838,0.11096599404794431,0.0,0.08765285438519327,0.36363636363636365,14.151515151515152
Marco Anthony,3.121212121212121,13.757575757575758,2.4545454545454546,0.7878787878787878,0.030303030303030304,0.36363636363636365,0.2727272727272727,0.18181818181818182,0.06060606060606061,0.06060606060606061,0.15151515151515152,0.07323232323232323,0.0707070707070707,0.0101010101010101,0.012581211262639995,0.024296853244221664,0.008264462809917356,-0.12121212121212122,14.151515151515152
Nigel Johnson,14.787878787878787,69.39393939393939,16.484848484848484,4.303030303030303,0.06060606060606061,1.393939393939394,1.5151515151515151,0.7272727272727273,0.030303030303030304,0.6666666666666666,0.5151515151515151,0.3095959595959596,0.19949494949494945,0.2570707070707071,0.07700018472221475,0.08253325731204195,0.0727638114353566,-0.06060606060606061,14.151515151515152
Trevon Gross,0.8181818181818182,0.0,0.0,0.12121212121212122,0.030303030303030304,0.09090909090909091,0.09090909090909091,0.030303030303030304,0.0,0.030303030303030304,0.06060606060606061,0.06060606060606061,0.0,0.0,0.0016952744225471501,0.0013774104683195593,0.002525252525252525,0.0,14.151515151515152
Ty Jerome,30.484848484848484,110.96969696969697,21.303030303030305,10.515151515151516,0.3333333333333333,2.787878787878788,3.9393939393939394,1.5454545454545454,0.030303030303030304,1.5454545454545454,2.272727272727273,0.42417683326774236,0.37626262626262624,0.424963924963925,0.13141462274618088,0.23114899452876747,0.0974632978221495,0.06060606060606061,14.151515151515152
