,MP,ORtg,%Ps,Pts,OR,DR,A,TO,Blk,Stl,PF,2Pt %,3Pt %,FT %,2Pt %Att,3Pt %Att,FT %Att,Pnts-Prev,Marg,Maj Cont
Alonzo Nelson-Ododa,7.212121212121212,30.818181818181817,4.606060606060606,1.2121212121212122,0.7575757575757576,0.6363636363636364,0.12121212121212122,0.30303030303030304,0.6666666666666666,0.030303030303030304,1.0909090909090908,0.1919191919191919,0.0,0.09848484848484848,0.02686755557142345,0.0,0.023923158771643617,0.7878787878787878,7.878787878787879,1.0
Cameron Johnson,10.909090909090908,59.24242424242424,9.363636363636363,4.636363636363637,0.3939393939393939,1.393939393939394,0.45454545454545453,0.45454545454545453,0.15151515151515152,0.30303030303030304,1.2121212121212122,0.2292929292929293,0.33122130394857674,0.24747474747474746,0.03553637836360185,0.1298365857216614,0.037831953287885606,0.0,7.878787878787879,1.0
Chris Jones,18.060606060606062,101.0909090909091,16.060606060606062,5.9393939393939394,0.8787878787878788,1.1818181818181819,1.4242424242424243,0.8181818181818182,0.3333333333333333,0.42424242424242425,1.9090909090909092,0.5303030303030303,0.1792929292929293,0.448989898989899,0.06633597275559541,0.12339342523699894,0.07921235523447577,-0.12121212121212122,7.878787878787879,1.0
Damon Wilson,9.787878787878787,50.78787878787879,10.151515151515152,2.9696969696969697,0.12121212121212122,0.8787878787878788,1.303030303030303,0.6363636363636364,0.06060606060606061,0.21212121212121213,0.9090909090909091,0.19595959595959597,0.18686868686868688,0.27777777777777773,0.04164599774925596,0.04581058182521735,0.06401151425539878,-0.7272727272727273,7.878787878787879,0.0
Jamel Artis,29.060606060606062,106.24242424242425,24.12121212121212,14.0,1.2121212121212122,3.484848484848485,2.9696969696969697,2.3636363636363638,0.24242424242424243,0.5454545454545454,1.7272727272727273,0.5313371813371812,0.35334295334295335,0.5408598976780795,0.16262251647879367,0.22425883560206672,0.1669891492657312,-3.1515151515151514,7.878787878787879,1.0
James Robinson,30.78787878787879,110.12121212121212,18.333333333333332,10.0,0.3939393939393939,2.4545454545454546,4.909090909090909,1.2424242424242424,0.24242424242424243,1.1515151515151516,1.9696969696969697,0.39322445231536135,0.3282106782106782,0.45361952861952864,0.12697661344778716,0.19793683137385334,0.13431096195860204,0.30303030303030304,7.878787878787879,1.0
Michael Young,28.666666666666668,112.0,27.151515151515152,15.515151515151516,2.272727272727273,4.484848484848484,2.3333333333333335,2.393939393939394,0.48484848484848486,0.3333333333333333,1.5454545454545454,0.5336097725803608,0.09090909090909091,0.701925851925852,0.25311421970244685,0.022235589130221958,0.24992496809875062,-3.1515151515151514,7.878787878787879,1.0
Rafael Maia,11.606060606060606,56.18181818181818,6.0606060606060606,2.0,1.4545454545454546,2.0,0.5454545454545454,0.42424242424242425,0.18181818181818182,0.42424242424242425,1.8181818181818181,0.25151515151515147,0.0,0.2323232323232323,0.03759166932735842,0.0013175230566534915,0.04367824082615013,0.36363636363636365,7.878787878787879,0.0
Ryan Luther,12.636363636363637,76.87878787878788,12.757575757575758,4.848484848484849,1.3333333333333333,1.4545454545454546,0.42424242424242425,0.8787878787878788,0.3333333333333333,0.3939393939393939,1.5454545454545454,0.4254755345664436,0.15656565656565655,0.3136363636363636,0.07007775517161534,0.030131793581450326,0.05958557174804313,-0.30303030303030304,7.878787878787879,0.0
Sheldon Jeter,17.272727272727273,101.12121212121212,17.0,7.545454545454546,1.5454545454545454,2.909090909090909,0.6666666666666666,0.696969696969697,0.7272727272727273,0.6363636363636364,2.0606060606060606,0.5136396431850978,0.12121212121212122,0.47424242424242424,0.12629435146286974,0.03935464010611772,0.07781129288774388,1.3333333333333333,7.878787878787879,1.0
Sterling Smith,17.272727272727273,92.57575757575758,9.151515151515152,4.484848484848484,0.36363636363636365,2.6363636363636362,1.121212121212121,0.5454545454545454,0.15151515151515152,0.36363636363636365,0.8181818181818182,0.1893939393939394,0.2762626262626262,0.25,0.022633939666221983,0.15542116406272846,0.0324178033625449,-0.06060606060606061,7.878787878787879,0.0
