,MP,ORtg,%Ps,Pts,OR,DR,A,TO,Blk,Stl,PF,2Pt %,3Pt %,FT %,2Pt %Att,3Pt %Att,FT %Att,Pnts-Prev,Marg,Maj Cont
Aaron Brown,0.9090909090909091,0.0,0.0,0.36363636363636365,0.0,0.030303030303030304,0.0,0.06060606060606061,0.0,0.030303030303030304,0.09090909090909091,0.09090909090909091,0.0202020202020202,0.0,0.0037484819518176157,0.009099737169912608,0.0011223344556677889,-0.06060606060606061,-1.6666666666666667,0.0
BK Ashe,20.393939393939394,93.9090909090909,13.666666666666666,6.575757575757576,0.7575757575757576,1.0606060606060606,0.6363636363636364,0.5454545454545454,0.06060606060606061,0.6060606060606061,1.9696969696969697,0.3333333333333333,0.3022394272394272,0.27777777777777773,0.04923299701378084,0.15439834653059428,0.06042175981309883,0.24242424242424243,-1.6666666666666667,0.0
Gregory Graves,21.303030303030305,99.06060606060606,15.242424242424242,6.515151515151516,1.9393939393939394,3.393939393939394,0.3333333333333333,0.8181818181818182,0.6363636363636364,0.48484848484848486,1.9696969696969697,0.44257964257964255,0.15404040404040403,0.41645021645021646,0.11686632121407572,0.028139284465656708,0.12526694617568015,0.6060606060606061,-1.6666666666666667,0.0
Julian Norfleet,31.454545454545453,108.42424242424242,28.454545454545453,16.939393939393938,0.3939393939393939,2.303030303030303,5.2727272727272725,2.8484848484848486,0.2727272727272727,1.5454545454545454,2.4242424242424243,0.5011856830038649,0.34545454545454546,0.648566901508078,0.24269387043984542,0.18889577123768886,0.21158685188612436,-2.0606060606060606,-1.6666666666666667,1.0
Khalid Nwandu,13.606060606060606,69.87878787878788,11.090909090909092,2.242424242424242,0.24242424242424243,1.2727272727272727,1.0606060606060606,1.2727272727272727,0.030303030303030304,0.7272727272727273,2.0,0.2222222222222222,0.06060606060606061,0.3391053391053391,0.04165824711231794,0.007103266207924405,0.08508326449572265,-1.0303030303030303,-1.6666666666666667,0.0
Kristijan Krajina,3.5454545454545454,22.818181818181817,3.484848484848485,1.2121212121212122,0.24242424242424243,0.6666666666666666,0.09090909090909091,0.15151515151515152,0.0,0.09090909090909091,0.6060606060606061,0.13398268398268398,0.030303030303030304,0.03535353535353535,0.027201463193251455,0.0011223344556677889,0.013188255100019806,-0.12121212121212122,-1.6666666666666667,0.0
Liam McManimon,1.878787878787879,3.787878787878788,1.2727272727272727,0.18181818181818182,0.0,0.15151515151515152,0.18181818181818182,0.15151515151515152,0.0,0.12121212121212122,0.18181818181818182,0.015151515151515152,0.0,0.06060606060606061,0.003142019271051529,0.006399381551511369,0.008484848484848486,-0.06060606060606061,-1.6666666666666667,0.0
Maalik Howard,1.696969696969697,2.909090909090909,0.21212121212121213,0.0,0.030303030303030304,0.0,0.06060606060606061,0.09090909090909091,0.0,0.030303030303030304,0.18181818181818182,0.0,0.0,0.0,0.0,0.0,0.0,-0.12121212121212122,-1.6666666666666667,0.0
Rashad Whack,32.18181818181818,105.24242424242425,24.606060606060606,17.151515151515152,0.8787878787878788,3.393939393939394,1.2424242424242424,2.121212121212121,0.3939393939393939,1.6363636363636365,2.212121212121212,0.4656445406445407,0.3621378621378621,0.7277537277537278,0.18609357372818716,0.26580715019944373,0.22625145952828313,-0.18181818181818182,-1.6666666666666667,1.0
Sam Prescott,29.87878787878788,97.33333333333333,19.060606060606062,10.696969696969697,1.303030303030303,3.5757575757575757,1.696969696969697,1.606060606060606,0.24242424242424243,1.121212121212121,2.606060606060606,0.42977392977392986,0.27564935064935064,0.5747474747474748,0.16674111223415833,0.15066338012435448,0.11165941210382117,-0.48484848484848486,-1.6666666666666667,1.0
Taylor Danaher,22.96969696969697,112.0909090909091,13.696969696969697,6.909090909090909,1.7272727272727273,3.212121212121212,0.36363636363636365,1.2424242424242424,1.303030303030303,0.42424242424242425,2.6666666666666665,0.5477633477633479,0.030303030303030304,0.46969696969696967,0.1203055054594608,0.005096436130918889,0.10724251607399957,0.9696969696969697,-1.6666666666666667,0.0
Will Miller,14.878787878787879,94.57575757575758,11.909090909090908,4.96969696969697,0.3333333333333333,0.9090909090909091,0.45454545454545453,0.42424242424242425,0.0,0.12121212121212122,1.0909090909090908,0.12121212121212122,0.3549062049062049,0.13131313131313133,0.012013378079022915,0.1529718816232965,0.01938932157970366,-0.6060606060606061,-1.6666666666666667,1.0
