,MP,ORtg,%Ps,Pts,OR,DR,A,TO,Blk,Stl,PF,2Pt %,3Pt %,FT %,2Pt %Att,3Pt %Att,FT %Att,Pnts-Prev,Marg,Maj Cont
Edmond Sumner,21.794117647058822,87.47058823529412,18.735294117647058,9.647058823529411,0.47058823529411764,2.411764705882353,2.9705882352941178,1.7352941176470589,0.17647058823529413,1.0588235294117647,1.9705882352941178,0.3688492063492063,0.2711484593837535,0.5877433840669135,0.11387773316542493,0.10681975886920936,0.16811078168138682,-1.0,9.705882352941176,1.0
Jalen Reynolds,18.41176470588235,93.94117647058823,21.529411764705884,8.852941176470589,1.9705882352941178,4.088235294117647,0.7058823529411765,1.4411764705882353,0.6470588235294118,0.6470588235294118,2.8823529411764706,0.4854967744673627,0.058823529411764705,0.4752567693744163,0.1643504209408713,0.007853910795087266,0.11853017827514192,-0.29411764705882354,9.705882352941176,1.0
James Farr,19.470588235294116,105.44117647058823,22.147058823529413,10.117647058823529,2.7058823529411766,4.647058823529412,0.5,1.2647058823529411,0.9117647058823529,0.7647058823529411,2.2941176470588234,0.5402897755838932,0.029411764705882353,0.4963458110516934,0.1783320210137702,0.010992899833730285,0.11438351263466444,0.8235294117647058,9.705882352941176,1.0
JP Macura,21.470588235294116,111.41176470588235,17.676470588235293,9.058823529411764,1.3823529411764706,1.1470588235294117,1.9411764705882353,1.0,0.029411764705882353,1.0294117647058822,2.323529411764706,0.5390819964349376,0.2877450980392157,0.5927871148459384,0.09036554688621024,0.14113325785894731,0.09587885550196616,0.11764705882352941,9.705882352941176,1.0
Kaiser Gates,8.647058823529411,61.64705882352941,7.647058823529412,2.588235294117647,0.6764705882352942,1.5294117647058822,0.14705882352941177,0.38235294117647056,0.20588235294117646,0.2647058823529412,1.3823529411764706,0.3088235294117647,0.14950980392156862,0.24789915966386555,0.019005936267536123,0.05364297160279518,0.05357394246974557,0.17647058823529413,9.705882352941176,0.0
Larry Austin,9.794117647058824,48.705882352941174,7.705882352941177,1.8235294117647058,0.23529411764705882,0.8529411764705882,1.1470588235294117,0.7647058823529411,0.0,0.5588235294117647,1.1764705882352942,0.2735294117647059,0.0,0.18872549019607843,0.038021725370978504,0.001278772378516624,0.03561593305832387,-0.4117647058823529,9.705882352941176,0.0
Makinde London,2.7941176470588234,5.294117647058823,2.1470588235294117,0.8529411764705882,0.23529411764705882,0.4411764705882353,0.20588235294117646,0.2647058823529412,0.14705882352941177,0.14705882352941177,0.38235294117647056,0.04411764705882353,0.11274509803921567,0.058823529411764705,0.005218444581221085,0.0241764579482723,0.008061403143520529,0.058823529411764705,9.705882352941176,0.0
Myles Davis,27.5,110.26470588235294,17.352941176470587,10.441176470588236,0.5,2.8823529411764706,3.911764705882353,1.7647058823529411,0.14705882352941177,0.9117647058823529,1.9705882352941178,0.39852941176470585,0.3682889822595705,0.5213235294117647,0.07346915839667781,0.23372972927119834,0.10217566853644616,-1.411764705882353,9.705882352941176,1.0
Remy Abell,22.41176470588235,87.94117647058823,12.0,5.705882352941177,0.3235294117647059,1.1764705882352942,1.4411764705882353,1.0,0.058823529411764705,0.4411764705882353,1.2352941176470589,0.3357843137254903,0.2426470588235294,0.38991596638655457,0.06706197007207927,0.10099098695799424,0.06343808704084059,-1.0,9.705882352941176,1.0
Sean O'Mara,6.382352941176471,24.91176470588235,3.8823529411764706,2.8823529411764706,0.5588235294117647,1.1176470588235294,0.23529411764705882,0.5,0.20588235294117646,0.17647058823529413,1.0294117647058822,0.4127450980392156,0.0,0.21127450980392157,0.04654865221344779,0.0,0.04494973139863078,-0.23529411764705882,9.705882352941176,0.0
Trevon Bluiett,28.705882352941178,108.02941176470588,21.11764705882353,14.558823529411764,1.411764705882353,4.411764705882353,2.176470588235294,1.588235294117647,0.3235294117647059,0.8823529411764706,2.235294117647059,0.4602506153976742,0.3515692640692642,0.6621594092182328,0.1449248616800181,0.26055772507248437,0.13645837684756842,-0.7647058823529411,9.705882352941176,1.0
