,MP,ORtg,%Ps,Pts,OR,DR,A,TO,Blk,Stl,PF,2Pt %,3Pt %,FT %,2Pt %Att,3Pt %Att,FT %Att,Pnts-Prev,Marg,Maj Cont
Alex Poythress,19.13888888888889,93.80555555555556,14.805555555555555,8.36111111111111,1.4444444444444444,3.4722222222222223,0.2777777777777778,0.9722222222222222,0.5277777777777778,0.4444444444444444,2.888888888888889,0.5138558201058201,0.07777777777777778,0.44547859547859553,0.10804377728656059,0.03550870538138902,0.11305416125162503,0.0,10.777777777777779,1.0
Charles Matthews,10.027777777777779,53.0,7.111111111111111,1.6388888888888888,0.8611111111111112,0.75,0.3611111111111111,0.5277777777777778,0.1388888888888889,0.4166666666666667,0.9166666666666666,0.2486111111111111,0.027777777777777776,0.14467592592592593,0.03345784577045505,0.006885429385429385,0.04422730639162865,0.05555555555555555,10.777777777777779,0.0
Derek Willis,15.61111111111111,84.11111111111111,9.944444444444445,6.638888888888889,0.8055555555555556,2.4722222222222223,0.3055555555555556,0.5833333333333334,0.6111111111111112,0.5277777777777778,1.4722222222222223,0.4050925925925926,0.31926406926406925,0.30000000000000004,0.031105404880678547,0.16317272043850314,0.05173486068413605,1.1111111111111112,10.777777777777779,0.0
Dominique Hawkins,6.055555555555555,38.27777777777778,3.0,1.5,0.25,0.16666666666666666,0.3333333333333333,0.16666666666666666,0.08333333333333333,0.1388888888888889,0.75,0.125,0.1273148148148148,0.10462962962962963,0.010193163013284963,0.04406377801731595,0.019829087981261897,0.1111111111111111,10.777777777777779,1.0
Isaac Humphries,5.777777777777778,23.13888888888889,3.0555555555555554,1.1944444444444444,0.5555555555555556,1.0,0.05555555555555555,0.2777777777777778,0.4444444444444444,0.05555555555555555,1.2777777777777777,0.19166666666666665,0.0,0.125,0.026799299898730086,0.0,0.018140697750672174,0.4444444444444444,10.777777777777779,0.0
Isaiah Briscoe,28.75,87.58333333333333,18.0,8.5,1.25,3.388888888888889,2.9166666666666665,1.6388888888888888,0.1111111111111111,0.9166666666666666,2.5555555555555554,0.4194885361552028,0.08564814814814814,0.2604497354497355,0.1705386845454433,0.059571328183074944,0.14689059035499785,-1.2222222222222223,10.777777777777779,1.0
Jamal Murray,33.27777777777778,113.22222222222223,23.75,19.02777777777778,1.3611111111111112,3.4166666666666665,2.0277777777777777,2.1666666666666665,0.25,0.9444444444444444,1.8888888888888888,0.46649631232964567,0.39728034311367655,0.6400310337810339,0.16611044015380513,0.3869479994402315,0.16841959065264692,-1.9444444444444444,10.777777777777779,1.0
Marcus Lee,20.63888888888889,107.13888888888889,11.944444444444445,6.055555555555555,2.388888888888889,3.4166666666666665,0.3055555555555556,0.9166666666666666,1.5277777777777777,0.2777777777777778,2.888888888888889,0.6675485008818343,0.0,0.19420194003527336,0.09743186574395131,0.0,0.07330566467661523,1.7777777777777777,10.777777777777779,1.0
Mychal Mulder,2.4444444444444446,8.416666666666666,1.75,0.3333333333333333,0.25,0.4722222222222222,0.19444444444444445,0.05555555555555555,0.0,0.027777777777777776,0.16666666666666666,0.041666666666666664,0.027777777777777776,0.027777777777777776,0.005929495003743124,0.018824061282108576,0.002415458937198067,-0.05555555555555555,10.777777777777779,0.0
Skal Labissiere,14.694444444444445,69.27777777777777,15.11111111111111,6.138888888888889,0.9722222222222222,1.9166666666666667,0.2777777777777778,0.8888888888888888,1.4722222222222223,0.2222222222222222,2.8333333333333335,0.4371133496133495,0.0,0.33032407407407405,0.11412660535453134,0.00278473962684489,0.07707352734633212,1.6111111111111112,10.777777777777779,1.0
Tyler Ulis,33.861111111111114,116.80555555555556,22.055555555555557,15.805555555555555,0.5277777777777778,2.361111111111111,6.555555555555555,1.7222222222222223,0.1111111111111111,1.3333333333333333,1.6111111111111112,0.42676628926628923,0.3200396825396825,0.7539862914862915,0.18070786279326112,0.22668568268954703,0.22935349841733052,-0.5555555555555556,10.777777777777779,1.0
