,MP,ORtg,%Ps,Pts,OR,DR,A,TO,Blk,Stl,PF,2Pt %,3Pt %,FT %,2Pt %Att,3Pt %Att,FT %Att,Pnts-Prev,Marg
Aaron Holiday,36.484848484848484,111.42424242424242,26.181818181818183,19.727272727272727,0.48484848484848486,3.0303030303030303,5.606060606060606,3.484848484848485,0.24242424242424243,1.2727272727272727,2.484848484848485,0.5010485726394817,0.4186868686868688,0.7754656959202413,0.20516687636898973,0.2428864286055088,0.28810209576016294,-3.9393939393939394,5.424242424242424
Alex Olesinski,17.454545454545453,118.93939393939394,10.363636363636363,4.2727272727272725,1.2424242424242424,2.515151515151515,0.45454545454545453,0.45454545454545453,0.45454545454545453,0.3333333333333333,2.212121212121212,0.505050505050505,0.255050505050505,0.43434343434343436,0.03674888093765278,0.05564355669323218,0.06467847077472746,0.6666666666666666,5.424242424242424
Chris Smith,12.757575757575758,61.15151515151515,14.909090909090908,3.9393939393939394,0.48484848484848486,1.3636363636363635,0.5151515151515151,1.1515151515151516,0.21212121212121213,0.24242424242424243,1.1515151515151516,0.43412698412698414,0.0808080808080808,0.2944444444444444,0.06375502196330805,0.03349944824114275,0.07350050965369236,-1.393939393939394,5.424242424242424
Gyorgy Goloman,23.727272727272727,118.15151515151516,14.212121212121213,7.0606060606060606,1.606060606060606,2.5757575757575757,1.1818181818181819,1.0303030303030303,1.1515151515151516,0.5757575757575758,3.3333333333333335,0.598917748917749,0.3156565656565657,0.3991341991341991,0.09036595200875798,0.05322178463649889,0.1181866590039261,1.393939393939394,5.424242424242424
Ikenna Okwarabizie,0.8787878787878788,0.0,0.0,0.18181818181818182,0.06060606060606061,0.21212121212121213,0.0,0.030303030303030304,0.030303030303030304,0.030303030303030304,0.12121212121212122,0.0505050505050505,0.0,0.0,0.0026515151515151517,0.0017825311942959003,0.0,0.06060606060606061,5.424242424242424
Jaylen Hands,22.96969696969697,91.60606060606061,20.09090909090909,9.151515151515152,0.5454545454545454,3.0303030303030303,2.4242424242424243,1.6666666666666667,0.12121212121212122,0.9090909090909091,1.4848484848484849,0.393987493987494,0.31796536796536795,0.4522727272727272,0.11477762977680155,0.13913239595940502,0.09529460445904296,-1.2727272727272727,5.424242424242424
Kris Wilkes,28.757575757575758,106.39393939393939,21.696969696969695,13.393939393939394,1.303030303030303,3.515151515151515,1.606060606060606,1.2424242424242424,0.5454545454545454,0.7272727272727273,2.4545454545454546,0.509972014517469,0.3205146705146705,0.5025345025345026,0.1684494385368874,0.193054048670423,0.15095585981913304,0.06060606060606061,5.424242424242424
Prince Ali,22.21212121212121,95.27272727272727,19.666666666666668,8.727272727272727,0.696969696969697,2.3333333333333335,1.3636363636363635,1.3333333333333333,0.15151515151515152,0.7575757575757576,1.696969696969697,0.4739538239538239,0.30404040404040406,0.4226911976911977,0.10739038310003324,0.11693349703082231,0.10888653429439045,-0.8484848484848485,5.424242424242424
Thomas Welsh,32.24242424242424,117.6969696969697,17.03030303030303,12.575757575757576,2.5757575757575757,7.818181818181818,1.393939393939394,0.9393939393939394,0.8787878787878788,0.6666666666666666,2.3636363636363638,0.5073472823472823,0.3439033189033189,0.39292929292929296,0.18039127185302387,0.13354327866564086,0.07009223593189437,1.2121212121212122,5.424242424242424
