,MP,ORtg,%Ps,Pts,OR,DR,A,TO,Blk,Stl,PF,2Pt %,3Pt %,FT %,2Pt %Att,3Pt %Att,FT %Att,Pnts-Prev,Marg,Maj Cont
Bogdan Bliznyuk,18.37142857142857,101.6,16.228571428571428,8.4,1.2571428571428571,2.6,1.0571428571428572,1.3428571428571427,0.4,0.5428571428571428,2.342857142857143,0.505374149659864,0.3404761904761905,0.4797278911564626,0.12407131424707783,0.04855294567068407,0.09842262455708944,-0.8,6.914285714285715,1.0
Daniel Hill,1.4,3.6285714285714286,0.14285714285714285,0.17142857142857143,0.0,0.08571428571428572,0.05714285714285714,0.08571428571428572,0.0,0.05714285714285714,0.2,0.05714285714285714,0.0,0.02857142857142857,0.0029958036854588572,0.00728377504848093,0.0017857142857142857,-0.05714285714285714,6.914285714285715,0.0
Drew Brandon,31.4,104.77142857142857,17.8,9.285714285714286,1.9142857142857144,4.771428571428571,4.542857142857143,1.7714285714285714,0.2857142857142857,1.6857142857142857,2.2285714285714286,0.4280551987694845,0.1831972789115646,0.5504761904761905,0.1538849459199288,0.10013811739688615,0.1243536003131179,0.4,6.914285714285715,1.0
Felix Von Hofe,14.114285714285714,65.6,10.057142857142857,4.714285714285714,0.3142857142857143,0.9714285714285714,0.5714285714285714,0.45714285714285713,0.2857142857142857,0.2571428571428571,1.0857142857142856,0.32857142857142857,0.31751700680272105,0.15238095238095237,0.03425495453138479,0.11968330002518895,0.025370573870573874,0.17142857142857143,6.914285714285715,1.0
Frederik Jorg,1.9428571428571428,4.142857142857143,0.8571428571428571,0.9428571428571428,0.22857142857142856,0.2571428571428571,0.08571428571428572,0.14285714285714285,0.14285714285714285,0.0,0.5428571428571428,0.13968253968253969,0.0,0.09285714285714286,0.015502898180417403,0.0,0.018122282201229568,0.0,6.914285714285715,0.0
Garrett Moon,4.914285714285715,17.485714285714284,2.6,1.1428571428571428,0.5714285714285714,0.45714285714285713,0.08571428571428572,0.3142857142857143,0.4,0.17142857142857143,0.8285714285714286,0.18714285714285714,0.02857142857142857,0.014285714285714285,0.027821150475575495,0.0025210084033613447,0.008240019184546919,0.5142857142857142,6.914285714285715,0.0
Kyle Reid,5.6571428571428575,16.485714285714284,2.2285714285714286,0.9142857142857143,0.2857142857142857,0.7714285714285715,0.14285714285714285,0.3142857142857143,0.22857142857142856,0.17142857142857143,0.8285714285714286,0.22857142857142856,0.0,0.0619047619047619,0.0226866322381763,0.001142857142857143,0.010412808499080212,0.17142857142857143,6.914285714285715,0.0
Ognjen Miljkovic,22.82857142857143,92.05714285714286,20.542857142857144,9.4,0.6857142857142857,2.3142857142857145,0.8857142857142857,1.6,0.6285714285714286,0.6,2.5714285714285716,0.4088321995464853,0.3372222222222222,0.4640692640692641,0.10201665381532017,0.16744906685690392,0.09162608401802959,-0.7428571428571429,6.914285714285715,1.0
Parker Kelly,29.62857142857143,106.62857142857143,10.085714285714285,7.428571428571429,0.3142857142857143,2.1714285714285713,1.0,0.4,0.2857142857142857,0.3142857142857143,1.7714285714285714,0.16,0.3950226757369614,0.4185714285714286,0.04530064908628463,0.16312748490835818,0.08137216266127033,0.4,6.914285714285715,0.0
Sir Washington,6.085714285714285,28.228571428571428,4.0,1.4857142857142858,0.05714285714285714,0.7428571428571429,0.2571428571428571,0.2571428571428571,0.02857142857142857,0.3142857142857143,1.0857142857142856,0.15238095238095237,0.07142857142857142,0.17857142857142858,0.023476735058163674,0.017073482695331432,0.030928267998529862,0.17142857142857143,6.914285714285715,0.0
Tyler Harvey,32.628571428571426,115.0,22.942857142857143,20.314285714285713,0.5142857142857142,2.742857142857143,2.342857142857143,1.7714285714285714,0.11428571428571428,1.0,1.6,0.48171051171051166,0.386851085422514,0.684488765203051,0.15257681252627237,0.33456857809844665,0.2356066074455972,-1.3142857142857143,6.914285714285715,1.0
Venky Jois,26.542857142857144,95.97142857142858,22.314285714285713,14.257142857142858,2.257142857142857,4.314285714285714,1.7714285714285714,1.9142857142857144,1.9142857142857144,1.0571428571428572,2.0285714285714285,0.5357407175850342,0.05238095238095238,0.38265306122448983,0.26684002166451115,0.00988795518207283,0.2451878263937923,2.1142857142857143,6.914285714285715,1.0
