,MP,ORtg,%Ps,Pts,OR,DR,A,TO,Blk,Stl,PF,2Pt %,3Pt %,FT %,2Pt %Att,3Pt %Att,FT %Att,Pnts-Prev,Marg,Maj Cont
Anthony Lee,21.529411764705884,95.73529411764706,17.794117647058822,8.823529411764707,1.3529411764705883,4.794117647058823,0.23529411764705882,0.9705882352941176,0.6764705882352942,0.38235294117647056,2.7058823529411766,0.46631864867158984,0.0,0.4042717086834734,0.17292165518493144,0.002626050420168067,0.13267820716713918,0.17647058823529413,4.382352941176471,0.0
Dalton Pepper,9.647058823529411,46.8235294117647,8.852941176470589,2.4705882352941178,0.4117647058823529,0.6764705882352942,0.47058823529411764,0.4411764705882353,0.20588235294117646,0.38235294117647056,0.6764705882352942,0.24019607843137258,0.1142156862745098,0.11764705882352941,0.033784446287862875,0.07324855444729503,0.015038665038665038,0.29411764705882354,4.382352941176471,0.0
Jake O'Brien,18.941176470588236,111.91176470588235,19.91176470588235,8.794117647058824,1.2352941176470589,1.7941176470588236,0.5294117647058824,0.9117647058823529,0.7647058823529411,0.4411764705882353,2.088235294117647,0.45147058823529407,0.3974439775910364,0.35441176470588237,0.08239803377598742,0.17219824872862993,0.0583589309503582,0.5882352941176471,4.382352941176471,1.0
Khalif Wyatt,31.11764705882353,103.05882352941177,30.294117647058822,18.676470588235293,0.4117647058823529,2.323529411764706,3.823529411764706,3.0,0.20588235294117646,1.5588235294117647,2.088235294117647,0.4576839826839827,0.298001018589254,0.7066034047651696,0.19507793883246474,0.2998516180453255,0.31624180142316943,-2.4705882352941178,4.382352941176471,1.0
Quenton DeCosey,5.735294117647059,20.147058823529413,3.911764705882353,1.5588235294117647,0.20588235294117646,0.7058823529411765,0.35294117647058826,0.35294117647058826,0.0,0.11764705882352941,0.38235294117647056,0.12464985994397759,0.09313725490196079,0.09411764705882353,0.022740239336702127,0.03148785688592206,0.033863750628456514,-0.47058823529411764,4.382352941176471,0.0
Rahlir Hollis-Jefferson,28.352941176470587,94.79411764705883,18.11764705882353,8.088235294117647,2.5,3.1176470588235294,3.1470588235294117,1.5294117647058822,0.9411764705882353,1.6470588235294117,2.5,0.3958444741532977,0.0,0.5004901960784315,0.19226166255955204,0.0,0.1530148030648302,2.1176470588235294,4.382352941176471,1.0
Scootie Randall,32.61764705882353,105.6470588235294,17.823529411764707,11.088235294117647,2.0,3.764705882352941,1.9411764705882353,1.2941176470588236,0.14705882352941177,0.9705882352941176,1.8823529411764706,0.4445028011204482,0.2608426704014939,0.4237394957983194,0.1249119008413896,0.25020537210325117,0.08801277618996367,-0.35294117647058826,4.382352941176471,1.0
T.J. DiLeo,16.735294117647058,90.70588235294117,7.0,2.6176470588235294,0.4411764705882353,1.2058823529411764,1.5588235294117647,0.4117647058823529,0.14705882352941177,0.7058823529411765,0.8529411764705882,0.24803921568627452,0.1784313725490196,0.14705882352941177,0.024866206545747706,0.04568406301179052,0.03907282973205894,0.8823529411764706,4.382352941176471,0.0
Will Cummings,21.88235294117647,89.82352941176471,15.705882352941176,5.705882352941177,0.47058823529411764,1.7352941176470589,1.8823529411764706,1.2352941176470589,0.2647058823529412,1.3529411764705883,2.176470588235294,0.39173669467787114,0.17745098039215687,0.5065826330532213,0.09221438722359737,0.065874706945853,0.10489470639359405,0.7647058823529411,4.382352941176471,1.0
