,MP,ORtg,%Ps,Pts,OR,DR,A,TO,Blk,Stl,PF,2Pt %,3Pt %,FT %,2Pt %Att,3Pt %Att,FT %Att,Pnts-Prev,Marg,Maj Cont
Brad Calipari,1.1842105263157894,0.0,0.0,0.21052631578947367,0.02631578947368421,0.05263157894736842,0.02631578947368421,0.05263157894736842,0.02631578947368421,0.0,0.07894736842105263,0.0,0.02631578947368421,0.017543859649122806,0.00047846889952153106,0.013343635769265057,0.003948594692696326,-0.05263157894736842,12.842105263157896,0.0
De'Aaron Fox,24.605263157894736,89.94736842105263,22.44736842105263,13.578947368421053,0.4473684210526316,3.026315789473684,4.052631578947368,2.026315789473684,0.13157894736842105,1.2105263157894737,2.0789473684210527,0.44342235557609516,0.212719298245614,0.5541248955722641,0.19695053173958557,0.0837010330598226,0.18948128296571962,-1.368421052631579,12.842105263157896,1.0
Derek Willis,18.973684210526315,98.76315789473684,11.157894736842104,6.2105263157894735,0.9473684210526315,3.6842105263157894,0.631578947368421,0.6842105263157895,0.8947368421052632,0.5263157894736842,1.631578947368421,0.5135964912280703,0.3084586466165414,0.19517543859649122,0.04162999791179657,0.14282739204985595,0.02760998471656513,1.4736842105263157,12.842105263157896,1.0
Dominique Hawkins,17.07894736842105,93.13157894736842,9.921052631578947,3.763157894736842,0.5789473684210527,0.9210526315789473,1.6842105263157894,0.42105263157894735,0.0,0.7631578947368421,1.7894736842105263,0.34868421052631576,0.19035087719298247,0.4429824561403509,0.04413406627646993,0.06848828984334579,0.05030976079968032,0.6842105263157895,12.842105263157896,1.0
Edrice Adebayo,26.473684210526315,107.13157894736842,17.342105263157894,11.868421052631579,2.763157894736842,4.2105263157894735,0.6052631578947368,1.5,1.394736842105263,0.631578947368421,2.473684210526316,0.5836127899493552,0.0,0.5541596561333404,0.15282409110100445,0.0,0.21510595245337544,1.0526315789473684,12.842105263157896,1.0
Isaac Humphries,7.2631578947368425,31.18421052631579,5.921052631578948,2.4473684210526314,1.236842105263158,1.3421052631578947,0.21052631578947367,0.39473684210526316,0.47368421052631576,0.15789473684210525,1.4473684210526316,0.3855263157894737,0.0,0.16447368421052633,0.046285418931025314,0.0,0.023422206952152504,0.47368421052631576,12.842105263157896,0.0
Isaiah Briscoe,25.473684210526315,89.28947368421052,19.92105263157895,10.605263157894736,1.2894736842105263,3.236842105263158,3.5526315789473686,2.1578947368421053,0.13157894736842105,0.6578947368421053,2.263157894736842,0.4203797277713686,0.20175438596491227,0.44553049289891405,0.15940984718266574,0.07233969047678304,0.1403512957357745,-2.736842105263158,12.842105263157896,1.0
Malik Monk,28.763157894736842,101.55263157894737,22.894736842105264,18.289473684210527,0.2894736842105263,1.9736842105263157,2.1052631578947367,1.9210526315789473,0.34210526315789475,0.9210526315789473,1.6578947368421053,0.46408825093035627,0.3240059647954385,0.6588317384370018,0.16894995369037316,0.3145390339865141,0.16053626057694906,-1.3157894736842106,12.842105263157896,1.0
Mychal Mulder,8.236842105263158,49.05263157894737,7.552631578947368,3.8947368421052633,0.39473684210526316,0.7894736842105263,0.23684210526315788,0.2894736842105263,0.13157894736842105,0.21052631578947367,0.7105263157894737,0.2175438596491228,0.25184837092731827,0.11842105263157894,0.01795663315013594,0.11813559769639606,0.012355304296093769,0.10526315789473684,12.842105263157896,0.0
Sacha Killeya-Jones,2.526315789473684,15.789473684210526,1.605263157894737,1.0526315789473684,0.3157894736842105,0.5,0.05263157894736842,0.18421052631578946,0.2631578947368421,0.02631578947368421,0.5,0.1364035087719298,0.0,0.048684210526315795,0.015913517516208453,0.0,0.01404602983550352,0.21052631578947367,12.842105263157896,0.0
Tai Wynyard,1.4210526315789473,0.0,0.13157894736842105,0.2894736842105263,0.13157894736842105,0.21052631578947367,0.02631578947368421,0.05263157894736842,0.07894736842105263,0.02631578947368421,0.2894736842105263,0.10526315789473684,0.0,0.013157894736842105,0.003219343895598485,0.0,0.003205128205128205,0.10526315789473684,12.842105263157896,0.0
Wenyen Gabriel,17.105263157894736,86.92105263157895,11.052631578947368,4.552631578947368,1.5789473684210527,3.1315789473684212,0.6842105263157895,0.7105263157894737,0.868421052631579,0.2894736842105263,2.289473684210526,0.4057017543859649,0.18969298245614033,0.3032581453634085,0.046984971810878025,0.08136216922328071,0.05436504087562471,0.8947368421052632,12.842105263157896,0.0
