,MP,ORtg,%Ps,Pts,OR,DR,A,TO,Blk,Stl,PF,2Pt %,3Pt %,FT %,2Pt %Att,3Pt %Att,FT %Att,Pnts-Prev,Marg
Brandon Key,17.764705882352942,96.32352941176471,19.264705882352942,5.794117647058823,0.2647058823529412,1.1470588235294117,3.176470588235294,1.5294117647058822,0.0,0.5294117647058824,0.9705882352941176,0.4913451744334098,0.17745098039215687,0.37140522875816995,0.09208416261165434,0.04283579306834804,0.10207065830601972,-2.0,10.794117647058824
Chris Howell,8.823529411764707,47.3235294117647,11.529411764705882,3.1470588235294117,0.47058823529411764,1.8529411764705883,0.5294117647058824,0.8823529411764706,0.0,0.23529411764705882,0.7058823529411765,0.3140056022408964,0.058823529411764705,0.19117647058823528,0.07903818915486759,0.003783034953111679,0.046493534113503154,-1.2941176470588236,10.794117647058824
David Jenkins,29.235294117647058,106.97058823529412,24.558823529411764,16.147058823529413,0.2647058823529412,3.0,1.6176470588235294,1.6470588235294117,0.0,0.35294117647058826,1.8823529411764706,0.43861195993548946,0.381822425940073,0.6459733893557424,0.16313221456119065,0.2407734443918486,0.18880366134336565,-2.588235294117647,10.794117647058824
Ian Theisen,15.382352941176471,96.94117647058823,8.794117647058824,4.147058823529412,0.9411764705882353,2.176470588235294,0.4411764705882353,0.35294117647058826,0.20588235294117646,0.2647058823529412,1.7647058823529411,0.4465686274509804,0.2699579831932773,0.29215686274509806,0.037933344172189264,0.05945937126777334,0.04589201807655622,0.23529411764705882,10.794117647058824
Lane Severyn,14.529411764705882,103.11764705882354,7.5,3.1470588235294117,0.9705882352941176,1.1470588235294117,0.6176470588235294,0.47058823529411764,0.17647058823529413,0.38235294117647056,1.6470588235294117,0.25,0.446078431372549,0.20098039215686272,0.020863747061957486,0.04949648132605834,0.03402642330251145,0.17647058823529413,10.794117647058824
Mike Daum,30.970588235294116,115.79411764705883,33.23529411764706,23.794117647058822,1.8529411764705883,8.529411764705882,1.3235294117647058,2.0,0.7352941176470589,0.5,2.411764705882353,0.4832850132374354,0.4143143621084797,0.8194780709486593,0.3007358504270058,0.24187540958552667,0.28927932864097183,-1.5294117647058822,10.794117647058824
Reed Tellinghuisen,30.764705882352942,120.47058823529412,17.147058823529413,12.029411764705882,0.9117647058823529,3.823529411764706,1.5588235294117647,0.7647058823529411,0.5882352941176471,0.5,2.1470588235294117,0.576139546727782,0.38923902894491125,0.5151960784313725,0.1169923748731418,0.1767353767633947,0.13885988776100464,0.6470588235294118,10.794117647058824
Skyler Flatten,26.352941176470587,131.85294117647058,9.823529411764707,7.0,0.47058823529411764,2.6470588235294117,1.2058823529411764,0.35294117647058826,0.35294117647058826,0.47058823529411764,1.2647058823529411,0.43774509803921563,0.45749299719887965,0.20588235294117646,0.04664418342310575,0.12036454524551725,0.027252137697184133,0.9411764705882353,10.794117647058824
Tevin King,26.970588235294116,115.20588235294117,19.264705882352942,9.264705882352942,1.411764705882353,4.088235294117647,3.0294117647058822,1.7058823529411764,0.23529411764705882,1.7352941176470589,3.1176470588235294,0.5706465919701215,0.29901960784313725,0.45267273576097106,0.14257593371488744,0.06467654339842144,0.12732235075888326,0.5294117647058824,10.794117647058824
