,MP,ORtg,%Ps,Pts,OR,DR,A,TO,Blk,Stl,PF,2Pt %,3Pt %,FT %,2Pt %Att,3Pt %Att,FT %Att,Pnts-Prev,Marg,Maj Cont
Brandon Swannegan,13.029411764705882,70.1470588235294,11.323529411764707,4.0,1.2352941176470589,1.6764705882352942,0.23529411764705882,0.6764705882352942,1.5,0.17647058823529413,2.676470588235294,0.3726774042950514,0.0,0.28799019607843135,0.08311925498153752,0.0,0.05741234907879984,2.0,5.5588235294117645,0.0
D'Andre Wright,16.5,88.23529411764706,23.558823529411764,6.911764705882353,1.4705882352941178,2.3823529411764706,0.4411764705882353,1.3529411764705883,0.5,0.29411764705882354,2.9705882352941178,0.43858543417366946,0.09313725490196079,0.4869747899159664,0.12722736425308226,0.023381570045627045,0.12084228647925732,-1.1176470588235294,5.5588235294117645,1.0
James Woodard,31.264705882352942,114.73529411764706,22.029411764705884,15.205882352941176,1.5,4.147058823529412,1.7352941176470589,1.2941176470588236,0.17647058823529413,0.9411764705882353,2.1470588235294117,0.49162528647822773,0.35408496732026146,0.772647695441813,0.15523922224191464,0.2746496988911453,0.2029747767403405,-0.35294117647058826,5.5588235294117645,1.0
Lew Evans,19.970588235294116,81.79411764705883,16.470588235294116,5.205882352941177,0.9411764705882353,3.0588235294117645,0.6176470588235294,1.088235294117647,0.14705882352941177,0.3235294117647059,3.235294117647059,0.3926470588235293,0.25098039215686274,0.24117647058823527,0.05639919263430506,0.17738663779861627,0.04669534570491619,-1.2352941176470589,5.5588235294117645,1.0
Marquel Curtis,3.5588235294117645,18.058823529411764,3.676470588235294,0.8529411764705882,0.2647058823529412,0.38235294117647056,0.2647058823529412,0.11764705882352941,0.058823529411764705,0.11764705882352941,0.35294117647058826,0.09264705882352942,0.0,0.058823529411764705,0.022826728405164372,0.011888790603960881,0.011134453781512605,0.11764705882352941,5.5588235294117645,0.0
Patrick Swilling,13.294117647058824,55.0,11.911764705882353,5.029411764705882,0.08823529411764706,1.0588235294117647,0.7058823529411765,0.7352941176470589,0.058823529411764705,0.3235294117647059,1.0,0.2610294117647059,0.18741830065359477,0.18872549019607843,0.03786146903338879,0.16990293541579046,0.027558577643738674,-0.7058823529411765,5.5588235294117645,0.0
Rashad Ray,20.41176470588235,105.20588235294117,16.764705882352942,6.617647058823529,0.23529411764705882,1.8529411764705883,2.3529411764705883,1.1470588235294117,0.029411764705882353,1.0,1.9411764705882353,0.5134103641456582,0.20098039215686272,0.5211484593837534,0.09600983738066157,0.06345587884059929,0.0938318434691134,-0.23529411764705882,5.5588235294117645,1.0
Rashad Smith,19.676470588235293,82.3529411764706,18.735294117647058,9.617647058823529,1.5294117647058822,2.3823529411764706,0.8823529411764706,1.0588235294117647,0.7058823529411765,0.5588235294117647,2.088235294117647,0.4241968407409584,0.029411764705882353,0.4247299269358093,0.16876501725126966,0.008488132094943241,0.15463998815529642,0.4117647058823529,5.5588235294117645,1.0
Shaquille Harrison,29.294117647058822,96.0,19.38235294117647,9.558823529411764,0.7352941176470589,3.088235294117647,3.1470588235294117,2.1470588235294117,0.23529411764705882,1.7647058823529411,2.1470588235294117,0.43166963755199045,0.1372549019607843,0.5636093073593074,0.150394835295888,0.05604452416186835,0.16279495663236712,-0.29411764705882354,5.5588235294117645,1.0
Stevie Repichowski,5.735294117647059,30.823529411764707,5.529411764705882,2.5588235294117645,0.14705882352941177,0.14705882352941177,0.11764705882352941,0.11764705882352941,0.058823529411764705,0.14705882352941177,0.5,0.04411764705882353,0.1698529411764706,0.15294117647058825,0.010527362701831577,0.09961774631868185,0.02642949290459701,0.17647058823529413,5.5588235294117645,0.0
Tim Peete,21.441176470588236,101.52941176470588,12.441176470588236,5.0588235294117645,0.6764705882352942,2.5294117647058822,1.6176470588235294,1.1176470588235294,0.14705882352941177,1.0588235294117647,1.4411764705882353,0.4892156862745098,0.24754901960784317,0.3872549019607843,0.06221795111507413,0.08577232112288487,0.0662741647041785,0.17647058823529413,5.5588235294117645,1.0
