,MP,ORtg,%Ps,Pts,OR,DR,A,TO,Blk,Stl,PF,2Pt %,3Pt %,FT %,2Pt %Att,3Pt %Att,FT %Att,Pnts-Prev,Marg,Maj Cont
Andrew White,3.2285714285714286,10.314285714285715,1.8571428571428572,1.2571428571428571,0.11428571428571428,0.5142857142857142,0.11428571428571428,0.2,0.08571428571428572,0.14285714285714285,0.2857142857142857,0.11904761904761903,0.06714285714285714,0.07619047619047618,0.006379818762797486,0.046149878507675164,0.012167574399341888,0.05714285714285714,8.628571428571428,0.0
Andrew Wiggins,30.771428571428572,105.91428571428571,24.142857142857142,16.4,2.085714285714286,3.5428571428571427,1.5142857142857142,2.1142857142857143,0.8571428571428571,1.1428571428571428,2.5142857142857142,0.45911420978647866,0.31725623582766443,0.7199486812268768,0.20328395366860602,0.22061935941851527,0.23538448951492258,-0.22857142857142856,8.628571428571428,1.0
Brannen Greene,5.142857142857143,23.65714285714286,3.8,1.8857142857142857,0.17142857142857143,0.6285714285714286,0.2857142857142857,0.42857142857142855,0.0,0.17142857142857143,0.7428571428571429,0.16952380952380952,0.1714285714285714,0.17142857142857143,0.01606072043067347,0.05687497040923766,0.02075796740812221,-0.5142857142857142,8.628571428571428,0.0
Conner Frankamp,5.2,33.114285714285714,3.142857142857143,1.2857142857142858,0.05714285714285714,0.34285714285714286,0.3142857142857143,0.08571428571428572,0.05714285714285714,0.08571428571428572,0.45714285714285713,0.08571428571428572,0.1333333333333333,0.019047619047619046,0.009129064193580323,0.06516973696713327,0.004511278195488721,0.11428571428571428,8.628571428571428,1.0
Frank Mason,15.314285714285715,81.54285714285714,15.657142857142857,5.3428571428571425,0.22857142857142856,0.9142857142857143,1.8857142857142857,1.0,0.02857142857142857,0.4857142857142857,1.8571428571428572,0.397936507936508,0.1938095238095238,0.35442176870748293,0.06842596988784079,0.08954131531261694,0.06892963514134252,-0.9714285714285714,8.628571428571428,0.0
Jamari Traylor,14.342857142857143,94.48571428571428,11.314285714285715,4.114285714285714,1.0571428571428572,2.3714285714285714,0.6857142857142857,1.0,0.7714285714285715,0.34285714285714286,2.142857142857143,0.6076190476190476,0.0,0.3833333333333333,0.05614437438260814,0.0,0.0579700475004417,0.22857142857142856,8.628571428571428,1.0
Joel Embiid,18.485714285714284,90.6,20.4,8.942857142857143,1.8571428571428572,4.628571428571429,1.0857142857142856,1.8857142857142857,2.057142857142857,0.7142857142857143,2.6857142857142855,0.5096825396825396,0.014285714285714285,0.518169449598021,0.12470657383350103,0.009548492443229285,0.1509317942666903,1.7714285714285714,8.628571428571428,0.0
Justin Wesley,0.9428571428571428,0.0,0.0,0.02857142857142857,0.02857142857142857,0.22857142857142856,0.0,0.02857142857142857,0.02857142857142857,0.0,0.11428571428571428,0.0,0.0,0.014285714285714285,0.0009216589861751152,0.0031746031746031746,0.002197802197802198,0.0,8.628571428571428,0.0
Landen Lucas,3.0,12.4,2.3142857142857145,0.9142857142857143,0.2571428571428571,0.6,0.0,0.14285714285714285,0.2,0.05714285714285714,0.5714285714285714,0.17857142857142858,0.0,0.1523809523809524,0.014222302578641663,0.0,0.021944346004587716,0.22857142857142856,8.628571428571428,0.0
Naadir Tharpe,27.257142857142856,105.42857142857143,15.228571428571428,7.9714285714285715,0.11428571428571428,1.8285714285714285,4.714285714285714,1.8285714285714285,0.0,0.6571428571428571,1.8857142857142857,0.3906462585034014,0.33095238095238105,0.3582993197278912,0.06946928749929622,0.19793286598216125,0.07427390363249503,-2.342857142857143,8.628571428571428,1.0
Perry Ellis,26.085714285714285,115.68571428571428,19.542857142857144,12.82857142857143,1.8571428571428572,4.228571428571429,1.0285714285714285,1.0,0.5714285714285714,0.7714285714285715,2.057142857142857,0.5198017062302777,0.18571428571428572,0.614421768707483,0.20103941613197707,0.029681752182184846,0.15211563175925003,0.6857142857142857,8.628571428571428,1.0
Tarik Black,11.342857142857143,58.31428571428572,7.571428571428571,4.314285714285714,1.0571428571428572,2.2857142857142856,0.2571428571428571,0.6,0.37142857142857144,0.2857142857142857,2.4285714285714284,0.4763265306122449,0.0,0.19263038548752837,0.07020464774167444,0.0015873015873015873,0.047483385876816546,0.11428571428571428,8.628571428571428,1.0
Wayne Selden,27.885714285714286,99.42857142857143,17.914285714285715,9.6,0.8857142857142857,1.7142857142857142,2.3142857142857145,1.8285714285714285,0.3142857142857143,0.6285714285714286,1.8571428571428572,0.4981632653061225,0.278843537414966,0.4737414965986395,0.10286935475977127,0.22257686687248443,0.09418928695984147,-1.7714285714285714,8.628571428571428,1.0
