,MP,ORtg,%Ps,Pts,OR,DR,A,TO,Blk,Stl,PF,2Pt %,3Pt %,FT %,2Pt %Att,3Pt %Att,FT %Att,Pnts-Prev,Marg,Maj Cont
Austin McBroom,20.735294117647058,92.61764705882354,18.441176470588236,7.235294117647059,0.4411764705882353,1.411764705882353,1.6470588235294117,1.2647058823529411,0.029411764705882353,0.6470588235294118,1.4705882352941178,0.29548319327731093,0.33382352941176463,0.5098039215686275,0.06219062271009574,0.211748622835906,0.08615054823670036,-1.1764705882352942,8.264705882352942,1.0
Dwayne Evans,27.647058823529413,95.61764705882354,23.970588235294116,13.176470588235293,1.8529411764705883,4.205882352941177,1.2352941176470589,2.2058823529411766,0.5294117647058824,1.1176470588235294,2.5588235294117645,0.47315111359229006,0.08823529411764706,0.6486811391223157,0.24011427882454625,0.026394023895369965,0.22633959175004187,-1.1176470588235294,8.264705882352942,1.0
Grandy Glaze,12.676470588235293,61.05882352941177,11.647058823529411,3.764705882352941,1.2352941176470589,3.264705882352941,0.29411764705882354,0.8529411764705882,0.29411764705882354,0.38235294117647056,1.2941176470588236,0.3614145658263305,0.0,0.2766106442577031,0.08573084833755552,0.0,0.04526982712555151,-0.35294117647058826,8.264705882352942,0.0
Jake Barnett,22.323529411764707,79.88235294117646,11.617647058823529,4.529411764705882,0.29411764705882354,2.4411764705882355,1.088235294117647,0.9117647058823529,0.20588235294117646,0.6764705882352942,2.2941176470588234,0.20098039215686272,0.29901960784313736,0.25,0.02093895435393177,0.1935142498472216,0.04298293870644604,-0.058823529411764705,8.264705882352942,0.0
John Manning,10.117647058823529,50.94117647058823,8.352941176470589,2.0588235294117645,0.5,0.8235294117647058,0.17647058823529413,0.47058823529411764,0.9705882352941176,0.29411764705882354,1.4705882352941178,0.3848039215686274,0.029411764705882353,0.15196078431372548,0.04161615437024224,0.007335344394167924,0.03655103834070666,1.588235294117647,8.264705882352942,1.0
Jordair Jett,29.5,96.38235294117646,25.205882352941178,12.882352941176471,0.8235294117647058,2.9411764705882355,4.5,2.7058823529411766,0.5,1.411764705882353,1.6470588235294117,0.482856522562405,0.11274509803921569,0.5740745365745366,0.22957923681859074,0.05683948007269568,0.2572235828608233,-1.588235294117647,8.264705882352942,1.0
Mike Crawford,5.294117647058823,22.58823529411765,3.6470588235294117,1.411764705882353,0.029411764705882353,0.38235294117647056,0.29411764705882354,0.3235294117647059,0.0,0.11764705882352941,0.5,0.15441176470588236,0.1568627450980392,0.06372549019607843,0.01879855703021555,0.03458015788073669,0.008232097186700767,-0.4117647058823529,8.264705882352942,0.0
Mike McCall,27.823529411764707,103.70588235294117,16.676470588235293,9.352941176470589,0.9705882352941176,2.6470588235294117,2.1176470588235294,1.1764705882352942,0.08823529411764706,1.2941176470588236,1.4411764705882353,0.5196078431372549,0.2992997198879552,0.5686274509803921,0.10979147728310662,0.19215568929221907,0.10139468275836747,0.4117647058823529,8.264705882352942,1.0
Reggie Agbeko,2.764705882352941,6.029411764705882,1.0294117647058822,0.8235294117647058,0.17647058823529413,0.5294117647058824,0.058823529411764705,0.17647058823529413,0.029411764705882353,0.029411764705882353,0.2647058823529412,0.2450980392156863,0.0,0.029411764705882353,0.012761744743347639,0.0,0.01046219681393444,-0.23529411764705882,8.264705882352942,0.0
Rob Loe,25.88235294117647,102.20588235294117,18.5,9.352941176470589,1.411764705882353,3.7058823529411766,1.8529411764705883,1.3823529411764706,1.2058823529411764,0.8823529411764706,2.764705882352941,0.505532212885154,0.23417366946778714,0.538235294117647,0.10476648277393519,0.195180529935455,0.114180995486168,1.411764705882353,8.264705882352942,1.0
Tanner Lancona,4.676470588235294,19.794117647058822,2.4411764705882355,1.2941176470588236,0.23529411764705882,0.5588235294117647,0.11764705882352941,0.17647058823529413,0.08823529411764706,0.11764705882352941,0.5294117647058824,0.14460784313725492,0.06372549019607843,0.09705882352941175,0.014888113342668034,0.02342837243446343,0.012388971322794852,0.058823529411764705,8.264705882352942,0.0
