,MP,ORtg,%Ps,Pts,OR,DR,A,TO,Blk,Stl,PF,2Pt %,3Pt %,FT %,2Pt %Att,3Pt %Att,FT %Att,Pnts-Prev,Marg,Maj Cont
Alvin Ellis,18.02857142857143,81.02857142857142,16.0,6.171428571428572,0.6,2.257142857142857,1.1714285714285715,1.2571428571428571,0.37142857142857144,0.6,1.8285714285714285,0.29047619047619044,0.32462585034013614,0.29761904761904767,0.049227981998409276,0.14716211519323838,0.08244225001185175,-0.5714285714285714,3.1714285714285713,1.0
Cassius Winston,19.314285714285713,92.25714285714285,22.62857142857143,6.3428571428571425,0.17142857142857143,1.6285714285714286,4.828571428571428,2.1142857142857143,0.14285714285714285,0.7142857142857143,1.9142857142857144,0.4023809523809524,0.3,0.3575613275613276,0.0886327065483718,0.09727758514108341,0.09171889396222606,-2.5142857142857142,3.1714285714285713,1.0
Eron Harris,17.65714285714286,75.82857142857142,18.714285714285715,8.285714285714286,0.4,1.9142857142857144,1.3142857142857143,1.3428571428571427,0.14285714285714285,0.3142857142857143,1.1428571428571428,0.35326530612244894,0.23817975675118533,0.40476190476190477,0.10342794395764254,0.14839783705253004,0.08047115379888489,-1.7714285714285714,3.1714285714285713,0.0
Joshua Langford,19.37142857142857,96.02857142857142,14.114285714285714,6.257142857142857,0.6857142857142857,1.4857142857142858,1.0571428571428572,1.0857142857142856,0.08571428571428572,0.4,1.9142857142857144,0.43493197278911566,0.3571428571428572,0.14591836734693878,0.07418064462477704,0.11018434766793517,0.029905939471156863,-1.2,3.1714285714285713,1.0
Kenny Goins,17.34285714285714,82.54285714285714,9.8,3.057142857142857,1.0285714285714285,3.342857142857143,0.6,1.0,0.6,0.2,2.5428571428571427,0.4114285714285714,0.0,0.2571428571428571,0.06587711593687678,0.0,0.05297751293659222,-0.4,3.1714285714285713,1.0
Kyle Ahrens,7.685714285714286,30.885714285714286,2.9714285714285715,2.4285714285714284,0.17142857142857143,0.9428571428571428,0.22857142857142856,0.2571428571428571,0.0,0.02857142857142857,1.2857142857142858,0.23809523809523805,0.22571428571428573,0.14047619047619045,0.020162804845606223,0.0602650211155105,0.01663050969773659,-0.45714285714285713,3.1714285714285713,0.0
Lourawls Nairn,21.914285714285715,101.51428571428572,11.771428571428572,3.4857142857142858,0.08571428571428572,2.3142857142857145,3.4571428571428573,1.0285714285714285,0.11428571428571428,0.42857142857142855,1.5714285714285714,0.4,0.1638095238095238,0.13231292517006804,0.0621616440387485,0.048599172211704185,0.036082422286295136,-0.9714285714285714,3.1714285714285713,1.0
Matt McQuaid,18.8,82.6,12.485714285714286,4.942857142857143,0.5142857142857142,1.1142857142857143,1.0571428571428572,0.6285714285714286,0.05714285714285714,0.4,1.8285714285714285,0.25,0.2462925170068027,0.23333333333333336,0.04115765109872112,0.14701176974037192,0.05025195997063005,-0.34285714285714286,3.1714285714285713,1.0
Matt Van Dyk,6.571428571428571,32.05714285714286,4.228571428571429,1.0857142857142856,0.7714285714285715,0.7142857142857143,0.34285714285714286,0.34285714285714286,0.3142857142857143,0.2571428571428571,0.9714285714285714,0.2714285714285714,0.0,0.11428571428571428,0.02269373712866685,0.0,0.025203599489313777,0.45714285714285713,3.1714285714285713,0.0
Miles Bridges,23.6,79.88571428571429,19.085714285714285,12.371428571428572,1.0857142857142856,5.057142857142857,1.5142857142857142,1.8285714285714285,1.2,0.5142857142857142,1.4,0.40043718186575333,0.2892238713667285,0.4159637188208617,0.17473481017476875,0.18395929473476924,0.143426640748526,-0.22857142857142856,3.1714285714285713,1.0
Nick Ward,18.514285714285716,102.2,31.685714285714287,12.942857142857143,2.6285714285714286,3.5428571428571427,0.4,1.6,1.4857142857142858,0.34285714285714286,2.6285714285714286,0.558073038073038,0.0,0.5772291294140034,0.24060010250455396,0.0,0.33374626048392947,0.45714285714285713,3.1714285714285713,1.0
