,MP,ORtg,%Ps,Pts,OR,DR,A,TO,Blk,Stl,PF,2Pt %,3Pt %,FT %,2Pt %Att,3Pt %Att,FT %Att,Pnts-Prev,Marg,Maj Cont
Alex Illikainen,5.972972972972973,29.864864864864863,1.972972972972973,0.918918918918919,0.43243243243243246,0.6486486486486487,0.24324324324324326,0.13513513513513514,0.08108108108108109,0.08108108108108109,0.5135135135135135,0.15945945945945947,0.036036036036036036,0.05405405405405406,0.015959964675666145,0.018876911376911377,0.01759769983454194,0.05405405405405406,9.675675675675675,0.0
Andy Van Vliet,1.2972972972972974,0.0,0.0,0.4864864864864865,0.13513513513513514,0.40540540540540543,0.05405405405405406,0.05405405405405406,0.05405405405405406,0.0,0.08108108108108109,0.06306306306306307,0.02702702702702703,0.04054054054054054,0.007796080424676763,0.009956867811222368,0.004923952292373345,0.0,9.675675675675675,0.0
Brevin Pritzl,4.783783783783784,19.864864864864863,3.108108108108108,1.2162162162162162,0.3783783783783784,0.32432432432432434,0.05405405405405406,0.13513513513513514,0.0,0.1891891891891892,0.43243243243243246,0.10135135135135136,0.08648648648648649,0.12432432432432432,0.012484249304452496,0.021741427329685828,0.02116843113052506,0.10810810810810811,9.675675675675675,0.0
Bronson Koenig,27.675675675675677,103.13513513513513,19.18918918918919,12.54054054054054,0.16216216216216217,1.7297297297297298,1.8108108108108107,1.1891891891891893,0.2972972972972973,0.5945945945945946,1.3783783783783783,0.4074002574002574,0.34140431640431634,0.46846846846846846,0.11931636006893166,0.2935223396970117,0.09891295952299406,-0.5945945945945946,9.675675675675675,1.0
Charles Thomas,4.783783783783784,14.486486486486486,4.162162162162162,1.6756756756756757,0.3783783783783784,0.5945945945945946,0.16216216216216217,0.4594594594594595,0.10810810810810811,0.0,1.0810810810810811,0.184984984984985,0.05405405405405406,0.17229729729729729,0.037255930996792266,0.007328731012941539,0.023539828629389112,-0.7027027027027027,9.675675675675675,0.0
D'Mitrik Trice,17.054054054054053,92.16216216216216,15.18918918918919,5.45945945945946,0.1891891891891892,1.5675675675675675,1.5945945945945945,0.918918918918919,0.08108108108108109,0.5135135135135135,1.1891891891891893,0.2988202488202488,0.35720720720720717,0.28378378378378377,0.06684330418096236,0.10524614663772254,0.06388376862589436,-0.6486486486486487,9.675675675675675,0.0
Ethan Happ,25.594594594594593,103.10810810810811,25.972972972972972,12.81081081081081,2.945945945945946,5.4324324324324325,2.5675675675675675,2.054054054054054,1.027027027027027,1.7027027027027026,2.4324324324324325,0.549887872914189,0.0,0.4042822042822043,0.25080535172778057,0.0,0.2315310447172453,1.3513513513513513,9.675675675675675,1.0
Jordan Hill,8.945945945945946,49.054054054054056,4.702702702702703,1.3783783783783783,0.1891891891891892,0.8108108108108109,0.3783783783783784,0.21621621621621623,0.02702702702702703,0.13513513513513514,0.5945945945945946,0.15315315315315317,0.10810810810810811,0.033783783783783786,0.015101092201465268,0.04077501683514466,0.008001008001008,-0.10810810810810811,9.675675675675675,0.0
Khalil Iverson,12.432432432432432,69.83783783783784,11.108108108108109,3.2162162162162162,1.0,1.6216216216216217,0.4864864864864865,0.7567567567567568,0.5135135135135135,0.4864864864864865,0.8378378378378378,0.3864221364221364,0.06756756756756757,0.18732303732303732,0.052181055007205164,0.0176086556918432,0.05866523715434786,0.4864864864864865,9.675675675675675,1.0
Nigel Hayes,29.35135135135135,99.0,23.18918918918919,12.432432432432432,1.8918918918918919,4.081081081081081,2.5405405405405403,1.5405405405405406,0.35135135135135137,0.7297297297297297,1.5675675675675675,0.45645840645840635,0.2245817245817246,0.5146076896076897,0.21263081016029436,0.08576645433701427,0.2824036330181799,-0.918918918918919,9.675675675675675,1.0
Vitto Brown,19.18918918918919,86.35135135135135,18.027027027027028,6.162162162162162,1.2162162162162162,2.4594594594594597,0.8648648648648649,1.2972972972972974,0.43243243243243246,0.43243243243243246,1.837837837837838,0.48211068211068203,0.2531531531531531,0.1981981981981982,0.06615854030729823,0.1631131863294033,0.04064233933129672,-0.8648648648648649,9.675675675675675,1.0
Zak Showalter,26.783783783783782,113.8108108108108,12.513513513513514,7.648648648648648,0.7567567567567568,1.8918918918918919,1.5675675675675675,1.0,0.2702702702702703,1.3783783783783783,2.4324324324324325,0.55990990990991,0.33700128700128695,0.3572072072072072,0.06238617986339365,0.15498318186001817,0.06764901666112329,1.2972972972972974,9.675675675675675,1.0
