,MP,ORtg,%Ps,Pts,OR,DR,A,TO,Blk,Stl,PF,2Pt %,3Pt %,FT %,2Pt %Att,3Pt %Att,FT %Att,Pnts-Prev,Marg,Maj Cont
AJ Hammons,22.142857142857142,105.74285714285715,25.057142857142857,13.657142857142857,2.085714285714286,5.2,0.9714285714285714,1.8285714285714285,2.2285714285714286,0.2571428571428571,2.2,0.5468582258078057,0.11428571428571428,0.6042259327973615,0.23845113420454953,0.015038953190793234,0.17449480253906982,1.3142857142857143,12.771428571428572,1.0
Caleb Swanigan,24.34285714285714,89.54285714285714,22.6,9.771428571428572,1.5142857142857142,6.257142857142857,1.7428571428571429,2.4857142857142858,0.22857142857142856,0.34285714285714286,2.085714285714286,0.502142857142857,0.21666666666666665,0.46194211017740433,0.15921492506545878,0.10192004948434837,0.12279808578100766,-3.8285714285714287,12.771428571428572,1.0
Dakota Mathias,18.02857142857143,123.8,12.657142857142857,5.114285714285714,0.05714285714285714,2.0,2.2285714285714286,0.5714285714285714,0.05714285714285714,0.3142857142857143,1.4,0.2761904761904762,0.32540816326530614,0.20714285714285716,0.03144283832193146,0.14702676086567315,0.026376528709433817,-0.4,12.771428571428572,1.0
Isaac Haas,13.942857142857143,97.11428571428571,22.914285714285715,9.571428571428571,1.1428571428571428,2.5142857142857142,0.42857142857142855,1.0857142857142856,0.7428571428571429,0.11428571428571428,1.6285714285714286,0.5700649350649352,0.0,0.5857779522065235,0.16290000539129978,0.0,0.16313142554145593,-0.45714285714285713,12.771428571428572,1.0
Jacquil Taylor,1.7142857142857142,9.0,1.1142857142857143,0.6857142857142857,0.2571428571428571,0.3142857142857143,0.08571428571428572,0.14285714285714285,0.11428571428571428,0.05714285714285714,0.4,0.10476190476190476,0.019047619047619046,0.04523809523809524,0.010710984911333344,0.0053532674222329405,0.012960662525879916,0.05714285714285714,12.771428571428572,0.0
Johnny Hill,17.285714285714285,109.62857142857143,16.257142857142856,4.942857142857143,1.2,1.4,2.257142857142857,1.2571428571428571,0.3142857142857143,1.0,1.6571428571428573,0.5523809523809523,0.04285714285714286,0.4761904761904761,0.07112400505376042,0.015241507030980714,0.10516146601088633,0.11428571428571428,12.771428571428572,1.0
Kendall Stephens,9.714285714285714,56.17142857142857,11.4,4.171428571428572,0.14285714285714285,0.7142857142857143,0.6,0.34285714285714286,0.11428571428571428,0.2857142857142857,0.8,0.20952380952380953,0.18228303442589158,0.1476190476190476,0.016166626456145125,0.14543888959156576,0.02834517475371012,0.11428571428571428,12.771428571428572,0.0
PJ Thompson,21.742857142857144,129.65714285714284,11.257142857142858,5.542857142857143,0.5714285714285714,1.457142857142857,2.6,0.5428571428571428,0.0,0.6571428571428571,1.457142857142857,0.2857142857142857,0.34761904761904766,0.4278571428571429,0.03429275850508785,0.10573118032575773,0.0837457974060912,0.22857142857142856,12.771428571428572,1.0
Rapheal Davis,25.17142857142857,85.11428571428571,14.0,7.142857142857143,0.6285714285714286,2.7142857142857144,1.9428571428571428,1.1428571428571428,0.37142857142857144,0.37142857142857144,1.6,0.3087755102040816,0.2590476190476191,0.4130952380952381,0.09668333257881824,0.12896271903467024,0.12441647180551753,-0.8,12.771428571428572,1.0
Ryan Cline,13.085714285714285,86.6,9.514285714285714,3.8285714285714287,0.02857142857142857,1.1428571428571428,1.2857142857142858,0.3142857142857143,0.02857142857142857,0.2,1.1714285714285715,0.02857142857142857,0.30666666666666664,0.07619047619047618,0.00951879814818036,0.1516608669448105,0.015657839586843685,-0.17142857142857143,12.771428571428572,0.0
Vincent Edwards,26.285714285714285,116.45714285714286,20.685714285714287,10.657142857142857,1.7142857142857142,3.2857142857142856,2.8285714285714287,1.542857142857143,0.3142857142857143,0.5142857142857142,2.1142857142857143,0.48248299319727883,0.38489795918367353,0.5843650793650794,0.14092316279200656,0.15505437753773876,0.11434031676867541,-1.4285714285714286,12.771428571428572,1.0
