,MP,ORtg,%Ps,Pts,OR,DR,A,TO,Blk,Stl,PF,2Pt %,3Pt %,FT %,2Pt %Att,3Pt %Att,FT %Att,Pnts-Prev,Marg
Aaron Thompson,23.848484848484848,86.36363636363636,15.303030303030303,4.303030303030303,0.18181818181818182,1.2121212121212122,3.242424242424242,1.5757575757575757,0.3939393939393939,1.0909090909090908,2.9696969696969697,0.39101731601731604,0.02525252525252525,0.3888167388167387,0.08745489644977632,0.019559374374169998,0.1401740782308337,-0.18181818181818182,6.333333333333333
Christian David,4.121212121212121,12.333333333333334,1.7878787878787878,0.8484848484848485,0.15151515151515152,0.30303030303030304,0.2727272727272727,0.24242424242424243,0.030303030303030304,0.12121212121212122,0.5757575757575758,0.09090909090909091,0.045454545454545456,0.06363636363636364,0.009631200540053394,0.019347677926162262,0.014365459102301208,-0.18181818181818182,6.333333333333333
Henry Baddley,15.424242424242424,96.18181818181819,10.818181818181818,4.242424242424242,0.36363636363636365,1.606060606060606,0.5757575757575758,0.5454545454545454,0.36363636363636365,0.48484848484848486,1.3636363636363635,0.46464646464646464,0.25,0.22799422799422803,0.04223883304519737,0.054249329196769745,0.04123225558418109,0.6060606060606061,6.333333333333333
Jerald Gillens-Butler,1.8484848484848484,5.090909090909091,1.2424242424242424,0.42424242424242425,0.09090909090909091,0.09090909090909091,0.06060606060606061,0.12121212121212122,0.0,0.0,0.21212121212121213,0.015151515151515152,0.030303030303030304,0.06060606060606061,0.006181337010830098,0.012023198372171978,0.013074738377299592,-0.24242424242424243,6.333333333333333
Joey Brunk,3.303030303030303,15.424242424242424,1.8484848484848484,0.7575757575757576,0.3939393939393939,0.6666666666666666,0.09090909090909091,0.21212121212121213,0.06060606060606061,0.0,0.30303030303030304,0.16774891774891776,0.0,0.045454545454545456,0.017226862367064007,0.0,0.01287878787878788,-0.30303030303030304,6.333333333333333
Kamar Baldwin,33.81818181818182,104.6969696969697,24.484848484848484,15.454545454545455,0.36363636363636365,4.454545454545454,3.121212121212121,2.212121212121212,0.42424242424242425,1.5454545454545454,2.515151515151515,0.5179886042853957,0.3224266474266474,0.6002525252525253,0.23187944434251373,0.18245657128675283,0.19966056304196758,-0.48484848484848486,6.333333333333333
Kelan Martin,35.515151515151516,108.15151515151516,28.303030303030305,20.818181818181817,0.9393939393939394,5.2727272727272725,2.0303030303030303,2.303030303030303,0.48484848484848486,0.7575757575757576,1.9393939393939394,0.5055089270998362,0.3537933447024356,0.775419782237964,0.23698079286542595,0.3167374156251431,0.2630171607818789,-2.121212121212121,6.333333333333333
Nate Fowler,17.606060606060606,121.93939393939394,15.242424242424242,6.121212121212121,1.303030303030303,1.7575757575757576,0.5757575757575758,0.6666666666666666,0.48484848484848486,0.48484848484848486,2.3333333333333335,0.6740981240981241,0.18181818181818182,0.2196969696969697,0.09866636036634603,0.029693696406560586,0.035458423377083666,0.6060606060606061,6.333333333333333
Paul Jorgensen,28.12121212121212,109.12121212121212,18.78787878787879,10.484848484848484,0.48484848484848486,2.757575757575758,2.606060606060606,0.9696969696969697,0.06060606060606061,1.121212121212121,1.4848484848484849,0.433844942935852,0.3155122655122655,0.46010101010101007,0.1021295759805053,0.22545246083744563,0.07966335075064379,0.42424242424242425,6.333333333333333
Sean McDermott,20.636363636363637,104.06060606060606,11.606060606060606,6.393939393939394,1.0303030303030303,2.303030303030303,0.9696969696969697,0.8181818181818182,0.21212121212121213,0.6363636363636364,1.8484848484848484,0.5050505050505051,0.3321067821067821,0.2222222222222222,0.03746949803515515,0.1377853424498508,0.04315194856638707,0.06060606060606061,6.333333333333333
Tyler Wideman,19.606060606060606,117.48484848484848,19.181818181818183,9.121212121212121,2.121212121212121,2.8181818181818183,0.42424242424242425,1.2727272727272727,0.42424242424242425,0.45454545454545453,2.696969696969697,0.6405078927806201,0.0,0.6161616161616161,0.13014119899713264,0.0026949335249730508,0.15732323430863554,-0.7878787878787878,6.333333333333333
