,MP,ORtg,%Ps,Pts,OR,DR,A,TO,Blk,Stl,PF,2Pt %,3Pt %,FT %,2Pt %Att,3Pt %Att,FT %Att,Pnts-Prev,Marg
Austin Witherill,1.2903225806451613,5.387096774193548,0.1935483870967742,0.3225806451612903,0.03225806451612903,0.12903225806451613,0.0,0.0,0.0,0.0,0.0,0.0,0.06451612903225806,0.016129032258064516,0.0,0.008641074295723254,0.001697792869269949,0.0,8.193548387096774
De'Quon Lake,17.225806451612904,127.90322580645162,12.806451612903226,7.32258064516129,1.8709677419354838,3.4516129032258065,0.12903225806451613,0.45161290322580644,1.2903225806451613,0.25806451612903225,2.870967741935484,0.6827060931899641,0.0,0.39262672811059907,0.11469440888188076,0.0,0.08258594091448478,2.193548387096774,8.193548387096774
Kimani Lawrence,5.967741935483871,37.16129032258065,5.290322580645161,1.8709677419354838,0.3225806451612903,0.7419354838709677,0.0967741935483871,0.2903225806451613,0.25806451612903225,0.22580645161290322,0.9354838709677419,0.23655913978494622,0.04838709677419355,0.1693548387096774,0.029472521463802533,0.023171549718443932,0.01505874989395326,0.3870967741935484,8.193548387096774
Kodi Justice,32.096774193548384,109.06451612903226,17.322580645161292,12.580645161290322,0.25806451612903225,2.4193548387096775,1.935483870967742,1.4838709677419355,0.1935483870967742,1.1935483870967742,1.935483870967742,0.508499743983615,0.38815109621561233,0.3978494623655914,0.09880334723618914,0.25539517428374525,0.07843285260073203,-0.1935483870967742,8.193548387096774
Mickey Mitchell,16.741935483870968,73.16129032258064,10.129032258064516,4.193548387096774,1.096774193548387,2.838709677419355,1.2258064516129032,1.032258064516129,0.41935483870967744,0.6129032258064516,2.225806451612903,0.3688172043010753,0.06451612903225806,0.29784946236559146,0.06585647727842055,0.025480884109916366,0.05976567905915731,0.0,8.193548387096774
Remy Martin,23.967741935483872,109.74193548387096,21.451612903225808,9.935483870967742,0.6774193548387096,2.161290322580645,2.903225806451613,1.3548387096774193,0.06451612903225806,1.1612903225806452,1.5161290322580645,0.4894975096588,0.29201228878648233,0.5871735791090631,0.15539228940869854,0.075028779802496,0.1365884107034097,-0.25806451612903225,8.193548387096774
Romello White,23.451612903225808,107.09677419354838,18.483870967741936,10.35483870967742,2.4838709677419355,4.483870967741935,0.41935483870967744,1.4193548387096775,0.7419354838709677,0.25806451612903225,3.161290322580645,0.5987641390867197,0.0,0.48317972350230415,0.16422776891361437,0.0,0.1749085587010193,-0.8387096774193549,8.193548387096774
Shannon Evans,34.83870967741935,113.16129032258064,22.612903225806452,16.612903225806452,0.3225806451612903,2.870967741935484,3.5161290322580645,1.6774193548387097,0.2903225806451613,1.4193548387096775,1.8709677419354838,0.37268305171530974,0.3727219017541598,0.7654052936311001,0.13839198117661047,0.32028452983907724,0.18503990416166016,0.06451612903225806,8.193548387096774
Tra Holder,35.12903225806452,108.0,25.451612903225808,18.419354838709676,0.9032258064516129,3.225806451612903,3.4193548387096775,2.3870967741935485,0.03225806451612903,1.3225806451612903,2.032258064516129,0.4218067774519388,0.35069124423963133,0.773252688172043,0.2233536958798445,0.2311184740483221,0.2530979382367084,-2.064516129032258,8.193548387096774
Vitaliy Shibel,10.258064516129032,41.45161290322581,3.903225806451613,1.903225806451613,0.3548387096774194,1.4516129032258065,0.4838709677419355,0.3870967741935484,0.2903225806451613,0.12903225806451613,2.225806451612903,0.22580645161290322,0.15645161290322582,0.16129032258064516,0.009807509760939205,0.06087953390227582,0.012824172859605059,0.06451612903225806,8.193548387096774
