,MP,ORtg,%Ps,Pts,OR,DR,A,TO,Blk,Stl,PF,2Pt %,3Pt %,FT %,2Pt %Att,3Pt %Att,FT %Att,Pnts-Prev,Marg,Maj Cont
Akim Mitchell,9.9375,46.46875,5.1875,2.09375,0.59375,1.125,0.4375,0.375,0.03125,0.21875,1.0,0.234375,0.0625,0.2421875,0.03112483756777415,0.025214576461179722,0.04382814836048261,-0.25,0.90625,0.0
Brian Darden,30.5,100.3125,19.65625,12.78125,0.25,1.75,1.84375,1.6875,0.03125,0.78125,2.34375,0.3417038690476191,0.3206701284826284,0.6536300505050504,0.0914172122941567,0.35563970034319553,0.11898351238617486,-1.75,0.90625,1.0
Charles Wilson-Fisher,9.9375,44.8125,6.84375,2.53125,0.9375,1.5,0.1875,0.8125,0.1875,0.34375,1.5625,0.3869047619047619,0.078125,0.1875,0.0443399231451963,0.013262984863206545,0.027001357560568085,-0.5625,0.90625,0.0
Devon Oakley,2.53125,10.96875,1.03125,0.28125,0.09375,0.3125,0.09375,0.09375,0.03125,0.0625,0.3125,0.046875,0.0,0.06770833333333333,0.0059806562857251215,0.001953125,0.00980434039644566,0.0,0.90625,0.0
Dionte Adams,18.6875,98.34375,14.6875,5.0625,2.375,3.28125,0.5625,0.875,1.1875,0.40625,2.375,0.4850694444444445,0.0,0.4395833333333333,0.09543885618428948,0.003806089743589743,0.07443042263921967,1.4375,0.90625,0.0
Imani Miller,3.6875,8.625,1.0625,0.25,0.15625,0.28125,0.375,0.3125,0.0,0.1875,0.5,0.041666666666666664,0.0,0.0625,0.006384965012767429,0.0,0.010581140350877195,-0.25,0.90625,0.0
Jervon Pressley,17.4375,69.59375,17.28125,5.6875,1.8125,3.21875,0.53125,1.78125,1.46875,0.09375,2.78125,0.3781644570707071,0.0,0.3555262445887446,0.10677432518207641,0.0,0.11475119416324364,-0.4375,0.90625,1.0
Kalin Fisher,12.4375,56.71875,11.4375,3.59375,0.53125,0.875,0.625,0.5625,0.0625,0.3125,1.125,0.2823660714285714,0.12760416666666666,0.284375,0.05529947530819298,0.06469939431743468,0.07216050247315851,-0.375,0.90625,0.0
Lawrence Cooks,25.75,86.5625,12.15625,7.46875,0.40625,2.96875,1.40625,1.3125,0.09375,0.59375,2.3125,0.3496279761904762,0.3045386904761905,0.55859375,0.05861088091729601,0.1607857792746089,0.074524524649015,-1.25,0.90625,0.0
Quinton Chievous,27.84375,87.21875,19.65625,13.84375,2.65625,6.3125,1.6875,2.25,0.125,0.46875,1.9375,0.5307486784049285,0.17767857142857144,0.36008804563492064,0.20481911651431783,0.08039930288982777,0.1806544299402635,-3.3125,0.90625,1.0
Reginald Johnson,34.875,96.03125,27.5625,17.75,1.1875,2.40625,3.96875,2.71875,0.09375,1.65625,2.96875,0.3935256175605441,0.26829793470418467,0.6242074765512265,0.25764298427612503,0.26103592210695703,0.2338191145382929,-1.9375,0.90625,1.0
Trevond Barnes,2.53125,5.8125,0.65625,0.5625,0.28125,0.3125,0.0,0.125,0.1875,0.09375,0.4375,0.10677083333333333,0.0,0.018229166666666664,0.010916767312082534,0.001953125,0.008211312542258282,0.3125,0.90625,0.0
