,MP,ORtg,%Ps,Pts,OR,DR,A,TO,Blk,Stl,PF,2Pt %,3Pt %,FT %,2Pt %Att,3Pt %Att,FT %Att,Pnts-Prev,Marg,Maj Cont
AJ Davis,6.243243243243243,23.783783783783782,3.027027027027027,0.8918918918918919,0.32432432432432434,0.6756756756756757,0.13513513513513514,0.24324324324324326,0.13513513513513514,0.13513513513513514,0.918918918918919,0.16216216216216217,0.06756756756756757,0.04054054054054054,0.018775632646412924,0.012329972815906318,0.01121212076589651,0.05405405405405406,9.162162162162161,0.0
Antonio Barton,22.35135135135135,94.29729729729729,15.324324324324325,6.702702702702703,0.3783783783783784,1.6486486486486487,1.8918918918918919,0.918918918918919,0.10810810810810811,0.5135135135135135,1.6486486486486487,0.3779279279279279,0.2509009009009009,0.3671171171171171,0.06523931500382756,0.20229725377120714,0.05951010646094219,-0.5945945945945946,9.162162162162161,1.0
Armani Moore,9.783783783783784,56.054054054054056,6.4324324324324325,2.3783783783783785,0.5675675675675675,1.162162162162162,0.43243243243243246,0.21621621621621623,0.5405405405405406,0.40540540540540543,1.027027027027027,0.2654440154440154,0.10810810810810811,0.19144144144144143,0.03451115257562153,0.03508218027668828,0.03487642899407606,1.4594594594594594,9.162162162162161,1.0
D'Montre Edwards,1.945945945945946,9.0,1.5675675675675675,0.7027027027027027,0.08108108108108109,0.3783783783783784,0.10810810810810811,0.10810810810810811,0.02702702702702703,0.10810810810810811,0.21621621621621623,0.06306306306306307,0.05855855855855856,0.05405405405405406,0.0066638490830976,0.01606814783554587,0.008775008775008775,0.05405405405405406,9.162162162162161,0.0
Darius Thompson,15.054054054054054,87.05405405405405,10.81081081081081,2.4054054054054053,0.24324324324324326,1.5675675675675675,2.189189189189189,0.8648648648648649,0.21621621621621623,0.8648648648648649,1.4594594594594594,0.38288288288288286,0.12387387387387389,0.1936936936936937,0.02580137090827778,0.06056603970185879,0.028972400996899583,0.43243243243243246,9.162162162162161,0.0
Derek Reese,6.027027027027027,33.5945945945946,4.648648648648648,1.3783783783783783,0.4864864864864865,1.3513513513513513,0.16216216216216217,0.2972972972972973,0.24324324324324326,0.10810810810810811,0.8648648648648649,0.11531531531531532,0.0945945945945946,0.08108108108108109,0.014766470947677773,0.05428924669737699,0.009459987450991952,0.10810810810810811,9.162162162162161,0.0
Jarnell Stokes,28.513513513513512,102.32432432432432,23.594594594594593,13.135135135135135,3.7027027027027026,5.513513513513513,1.8108108108108107,1.837837837837838,0.918918918918919,0.5945945945945946,1.7567567567567568,0.4695046121516709,0.0,0.5656585156585155,0.23816392726208097,0.0,0.26062026273867334,-0.6486486486486487,9.162162162162161,1.0
Jeronne Maymon,25.135135135135137,103.02702702702703,18.64864864864865,8.972972972972974,3.1621621621621623,4.162162162162162,0.8648648648648649,1.6216216216216217,0.40540540540540543,0.6486486486486487,2.4054054054054053,0.4789487539487539,0.0,0.5996996996996997,0.1570827230809892,0.0014224751066856329,0.16860679976782533,-1.135135135135135,9.162162162162161,1.0
Jordan McRae,28.324324324324323,104.27027027027027,25.43243243243243,16.56756756756757,0.5675675675675675,2.5135135135135136,2.2432432432432434,1.8918918918918919,0.8648648648648649,0.5945945945945946,2.0,0.4303877803877804,0.338999063999064,0.6885222885222886,0.17534751397794213,0.31942163242304583,0.2154670473590503,-0.8648648648648649,9.162162162162161,1.0
Josh Richardson,26.7027027027027,100.94594594594595,13.405405405405405,8.216216216216216,0.6486486486486487,1.837837837837838,1.1891891891891893,0.8378378378378378,0.7027027027027027,0.6486486486486487,1.9189189189189189,0.43915701415701425,0.2014800514800515,0.3961155961155961,0.11688698620784663,0.1311510366312493,0.07648637962454738,1.027027027027027,9.162162162162161,1.0
Rawane Ndiaye,1.7027027027027026,0.0,0.0,0.4864864864864865,0.3783783783783784,0.13513513513513514,0.0,0.1891891891891892,0.05405405405405406,0.0,0.2702702702702703,0.12162162162162163,0.0,0.06756756756756757,0.010692194697885729,0.0,0.009861590914222493,-0.2702702702702703,9.162162162162161,0.0
Robert Hubbs,5.918918918918919,29.18918918918919,5.5675675675675675,1.6216216216216217,0.24324324324324326,0.24324324324324326,0.21621621621621623,0.1891891891891892,0.10810810810810811,0.05405405405405406,0.4594594594594595,0.08175675675675675,0.11261261261261261,0.0472972972972973,0.027960755500232113,0.05926390663232768,0.008043758043758044,-0.05405405405405406,9.162162162162161,0.0
