,MP,ORtg,%Ps,Pts,OR,DR,A,TO,Blk,Stl,PF,2Pt %,3Pt %,FT %,2Pt %Att,3Pt %Att,FT %Att,Pnts-Prev,Marg,Maj Cont
Aly Ahmed,27.12121212121212,90.45454545454545,25.696969696969695,12.545454545454545,1.696969696969697,4.303030303030303,1.0,2.3333333333333335,1.0303030303030303,0.6363636363636364,2.727272727272727,0.45115275369989694,0.030303030303030304,0.5979863570772661,0.24469203514698656,0.004775022956841139,0.18790758410634434,-1.3333333333333333,9.545454545454545,1.0
Bray Barnes,2.272727272727273,1.8181818181818181,0.30303030303030304,0.48484848484848486,0.15151515151515152,0.09090909090909091,0.0,0.09090909090909091,0.06060606060606061,0.030303030303030304,0.6363636363636364,0.0808080808080808,0.0,0.09848484848484848,0.004825964859234278,0.005881324063142246,0.008724656255110295,0.0,9.545454545454545,0.0
Brent Wrapp,27.78787878787879,108.03030303030303,12.757575757575758,5.0,0.9090909090909091,2.6666666666666665,4.121212121212121,1.4848484848484849,0.30303030303030304,1.2121212121212122,2.3333333333333335,0.45454545454545453,0.17676767676767677,0.454978354978355,0.05936586046819596,0.07473184618906543,0.10963397790456328,0.06060606060606061,9.545454545454545,1.0
Damiyne Durham,20.939393939393938,95.15151515151516,22.21212121212121,11.090909090909092,0.48484848484848486,2.6363636363636362,0.6666666666666666,0.9090909090909091,0.12121212121212122,0.9090909090909091,0.9696969696969697,0.3560846560846561,0.3214781851145488,0.32323232323232326,0.06548005160245764,0.46163279926648904,0.0495891523600833,0.24242424242424243,9.545454545454545,1.0
Dedrick Basile,28.424242424242426,106.96969696969697,19.96969696969697,11.606060606060606,0.6363636363636364,2.6666666666666665,3.515151515151515,1.7575757575757576,0.21212121212121213,1.7878787878787878,2.3333333333333335,0.5386724386724386,0.3029581529581529,0.3926767676767677,0.12843412134244,0.25715736036591647,0.07569072785254485,0.48484848484848486,9.545454545454545,1.0
Jaylin Airington,24.09090909090909,91.96969696969697,16.575757575757574,8.727272727272727,1.0303030303030303,2.4545454545454546,1.8484848484848484,1.3333333333333333,0.3333333333333333,0.8181818181818182,2.515151515151515,0.40710678210678214,0.22222222222222218,0.6122053872053872,0.10532498272657662,0.12884025758357306,0.1438022383141496,-0.36363636363636365,9.545454545454545,1.0
Justin Hollins,11.393939393939394,62.24242424242424,7.333333333333333,1.6363636363636365,0.7272727272727273,1.7878787878787878,0.09090909090909091,0.7272727272727273,1.8181818181818181,0.21212121212121213,1.9696969696969697,0.33838383838383834,0.0,0.1313131313131313,0.03231873026803263,0.0,0.03128914029246255,2.606060606060606,9.545454545454545,0.0
Justin Pride,17.242424242424242,75.15151515151516,14.121212121212121,3.8484848484848486,0.6363636363636364,1.5454545454545454,2.787878787878788,1.0909090909090908,0.12121212121212122,0.7878787878787878,2.3333333333333335,0.2858520267611176,0.0,0.4870293847566574,0.06855850934631519,0.0021645021645021645,0.12809675799987796,-0.36363636363636365,9.545454545454545,1.0
Kevin Mays,24.242424242424242,109.24242424242425,23.939393939393938,12.151515151515152,3.393939393939394,4.333333333333333,0.9696969696969697,1.2121212121212122,0.30303030303030304,0.9696969696969697,2.727272727272727,0.5235612031066577,0.1313131313131313,0.5400793650793652,0.2023965972949279,0.034513857107439996,0.18150427755808105,0.12121212121212122,9.545454545454545,1.0
Matt Smith,10.909090909090908,61.18181818181818,9.151515151515152,3.4545454545454546,1.121212121212121,1.0303030303030303,0.18181818181818182,0.42424242424242425,0.5757575757575758,0.42424242424242425,2.0,0.3764069264069264,0.0,0.1782106782106782,0.058300116641802895,0.0,0.053458457053752434,1.1515151515151516,9.545454545454545,1.0
