,MP,ORtg,%Ps,Pts,OR,DR,A,TO,Blk,Stl,PF,2Pt %,3Pt %,FT %,2Pt %Att,3Pt %Att,FT %Att,Pnts-Prev,Marg
Arkel Lamar,24.705882352941178,87.67647058823529,17.88235294117647,9.529411764705882,1.0294117647058822,4.235294117647059,1.0,1.0294117647058822,0.5,1.0588235294117647,2.2058823529411766,0.28403361344537814,0.3674253034547152,0.28474556489262376,0.1176291173448839,0.1610871719114942,0.11373561422336378,1.0588235294117647,4.4411764705882355
Brandon Horvath,9.294117647058824,48.705882352941174,8.352941176470589,3.0294117647058822,0.5,1.3529411764705883,0.35294117647058826,0.3235294117647059,0.14705882352941177,0.23529411764705882,0.5294117647058824,0.32843137254901966,0.13063725490196076,0.14705882352941174,0.031212691353599963,0.05501920213642435,0.04565814121541674,0.11764705882352941,4.4411764705882355
Daniel Akin,16.735294117647058,79.02941176470588,10.764705882352942,3.5588235294117645,1.3235294117647058,2.0588235294117645,0.3235294117647059,1.0,0.23529411764705882,0.3235294117647059,2.2058823529411766,0.5416666666666666,0.0,0.17908496732026144,0.0632091807515667,0.0,0.11609060821922464,-0.8823529411764706,4.4411764705882355
Ishmail Jabbie,3.6470588235294117,20.647058823529413,2.6176470588235294,1.2352941176470589,0.20588235294117646,0.38235294117647056,0.17647058823529413,0.38235294117647056,0.029411764705882353,0.20588235294117646,0.35294117647058826,0.1323529411764706,0.0784313725490196,0.09558823529411764,0.013857728076390876,0.016361834260886467,0.02020007623722794,-0.29411764705882354,4.4411764705882355
Jairus Lyles,31.58823529411765,94.55882352941177,28.38235294117647,18.38235294117647,0.6764705882352942,4.411764705882353,3.235294117647059,2.8529411764705883,0.17647058823529413,1.8823529411764706,1.7941176470588236,0.4072632024837907,0.3080903573550633,0.6740537240537242,0.2651242942752596,0.22043293448278287,0.2772011137333546,-1.588235294117647,4.4411764705882355
Joe Sherburne,28.970588235294116,114.08823529411765,16.5,10.882352941176471,0.8235294117647058,3.0294117647058822,1.911764705882353,0.9411764705882353,0.3235294117647059,0.8529411764705882,1.9705882352941178,0.4740196078431373,0.4181139122315593,0.17647058823529413,0.11284126492931124,0.19880601823035648,0.037425414479167016,0.47058823529411764,4.4411764705882355
Josh Rosario,2.1470588235294117,4.5588235294117645,1.5294117647058822,0.6176470588235294,0.029411764705882353,0.17647058823529413,0.2647058823529412,0.29411764705882354,0.0,0.11764705882352941,0.20588235294117646,0.04411764705882353,0.011029411764705883,0.0857843137254902,0.010713377315854693,0.013722033445216837,0.01763763197586727,-0.35294117647058826,4.4411764705882355
Jourdan Grant,22.529411764705884,92.70588235294117,18.470588235294116,7.117647058823529,0.4411764705882353,1.7647058823529411,2.4705882352941178,1.7058823529411764,0.20588235294117646,0.6470588235294118,1.6764705882352942,0.4210784313725491,0.3200980392156863,0.4028711484593837,0.09502640583708698,0.10756737880315088,0.09781435106312336,-1.7058823529411764,4.4411764705882355
KJ Maura,31.794117647058822,111.91176470588235,15.441176470588236,10.382352941176471,0.5882352941176471,1.411764705882353,4.764705882352941,1.6470588235294117,0.0,1.7941176470588236,1.3823529411764706,0.4219537815126051,0.34239028944911304,0.4848039215686275,0.09484284033232163,0.16319368069738102,0.11106071237103052,0.29411764705882354,4.4411764705882355
Max Curran,9.147058823529411,44.794117647058826,9.5,3.6470588235294117,0.6470588235294118,1.8235294117647058,0.17647058823529413,0.47058823529411764,0.20588235294117646,0.058823529411764705,1.5,0.3425770308123249,0.12254901960784315,0.2230392156862745,0.04697649380840277,0.05899404398477094,0.0576729440192929,-0.4117647058823529,4.4411764705882355
Max Portmann,6.735294117647059,33.5,5.176470588235294,2.5294117647058822,0.5294117647058824,0.6176470588235294,0.08823529411764706,0.47058823529411764,0.20588235294117646,0.08823529411764706,1.1470588235294117,0.2506535947712418,0.058823529411764705,0.12696078431372548,0.06088163154748273,0.0048157020475359585,0.0347988407719378,-0.35294117647058826,4.4411764705882355
Nolan Gerrity,12.529411764705882,82.23529411764706,12.705882352941176,2.9411764705882355,1.2058823529411764,1.8823529411764706,0.6764705882352942,0.6470588235294118,0.47058823529411764,0.2647058823529412,1.5588235294117647,0.3950980392156862,0.0,0.125,0.0876849744278389,0.0,0.07070455169099346,0.17647058823529413,4.4411764705882355
