,MP,ORtg,%Ps,Pts,OR,DR,A,TO,Blk,Stl,PF,2Pt %,3Pt %,FT %,2Pt %Att,3Pt %Att,FT %Att,Pnts-Prev,Marg,Maj Cont
Darian Anderson,32.09090909090909,92.60606060606061,25.636363636363637,14.909090909090908,0.696969696969697,2.696969696969697,3.5757575757575757,3.0303030303030303,0.24242424242424243,1.7575757575757576,2.4242424242424243,0.4335142838731355,0.2801735301735302,0.620477502295684,0.21473892575744494,0.20239238422324374,0.16722305562671122,-2.0606060606060606,-0.3333333333333333,1.0
Darnell Edge,12.787878787878787,87.57575757575758,10.424242424242424,4.151515151515151,0.5454545454545454,0.6363636363636364,0.8181818181818182,0.42424242424242425,0.0,0.3333333333333333,0.9696969696969697,0.3500721500721501,0.23751803751803752,0.2878787878787879,0.050455985061072066,0.06850629446800284,0.031041855388728005,-0.18181818181818182,-0.3333333333333333,1.0
DaRon Curry,3.5757575757575757,13.636363636363637,2.878787878787879,0.9090909090909091,0.030303030303030304,0.24242424242424243,0.42424242424242425,0.2727272727272727,0.0,0.09090909090909091,0.6060606060606061,0.1616161616161616,0.0,0.07070707070707072,0.017312324982091547,0.0015151515151515152,0.013377427526034338,-0.36363636363636365,-0.3333333333333333,0.0
Dondre Rhoden,3.3333333333333335,3.757575757575758,0.7272727272727273,0.45454545454545453,0.15151515151515152,0.3333333333333333,0.030303030303030304,0.12121212121212122,0.15151515151515152,0.09090909090909091,0.6060606060606061,0.10606060606060606,0.0,0.015151515151515152,0.009507168358843,0.0013774104683195593,0.003787878787878788,0.24242424242424243,-0.3333333333333333,0.0
Earl Potts,30.90909090909091,111.6969696969697,18.96969696969697,14.212121212121213,1.393939393939394,4.696969696969697,1.4242424242424243,1.393939393939394,0.30303030303030304,1.0909090909090908,3.3333333333333335,0.5945439240893785,0.3011544011544012,0.5388167388167387,0.13811920385499338,0.23905773342904907,0.11934252813158473,0.0,-0.3333333333333333,1.0
Ghassan Nehme,10.666666666666666,65.81818181818181,10.090909090909092,4.090909090909091,0.15151515151515152,1.4242424242424243,0.5757575757575758,0.696969696969697,0.06060606060606061,0.3939393939393939,1.7878787878787878,0.23434343434343435,0.3668109668109668,0.13636363636363635,0.030319972685817976,0.11069638578486231,0.02270794020794021,-0.48484848484848486,-0.3333333333333333,0.0
Malik Miller,8.030303030303031,40.18181818181818,7.303030303030303,3.1818181818181817,0.6666666666666666,1.303030303030303,0.12121212121212122,0.3333333333333333,0.45454545454545453,0.15151515151515152,1.4242424242424243,0.36691919191919187,0.03535353535353535,0.2590909090909091,0.044543796426736525,0.02805496949879365,0.06999944097770183,0.5454545454545454,-0.3333333333333333,1.0
Marques Townes,29.818181818181817,103.45454545454545,18.151515151515152,11.06060606060606,0.9393939393939394,2.9696969696969697,2.5757575757575757,1.7575757575757576,0.09090909090909091,1.2727272727272727,1.5757575757575757,0.5426386744568562,0.3117604617604618,0.5212580348943986,0.13842041085284987,0.15605376110618868,0.125576746863147,-0.7878787878787878,-0.3333333333333333,1.0
Mike Holloway,22.393939393939394,101.63636363636364,16.333333333333332,9.030303030303031,2.5757575757575757,2.757575757575758,0.6666666666666666,0.9696969696969697,1.0,0.5757575757575758,3.3333333333333335,0.5354770650225195,0.0,0.42106782106782115,0.14604879054588102,0.0,0.15160252046557554,1.2121212121212122,-0.3333333333333333,1.0
Mike Schroback,1.9090909090909092,4.96969696969697,1.0303030303030303,0.2727272727272727,0.0,0.09090909090909091,0.15151515151515152,0.21212121212121213,0.0,0.06060606060606061,0.15151515151515152,0.045454545454545456,0.030303030303030304,0.045454545454545456,0.0032979314677879274,0.01625936124106684,0.007518796992481203,-0.30303030303030304,-0.3333333333333333,0.0
Stephan Jiggetts,29.484848484848484,87.81818181818181,19.757575757575758,10.515151515151516,0.48484848484848486,1.6666666666666667,2.909090909090909,2.3636363636363638,0.0,1.0606060606060606,2.696969696969697,0.3485088985088985,0.27828282828282824,0.6119693437875255,0.12909834312969687,0.1457835179622915,0.21864279904438355,-2.606060606060606,-0.3333333333333333,1.0
Tyrone O'Garro,11.0,61.57575757575758,7.9393939393939394,2.696969696969697,1.0,1.4545454545454546,0.5454545454545454,0.7272727272727273,0.30303030303030304,0.42424242424242425,2.090909090909091,0.38232323232323234,0.0,0.14242424242424243,0.04783411657375459,0.0,0.03887597968480321,0.0,-0.3333333333333333,0.0
