,MP,ORtg,%Ps,Pts,OR,DR,A,TO,Blk,Stl,PF,2Pt %,3Pt %,FT %,2Pt %Att,3Pt %Att,FT %Att,Pnts-Prev,Marg,Maj Cont
Baye Keita,14.15,86.0,9.6,3.225,1.775,1.525,0.15,0.525,0.95,0.475,2.125,0.4395833333333333,0.0,0.21208333333333335,0.04958556563416586,0.004166666666666667,0.058230636706883096,1.8,9.85,0.0
Brandon Triche,29.25,94.075,22.1,12.05,1.325,1.65,3.125,2.375,0.125,1.1,1.925,0.4312409812409812,0.20904761904761907,0.5486607142857143,0.15232391757367086,0.22040661063565398,0.1740721563357489,-2.3,9.85,1.0
C.J. Fair,30.45,102.1,18.925,12.55,1.925,4.275,0.65,1.375,0.9,0.9,1.325,0.41271277516343297,0.32666666666666666,0.5320833333333335,0.21802070960033237,0.08766816770821348,0.17642390525816082,0.85,9.85,1.0
DaJuan Coleman,7.25,31.65,7.575,2.6,0.85,1.375,0.075,0.575,0.225,0.3,0.75,0.18789141414141414,0.0,0.1470238095238095,0.051519414291135025,0.0,0.06825841782526498,-0.1,9.85,0.0
James Southerland,21.075,92.05,15.3,10.05,0.925,2.85,0.8,0.825,0.625,1.025,1.575,0.34577380952380954,0.26496010933510933,0.2625,0.07975908233917911,0.25308661821096196,0.05875148486882285,1.65,9.85,1.0
Jerami Grant,12.85,54.4,8.475,3.525,1.0,1.425,0.375,0.6,0.375,0.4,1.225,0.33768849206349205,0.13333333333333336,0.25238095238095243,0.059615228858043434,0.01942152632942107,0.07830443099739255,0.35,9.85,0.0
Michael Carter-Williams,30.775,95.8,22.4,10.5,1.175,2.975,6.775,3.05,0.425,2.4,2.05,0.3736561355311355,0.19235119047619048,0.6503769841269842,0.14745020517560387,0.1579306120174676,0.2019000964709942,-0.45,9.85,1.0
Rakeem Christmas,18.85,86.2,11.775,4.6,1.6,2.5,0.2,0.8,1.675,0.4,2.275,0.4197619047619048,0.0,0.2375,0.09188281844776217,0.0,0.04660167105043732,2.55,9.85,1.0
Trevor Cooney,10.0,48.05,8.2,3.075,0.2,0.5,0.55,0.375,0.075,0.625,0.8,0.25,0.12424603174603174,0.0875,0.024843058080107276,0.1323197984316153,0.012457200486295315,0.65,9.85,0.0
