,MP,ORtg,%Ps,Pts,OR,DR,A,TO,Blk,Stl,PF,2Pt %,3Pt %,FT %,2Pt %Att,3Pt %Att,FT %Att,Pnts-Prev,Marg
Chase Johnson,1.03125,7.15625,1.21875,0.53125,0.15625,0.09375,0.03125,0.03125,0.0625,0.0625,0.0625,0.0546875,0.0,0.0625,0.008618745062703664,0.0,0.008599931200550396,0.1875,6.625
Chris Chiozza,32.1875,115.25,21.21875,11.15625,0.53125,3.90625,6.0625,1.875,0.09375,1.84375,2.09375,0.47466066919191924,0.32864583333333336,0.646875,0.16642739599614054,0.1316277676321584,0.13529685721600432,0.125,6.625
Deaundrae Ballard,9.59375,44.03125,10.1875,3.34375,0.5,1.09375,0.28125,0.4375,0.03125,0.21875,1.0,0.26785714285714285,0.078125,0.28645833333333337,0.06535011235231808,0.03986717011344086,0.03509082246841366,-0.375,6.625
Dontay Bassett,5.03125,29.28125,2.90625,1.21875,0.625,0.4375,0.125,0.125,0.21875,0.21875,1.1875,0.17916666666666667,0.0,0.0744047619047619,0.024910644100289314,0.0,0.021887624244361775,0.625,6.625
Egor Koulechov,30.625,109.875,22.0625,13.625,1.75,4.75,1.25,1.28125,0.125,0.65625,2.1875,0.40415764790764797,0.41610863095238093,0.690327380952381,0.17385331969037576,0.20625770523968365,0.13971999679983174,-1.0,6.625
Gorjok Gak,7.6875,40.0625,4.84375,1.9375,0.90625,1.09375,0.09375,0.34375,0.34375,0.0625,1.125,0.3880208333333333,0.0,0.10677083333333333,0.03392836975397653,0.0,0.040808726268285085,0.125,6.625
Jalen Hudson,26.3125,111.0,25.125,15.28125,0.34375,3.53125,1.03125,1.15625,0.59375,0.78125,2.09375,0.48919890873015875,0.39226190476190476,0.5933779761904762,0.15975904177014172,0.23478072073542622,0.2196463494789313,0.4375,6.625
Keith Stone,23.96875,103.0625,19.0,8.9375,1.46875,2.5625,0.71875,1.40625,0.75,0.625,2.65625,0.42745535714285715,0.3708333333333334,0.5112599206349207,0.10963379912857642,0.10982429945664554,0.136246527290157,-0.0625,6.625
Kevarrius Hayes,23.03125,111.34375,12.46875,4.75,2.3125,2.65625,0.375,1.03125,2.0,0.9375,2.375,0.5555803571428573,0.0,0.36093749999999997,0.09005278033410181,0.0,0.10374387244279513,3.8125,6.625
KeVaughn Allen,31.21875,105.34375,18.5625,11.1875,0.46875,1.90625,2.3125,1.15625,0.4375,0.96875,1.40625,0.3941964285714286,0.29998759920634926,0.603125,0.12353567947553536,0.2162361066807563,0.11705632291488814,0.5,6.625
Mike Okauru,10.75,68.6875,10.71875,3.78125,0.15625,0.78125,0.625,0.3125,0.0625,0.53125,0.96875,0.3098958333333333,0.22395833333333334,0.16294642857142858,0.043930112335840946,0.06140623014188901,0.04190296967578146,0.5625,6.625
