,MP,ORtg,%Ps,Pts,OR,DR,A,TO,Blk,Stl,PF,2Pt %,3Pt %,FT %,2Pt %Att,3Pt %Att,FT %Att,Pnts-Prev,Marg,Maj Cont
Bryce Alford,33.111111111111114,99.97222222222223,21.11111111111111,13.805555555555555,0.16666666666666666,2.8333333333333335,4.611111111111111,2.3055555555555554,0.027777777777777776,0.9166666666666666,1.3611111111111112,0.3879298941798941,0.3298633465300131,0.6181437389770724,0.12297400885264348,0.3605934059204182,0.1759870476176504,-2.7222222222222223,3.638888888888889,1.0
Gyorgy Goloman,9.777777777777779,59.638888888888886,5.75,1.2777777777777777,0.16666666666666666,1.1666666666666667,0.5277777777777778,0.4722222222222222,0.2777777777777778,0.3611111111111111,1.6111111111111112,0.20833333333333334,0.1111111111111111,0.027777777777777776,0.01911346893300111,0.019556680634467014,0.016585266585266586,0.3333333333333333,3.638888888888889,0.0
Isaac Hamilton,30.88888888888889,88.41666666666667,17.194444444444443,9.833333333333334,1.0277777777777777,2.0833333333333335,2.8055555555555554,2.138888888888889,0.1388888888888889,0.8888888888888888,2.0555555555555554,0.380458892958893,0.3196428571428571,0.4020061728395062,0.11259373592133978,0.22924653407690046,0.08787747984109234,-2.2222222222222223,3.638888888888889,1.0
Kevon Looney,28.27777777777778,104.0,18.583333333333332,10.86111111111111,3.0833333333333335,5.305555555555555,1.3055555555555556,1.1944444444444444,0.8611111111111112,1.1666666666666667,2.6666666666666665,0.42925592925592926,0.3194444444444444,0.441754791142046,0.1674809864965877,0.08523766302210573,0.17057941798661155,1.6666666666666667,3.638888888888889,1.0
Noah Allen,11.055555555555555,49.5,8.0,1.3333333333333333,0.5,1.2222222222222223,0.9166666666666666,0.5,0.05555555555555555,0.16666666666666666,0.9166666666666666,0.1898148148148148,0.0625,0.16666666666666666,0.0196285668208483,0.04058198824452695,0.029413407958729598,-0.5555555555555556,3.638888888888889,0.0
Norman Powell,31.333333333333332,94.86111111111111,22.13888888888889,15.027777777777779,0.5555555555555556,3.7222222222222223,1.8611111111111112,1.9444444444444444,0.3333333333333333,1.7777777777777777,2.2777777777777777,0.44546653192486524,0.2566137566137566,0.6116822991822994,0.21567321627951777,0.18145039476824829,0.20753082247734778,0.3333333333333333,3.638888888888889,1.0
Thomas Welsh,14.472222222222221,84.94444444444444,11.472222222222221,3.611111111111111,1.3611111111111112,2.0,0.2222222222222222,0.4166666666666667,0.9166666666666666,0.3333333333333333,2.138888888888889,0.4155092592592593,0.0,0.18055555555555555,0.08440860978519067,0.0,0.028284776922529127,1.6666666666666667,3.638888888888889,1.0
Tony Parker,21.194444444444443,85.66666666666667,20.52777777777778,9.583333333333334,2.2777777777777777,3.388888888888889,0.3888888888888889,1.4166666666666667,0.75,0.5,3.0833333333333335,0.4362733716900383,0.0,0.40051807760141095,0.16399523795222762,0.0,0.19198777844010376,-0.3333333333333333,3.638888888888889,1.0
Wanaah Bail,2.75,14.055555555555555,0.8055555555555556,0.4722222222222222,0.3611111111111111,0.4444444444444444,0.027777777777777776,0.1111111111111111,0.05555555555555555,0.027777777777777776,0.2222222222222222,0.10138888888888889,0.0,0.04861111111111111,0.010798835625310362,0.0,0.008420668837335506,-0.05555555555555555,3.638888888888889,0.0
