,MP,ORtg,%Ps,Pts,OR,DR,A,TO,Blk,Stl,PF,2Pt %,3Pt %,FT %,2Pt %Att,3Pt %Att,FT %Att,Pnts-Prev,Marg,Maj Cont
C.J. Washington,16.27777777777778,73.05555555555556,18.86111111111111,6.277777777777778,1.4444444444444444,2.0555555555555554,0.3888888888888889,1.3055555555555556,0.2777777777777778,0.5277777777777778,1.8333333333333333,0.3542047458714126,0.13148148148148148,0.33208689458689455,0.11409240046966203,0.08371795253632199,0.06949903047840156,-1.0,1.1111111111111112,0.0
Chris Cokley,16.13888888888889,98.63888888888889,20.36111111111111,7.583333333333333,1.8611111111111112,2.4444444444444446,0.3888888888888889,0.9444444444444444,0.6388888888888888,0.6388888888888888,1.5277777777777777,0.5357868982868984,0.0,0.44675925925925924,0.143016940608539,0.0013227513227513227,0.09562651040295558,0.6666666666666666,1.1111111111111112,1.0
Denzell Watts,16.88888888888889,76.19444444444444,14.305555555555555,3.9444444444444446,0.1111111111111111,1.4166666666666667,1.6944444444444444,1.0555555555555556,0.027777777777777776,0.7222222222222222,1.25,0.2421296296296297,0.2222222222222222,0.25,0.05714537169156851,0.07199065222607536,0.054147441048715314,-0.6111111111111112,1.1111111111111112,1.0
Hakeem Baxter,24.72222222222222,89.88888888888889,16.944444444444443,7.194444444444445,0.3888888888888889,2.4166666666666665,1.5277777777777777,1.5277777777777777,0.2777777777777778,0.75,1.9166666666666667,0.395021645021645,0.16666666666666663,0.5683641975308642,0.09779649523516377,0.10454082216659617,0.1621906059754895,-1.0,1.1111111111111112,1.0
Jarvis Calhoun,1.5277777777777777,2.0277777777777777,0.4444444444444444,0.1388888888888889,0.0,0.05555555555555555,0.1111111111111111,0.08333333333333333,0.0,0.0,0.027777777777777776,0.027777777777777776,0.005555555555555556,0.0,0.0033342444188964784,0.015309379112268687,0.001984126984126984,-0.16666666666666666,1.1111111111111112,0.0
Lewis Sullivan,5.833333333333333,26.75,4.388888888888889,1.3611111111111112,0.3611111111111111,0.9722222222222222,0.3888888888888889,0.2777777777777778,0.1111111111111111,0.16666666666666666,0.6666666666666666,0.19444444444444445,0.07407407407407407,0.06388888888888888,0.02048393084528109,0.028976382950841158,0.009479291394185012,0.0,1.1111111111111112,0.0
Nick Norton,25.36111111111111,103.16666666666667,14.055555555555555,6.944444444444445,0.2222222222222222,1.7777777777777777,3.611111111111111,1.6111111111111112,0.027777777777777776,1.2777777777777777,1.3333333333333333,0.19444444444444445,0.32890812890812887,0.4532076719576719,0.018680524547841332,0.24436028971697185,0.08616585690512124,-0.6111111111111112,1.1111111111111112,1.0
Robert Brown,30.416666666666668,94.63888888888889,22.47222222222222,12.38888888888889,0.7222222222222222,2.7777777777777777,2.888888888888889,2.0,0.25,1.0277777777777777,1.5833333333333333,0.4462191358024691,0.26652737694404355,0.5540965207631875,0.16378580510085353,0.2909997763674234,0.14533311576050095,-1.4444444444444444,1.1111111111111112,1.0
Tosin Mehinti,20.11111111111111,77.08333333333333,17.0,6.361111111111111,1.4166666666666667,2.8055555555555554,0.6388888888888888,1.6111111111111112,1.7777777777777777,0.3333333333333333,2.25,0.4368777056277056,0.0,0.31980820105820107,0.12795335070484135,0.0,0.10350456559688083,1.0,1.1111111111111112,1.0
Tyler Madison,16.25,96.61111111111111,18.583333333333332,5.888888888888889,1.6388888888888888,1.4166666666666667,1.0,0.9444444444444444,0.16666666666666666,0.3333333333333333,2.2777777777777777,0.38816137566137565,0.07175925925925924,0.5166666666666666,0.10027477914312082,0.022493877930539433,0.12162333065724076,-0.8888888888888888,1.1111111111111112,1.0
William Lee,19.97222222222222,92.66666666666667,15.222222222222221,6.694444444444445,1.4166666666666667,3.5833333333333335,0.8888888888888888,1.1666666666666667,1.3333333333333333,0.4444444444444444,1.7777777777777777,0.35429894179894184,0.2939814814814815,0.4579475308641976,0.09788060167867647,0.08073256011465503,0.09489056924082677,1.2222222222222223,1.1111111111111112,1.0
