,MP,ORtg,%Ps,Pts,OR,DR,A,TO,Blk,Stl,PF,2Pt %,3Pt %,FT %,2Pt %Att,3Pt %Att,FT %Att,Pnts-Prev,Marg
Brandone Francis,15.727272727272727,101.21212121212122,14.666666666666666,5.333333333333333,0.45454545454545453,1.5454545454545454,0.7878787878787878,0.7272727272727273,0.030303030303030304,0.3939393939393939,1.5151515151515151,0.5393939393939393,0.34494949494949495,0.12878787878787878,0.05732299066584035,0.12316281387770273,0.030916510040703917,-0.6060606060606061,10.545454545454545
Davide Moretti,12.303030303030303,56.15151515151515,9.727272727272727,3.303030303030303,0.15151515151515152,0.696969696969697,1.1818181818181819,0.8484848484848485,0.0,0.48484848484848486,1.303030303030303,0.15555555555555553,0.24292929292929297,0.23737373737373738,0.023195997562163607,0.11345051762584202,0.03142292707448913,-0.7272727272727273,10.545454545454545
Jarrett Culver,26.484848484848484,110.72727272727273,20.424242424242426,11.666666666666666,1.0606060606060606,3.696969696969697,1.8181818181818181,1.5151515151515151,0.7575757575757576,1.2424242424242424,2.0,0.5346221959858323,0.3621572871572871,0.49996392496392494,0.12645762769266267,0.2072864064987582,0.1486251622646316,0.9696969696969697,10.545454545454545
Josh Webster,4.393939393939394,9.363636363636363,1.7272727272727273,0.24242424242424243,0.09090909090909091,0.42424242424242425,0.5757575757575758,0.21212121212121213,0.0,0.15151515151515152,0.21212121212121213,0.05555555555555555,0.0,0.030303030303030304,0.011827689123843731,0.007395384877325022,0.007396566282015198,-0.12121212121212122,10.545454545454545
Justin Gray,20.242424242424242,105.18181818181819,11.909090909090908,4.878787878787879,1.0303030303030303,2.303030303030303,1.0909090909090908,0.696969696969697,0.5454545454545454,0.8181818181818182,2.3333333333333335,0.45227272727272727,0.13636363636363635,0.42070707070707075,0.08203679998281252,0.03547323381430708,0.06797281599719074,1.3333333333333333,10.545454545454545
Keenan Evans,28.181818181818183,113.9090909090909,26.333333333333332,16.96969696969697,0.3333333333333333,2.696969696969697,3.090909090909091,1.7878787878787878,0.30303030303030304,1.1515151515151516,1.7575757575757576,0.5479787047968866,0.2605339105339105,0.7132180197969672,0.18693656100273323,0.2239532599185903,0.2673341872553679,-0.6666666666666666,10.545454545454545
Malik Ondigo,2.272727272727273,5.545454545454546,0.8484848484848485,0.45454545454545453,0.12121212121212122,0.21212121212121213,0.0,0.2727272727272727,0.030303030303030304,0.030303030303030304,0.3333333333333333,0.0787878787878788,0.0,0.045454545454545456,0.011360152012644682,0.0,0.00505050505050505,-0.42424242424242425,10.545454545454545
Niem Stevenson,20.21212121212121,104.0,20.151515151515152,7.545454545454546,0.7272727272727273,2.303030303030303,1.7878787878787878,1.0606060606060606,0.21212121212121213,0.48484848484848486,1.393939393939394,0.3654040404040404,0.3202020202020202,0.46161616161616165,0.10419461341560515,0.11421091662220816,0.10185067887194309,-0.7272727272727273,10.545454545454545
Norense Odiase,15.636363636363637,90.0909090909091,17.363636363636363,4.121212121212121,1.9090909090909092,2.8181818181818183,0.7272727272727273,1.2727272727272727,0.45454545454545453,0.5757575757575758,2.696969696969697,0.4417814508723599,0.0,0.3903318903318903,0.07493097030585288,0.0,0.08815635721093805,-0.48484848484848486,10.545454545454545
Tommy Hamilton,14.969696969696969,82.36363636363636,20.757575757575758,5.787878787878788,0.8484848484848485,2.3636363636363638,0.7878787878787878,1.393939393939394,0.21212121212121213,0.3939393939393939,1.8181818181818181,0.4166666666666667,0.3333333333333333,0.2323232323232323,0.0808251728567695,0.11591155783969978,0.04245060372839714,-1.5757575757575757,10.545454545454545
Zach Smith,11.848484848484848,48.15151515151515,9.0,3.393939393939394,0.5757575757575758,1.5757575757575757,0.7272727272727273,0.9090909090909091,0.5454545454545454,0.42424242424242425,0.9393939393939394,0.29198478289387386,0.030303030303030304,0.21875901875901874,0.06496756977622535,0.007253911665676372,0.04654116388124137,0.12121212121212122,10.545454545454545
Zhaire Smith,27.939393939393938,124.33333333333333,18.696969696969695,11.181818181818182,2.272727272727273,2.4545454545454546,1.696969696969697,1.121212121212121,1.1515151515151516,1.1515151515151516,1.696969696969697,0.580152171061262,0.2727272727272727,0.6178691678691679,0.1759438556028462,0.05190199725989037,0.1622825223425768,2.3636363636363638,10.545454545454545
