,MP,ORtg,%Ps,Pts,OR,DR,A,TO,Blk,Stl,PF,2Pt %,3Pt %,FT %,2Pt %Att,3Pt %Att,FT %Att,Pnts-Prev,Marg
Admir Besovic,0.9393939393939394,0.0,0.0,0.3939393939393939,0.06060606060606061,0.09090909090909091,0.030303030303030304,0.06060606060606061,0.030303030303030304,0.0,0.30303030303030304,0.15151515151515152,0.0,0.030303030303030304,0.00620581823961048,0.0,0.00101010101010101,-0.06060606060606061,9.393939393939394
Ahmaad Rorie,35.72727272727273,112.45454545454545,24.21212121212121,17.303030303030305,0.9393939393939394,2.878787878787879,3.727272727272727,2.0,0.15151515151515152,1.2121212121212122,1.9090909090909092,0.4746122292245287,0.3563011063011063,0.7579835148016967,0.21279706596619236,0.311501269081483,0.1598539945902161,-1.2727272727272727,9.393939393939394
Bobby Moorehead,31.696969696969695,103.36363636363636,12.242424242424242,7.484848484848484,0.7878787878787878,4.212121212121212,1.2424242424242424,1.1515151515151516,0.5151515151515151,1.2121212121212122,2.1515151515151514,0.32106782106782106,0.3564935064935065,0.4193362193362193,0.04699091189686086,0.2830997013483645,0.06143141829274816,1.1515151515151516,9.393939393939394
Fabijan Krslovic,24.636363636363637,109.06060606060606,16.242424242424242,7.454545454545454,1.5454545454545454,3.5757575757575757,1.4545454545454546,1.4848484848484849,0.5757575757575758,0.9090909090909091,2.8181818181818183,0.5936387686387685,0.0,0.4984006734006734,0.10688850773739897,0.007900432900432899,0.11472985651695072,0.0,9.393939393939394
Jamar Akoh,26.03030303030303,106.3030303030303,24.363636363636363,13.121212121212121,2.3333333333333335,4.333333333333333,1.0909090909090908,2.090909090909091,0.6666666666666666,0.8787878787878788,3.3636363636363638,0.5727259693168786,0.015151515151515152,0.5066452066452066,0.18721367302026215,0.008231667322576413,0.2363723235011443,-1.0909090909090908,9.393939393939394
Karl Nicholas,8.696969696969697,27.696969696969695,7.7272727272727275,3.212121212121212,0.9393939393939394,1.121212121212121,0.15151515151515152,0.8787878787878788,0.36363636363636365,0.18181818181818182,2.121212121212121,0.3897907647907648,0.0,0.13232323232323234,0.05552602512563705,0.0,0.05246818679492189,-0.6666666666666666,9.393939393939394
Lars Espe,1.2727272727272727,0.0,0.0,0.18181818181818182,0.06060606060606061,0.030303030303030304,0.15151515151515152,0.06060606060606061,0.030303030303030304,0.0,0.12121212121212122,0.030303030303030304,0.030303030303030304,0.015151515151515152,0.002282890827782469,0.004984914075823166,0.009459676126342792,-0.06060606060606061,9.393939393939394
Michael Oguine,32.21212121212121,119.60606060606061,22.515151515151516,15.757575757575758,2.1818181818181817,3.303030303030303,1.9393939393939394,1.2727272727272727,0.5454545454545454,1.4545454545454546,2.757575757575758,0.5136308977218068,0.28505837596746686,0.6978354978354978,0.17273567144857568,0.23111522563394224,0.23795318347238192,1.4545454545454546,9.393939393939394
Sayeed Pridgett,22.78787878787879,91.9090909090909,21.727272727272727,8.484848484848484,1.0303030303030303,3.3333333333333335,1.3333333333333333,1.9393939393939394,0.42424242424242425,1.1818181818181819,3.0,0.4891201391201391,0.05555555555555555,0.3732323232323233,0.1649166719214843,0.025948664130482316,0.0722939565627359,-0.6666666666666666,9.393939393939394
Timmy Falls,16.575757575757574,81.75757575757575,13.151515151515152,4.363636363636363,0.21212121212121213,0.7575757575757576,1.5151515151515151,1.1515151515151516,0.06060606060606061,0.7272727272727273,2.212121212121212,0.29848484848484846,0.2803030303030303,0.3262626262626263,0.04246069826270167,0.10344358355053541,0.05226280096795496,-0.7272727272727273,9.393939393939394
Trever Spoja,1.696969696969697,2.272727272727273,0.6060606060606061,0.2727272727272727,0.030303030303030304,0.06060606060606061,0.09090909090909091,0.09090909090909091,0.030303030303030304,0.0,0.24242424242424243,0.030303030303030304,0.03636363636363636,0.015151515151515152,0.001982065553494125,0.02377454195636014,0.0021645021645021645,-0.12121212121212122,9.393939393939394
