,MP,ORtg,%Ps,Pts,OR,DR,A,TO,Blk,Stl,PF,2Pt %,3Pt %,FT %,2Pt %Att,3Pt %Att,FT %Att,Pnts-Prev,Marg,Maj Cont
Chinonso Obokoh,1.8108108108108107,9.378378378378379,1.3513513513513513,0.32432432432432434,0.10810810810810811,0.3783783783783784,0.02702702702702703,0.08108108108108109,0.13513513513513514,0.08108108108108109,0.5675675675675675,0.019305019305019305,0.0,0.018918918918918916,0.005365121218779755,0.0,0.008304668304668306,0.2702702702702703,3.891891891891892,0.0
DaJuan Coleman,15.378378378378379,79.86486486486487,13.621621621621621,4.4324324324324325,1.6216216216216217,2.3783783783783785,0.3783783783783784,1.0810810810810811,0.7027027027027027,0.5945945945945946,2.4864864864864864,0.4266409266409266,0.0,0.3204633204633205,0.09696269509475276,0.0,0.0893368201262938,0.43243243243243246,3.891891891891892,1.0
Frank Howard,7.702702702702703,34.567567567567565,6.45945945945946,1.162162162162162,0.24324324324324326,0.8108108108108109,1.3243243243243243,0.6486486486486487,0.08108108108108109,0.3783783783783784,0.8378378378378378,0.16216216216216214,0.02702702702702703,0.16666666666666666,0.03127834905112743,0.016666274583113126,0.033067259943136515,-0.3783783783783784,3.891891891891892,0.0
Kaleb Joseph,3.081081081081081,12.18918918918919,2.027027027027027,0.43243243243243246,0.13513513513513514,0.13513513513513514,0.32432432432432434,0.16216216216216217,0.05405405405405406,0.21621621621621623,0.2702702702702703,0.02702702702702703,0.018018018018018018,0.04504504504504504,0.011984600268938656,0.012822621837967106,0.008558558558558558,0.21621621621621623,3.891891891891892,0.0
Malachi Richardson,29.54054054054054,88.24324324324324,18.83783783783784,11.378378378378379,0.35135135135135137,3.3513513513513513,1.945945945945946,1.7567567567567568,0.24324324324324326,1.027027027027027,2.027027027027027,0.35945945945945945,0.302005577005577,0.5243243243243244,0.1326344005489247,0.21639922840547907,0.1844328231714738,-0.972972972972973,3.891891891891892,1.0
Michael Gbinije,32.75675675675676,100.97297297297297,21.324324324324323,15.432432432432432,0.972972972972973,2.5675675675675675,3.8378378378378377,2.4864864864864864,0.2702702702702703,1.7027027027027026,2.3783783783783785,0.49405249405249413,0.3501732501732502,0.5234312234312235,0.1737013158229571,0.23202328115962673,0.2007088154871797,-1.027027027027027,3.891891891891892,1.0
Trevor Cooney,31.54054054054054,89.13513513513513,16.89189189189189,11.054054054054054,0.4594594594594595,1.5945945945945945,2.054054054054054,1.3783783783783783,0.13513513513513514,1.3783783783783783,1.2702702702702702,0.2405941655941656,0.2903747903747904,0.5328156078156079,0.11663172382732996,0.2680282219450106,0.1268757281904104,0.2702702702702703,3.891891891891892,1.0
Tyler Lydon,26.243243243243242,102.67567567567568,13.972972972972974,8.756756756756756,1.5135135135135136,4.0,1.0810810810810811,1.1081081081081081,1.2972972972972974,0.972972972972973,2.3783783783783785,0.46132561132561123,0.3651222651222651,0.49774774774774777,0.10638422070290601,0.11622253423096564,0.09644499027452817,2.324324324324324,3.891891891891892,1.0
Tyler Roberson,26.27027027027027,93.32432432432432,15.432432432432432,7.648648648648648,3.2972972972972974,3.6486486486486487,1.1891891891891893,1.3243243243243243,0.5945945945945946,0.5945945945945946,2.027027027027027,0.45991673491673496,0.0,0.44017671517671514,0.1899224383291486,0.002702702702702703,0.11713520080861559,-0.2702702702702703,3.891891891891892,1.0
