,MP,ORtg,%Ps,Pts,OR,DR,A,TO,Blk,Stl,PF,2Pt %,3Pt %,FT %,2Pt %Att,3Pt %Att,FT %Att,Pnts-Prev,Marg,Maj Cont
Abdel Nader,28.571428571428573,89.94285714285714,19.285714285714285,12.0,0.7428571428571429,3.914285714285714,1.4285714285714286,2.1714285714285713,0.6571428571428571,0.9428571428571428,2.4571428571428573,0.48099257884972174,0.29287981859410434,0.5187755102040816,0.13004371042271937,0.17168829684593337,0.1719977675754643,-1.1428571428571428,6.285714285714286,1.0
Deonte Burton,12.571428571428571,71.22857142857143,15.742857142857142,6.6,0.9714285714285714,1.7428571428571429,0.7714285714285715,0.7714285714285715,0.42857142857142855,0.5428571428571428,1.6285714285714286,0.3467756846328275,0.24523809523809526,0.24880952380952379,0.09907778623361194,0.05047047712102447,0.10047808936375181,0.4,6.285714285714286,1.0
Georges Niang,30.085714285714285,107.62857142857143,25.257142857142856,18.057142857142857,1.2857142857142858,4.371428571428571,3.057142857142857,2.3714285714285714,0.6,0.8,2.942857142857143,0.5557226107226108,0.3460204081632652,0.7152380952380953,0.23612324465799134,0.1654619870043828,0.20658311316720018,-1.9428571428571428,6.285714285714286,1.0
Hallice Cooke,9.142857142857142,43.885714285714286,7.0285714285714285,2.3142857142857145,0.05714285714285714,0.7714285714285715,0.7714285714285715,0.4857142857142857,0.11428571428571428,0.2857142857142857,0.9428571428571428,0.15714285714285714,0.20523809523809522,0.07857142857142857,0.013482174013486557,0.06252081957467855,0.01715562853493888,-0.17142857142857143,6.285714285714286,0.0
Jameel McKay,25.428571428571427,92.8,14.942857142857143,9.542857142857143,2.7714285714285714,4.628571428571429,0.7142857142857143,1.2857142857142858,1.457142857142857,0.37142857142857144,1.8285714285714285,0.466530612244898,0.0,0.3258596165739023,0.16310293944419704,0.0,0.17391086361032526,1.0857142857142856,6.285714285714286,1.0
Jordan Ashton,5.085714285714285,25.314285714285713,1.7714285714285714,0.6571428571428571,0.05714285714285714,0.4,0.14285714285714285,0.11428571428571428,0.0,0.11428571428571428,0.2857142857142857,0.08571428571428572,0.10952380952380952,0.0,0.005172360603801473,0.02532327247664128,0.0,0.0,6.285714285714286,0.0
Matt Thomas,30.34285714285714,102.48571428571428,12.971428571428572,9.771428571428572,0.45714285714285713,3.6285714285714286,1.4857142857142858,1.1714285714285715,0.22857142857142856,0.7714285714285715,2.0,0.35190476190476194,0.3684353741496599,0.3942857142857143,0.05618811405406106,0.24278352050210208,0.05674563146859506,-0.34285714285714286,6.285714285714286,1.0
Monte Morris,34.8,111.17142857142858,18.2,12.742857142857142,0.6857142857142857,3.057142857142857,6.314285714285714,1.542857142857143,0.22857142857142856,1.6571428571428573,1.457142857142857,0.4794176458462173,0.32129251700680267,0.5384353741496598,0.18230744161505288,0.1271673222554654,0.16764153961588724,0.6857142857142857,6.285714285714286,1.0
Nazareth Mitrou-Long,7.228571428571429,22.885714285714286,4.257142857142857,2.742857142857143,0.11428571428571428,0.5428571428571428,0.42857142857142855,0.4857142857142857,0.05714285714285714,0.14285714285714285,0.45714285714285713,0.1514285714285714,0.06828798185941043,0.06428571428571428,0.021818781935338215,0.06887001850548649,0.016598477774948366,-0.5714285714285714,6.285714285714286,0.0
Simeon Carter,1.1142857142857143,3.0,0.4857142857142857,0.2857142857142857,0.05714285714285714,0.11428571428571428,0.0,0.02857142857142857,0.05714285714285714,0.0,0.14285714285714285,0.07619047619047618,0.0,0.0,0.0069691613054544375,0.0,0.0031746031746031746,0.05714285714285714,6.285714285714286,0.0
