,MP,ORtg,%Ps,Pts,OR,DR,A,TO,Blk,Stl,PF,2Pt %,3Pt %,FT %,2Pt %Att,3Pt %Att,FT %Att,Pnts-Prev,Marg,Maj Cont
Ben Emelogu,20.228571428571428,88.62857142857143,15.942857142857143,4.285714285714286,0.6571428571428571,2.0285714285714285,1.8285714285714285,1.0857142857142856,0.08571428571428572,0.7142857142857143,1.8571428571428572,0.3383673469387755,0.26095238095238094,0.17857142857142858,0.06284118456603423,0.12382220314012711,0.03907770125594098,-0.5714285714285714,14.285714285714286,1.0
Ben Moore,31.542857142857144,117.02857142857142,18.97142857142857,11.257142857142858,2.5142857142857142,5.142857142857143,2.342857142857143,1.6,1.0857142857142856,0.8857142857142857,2.5428571428571427,0.5716348357524829,0.009523809523809523,0.5313945578231293,0.2228754259759583,0.006153846153846154,0.17845787716655045,0.7428571428571429,14.285714285714286,1.0
Dashawn McDowell,6.6,32.08571428571429,3.2285714285714286,1.2,0.4,0.45714285714285713,0.4,0.45714285714285713,0.05714285714285714,0.17142857142857143,0.7142857142857143,0.16904761904761903,0.05714285714285714,0.1357142857142857,0.022200373403630232,0.00560911097995497,0.04909922943536388,-0.45714285714285713,14.285714285714286,0.0
Harry Froling,4.171428571428572,21.742857142857144,4.742857142857143,1.2285714285714286,0.34285714285714286,0.5714285714285714,0.17142857142857143,0.4,0.05714285714285714,0.11428571428571428,0.42857142857142855,0.1571428571428571,0.07142857142857142,0.047619047619047616,0.0210910716442798,0.017159567176152756,0.010607525306773426,-0.45714285714285713,14.285714285714286,0.0
Jarrey Foster,27.685714285714287,113.68571428571428,16.6,9.371428571428572,2.2,2.7142857142857144,2.0285714285714285,1.1714285714285715,0.8,0.6,2.2285714285714286,0.54069573283859,0.3400000000000001,0.38301587301587303,0.13512445660200292,0.09916913928095974,0.10274406861217701,0.45714285714285713,14.285714285714286,1.0
Jonathan Wilfong,2.057142857142857,4.057142857142857,0.6285714285714286,0.22857142857142856,0.0,0.2571428571428571,0.08571428571428572,0.14285714285714285,0.0,0.02857142857142857,0.22857142857142856,0.07619047619047618,0.0,0.0,0.00714843822346622,0.007082610372084056,0.0,-0.22857142857142856,14.285714285714286,0.0
Leo Kontopoulos,0.9714285714285714,0.0,0.0,0.22857142857142856,0.02857142857142857,0.08571428571428572,0.02857142857142857,0.08571428571428572,0.0,0.0,0.17142857142857143,0.08571428571428572,0.0,0.02857142857142857,0.0071722248421781385,0.001098901098901099,0.006190476190476191,-0.17142857142857143,14.285714285714286,0.0
Semi Ojeleye,33.02857142857143,124.97142857142858,23.37142857142857,18.314285714285713,2.2,4.371428571428571,1.5142857142857142,1.3714285714285714,0.4,0.4,1.6857142857142857,0.5306066156066157,0.42234693877551016,0.7324854510568798,0.20084292596590594,0.24323082000042945,0.3002576829918867,-1.1428571428571428,14.285714285714286,1.0
Shake Milton,34.25714285714286,118.25714285714285,18.62857142857143,12.685714285714285,0.42857142857142855,3.5428571428571427,4.4,1.7428571428571429,0.3142857142857143,1.2285714285714286,1.4857142857142858,0.44081632653061226,0.3693259121830551,0.5591836734693877,0.12114783473357757,0.2614711204181043,0.1353308760532601,-0.4,14.285714285714286,1.0
Sterling Brown,31.514285714285716,115.4,21.02857142857143,12.942857142857143,1.542857142857143,4.771428571428571,2.942857142857143,1.8857142857142857,0.5428571428571428,1.3714285714285714,2.5428571428571427,0.4791093033950177,0.411859410430839,0.5673015873015874,0.17011883460573718,0.18791914874121665,0.14503728407600666,0.05714285714285714,14.285714285714286,1.0
Tom Wilson,1.7428571428571429,2.942857142857143,0.8,0.45714285714285713,0.02857142857142857,0.2571428571428571,0.14285714285714285,0.17142857142857143,0.0,0.02857142857142857,0.08571428571428572,0.0,0.05238095238095238,0.014285714285714285,0.0008658008658008659,0.018712104066795143,0.004625850340136055,-0.2857142857142857,14.285714285714286,0.0
