,MP,ORtg,%Ps,Pts,OR,DR,A,TO,Blk,Stl,PF,2Pt %,3Pt %,FT %,2Pt %Att,3Pt %Att,FT %Att,Pnts-Prev,Marg
Bourama Sidibe,9.909090909090908,44.24242424242424,6.151515151515151,2.212121212121212,0.9696969696969697,1.6666666666666667,0.12121212121212122,0.696969696969697,0.6060606060606061,0.30303030303030304,1.8181818181818181,0.24242424242424243,0.0,0.13737373737373737,0.0398144961414456,0.0,0.048012481345814685,0.42424242424242425,3.0
Frank Howard,38.42424242424242,97.21212121212122,26.303030303030305,15.0,0.5151515151515151,2.8484848484848486,4.96969696969697,3.5757575757575757,0.2727272727272727,1.878787878787879,2.484848484848485,0.43666510257419344,0.3570827320827321,0.691919191919192,0.22189579584790592,0.3190917756858154,0.1709722290753292,-2.8484848484848486,3.0
Geno Thorpe,2.606060606060606,11.909090909090908,2.8181818181818183,1.0909090909090908,0.06060606060606061,0.09090909090909091,0.18181818181818182,0.21212121212121213,0.0,0.18181818181818182,0.21212121212121213,0.07869605142332416,0.020562770562770564,0.030303030303030304,0.015803489439853075,0.02292533174886116,0.007744107744107743,-0.06060606060606061,3.0
Howard Washington,3.3333333333333335,12.212121212121213,1.5454545454545454,0.5757575757575758,0.0,0.45454545454545453,0.30303030303030304,0.21212121212121213,0.030303030303030304,0.18181818181818182,0.15151515151515152,0.0505050505050505,0.06060606060606061,0.06060606060606061,0.0032160416465824735,0.022010414366639152,0.010182799656483867,0.0,3.0
Marek Dolezaj,27.242424242424242,104.87878787878788,12.090909090909092,5.242424242424242,1.9696969696969697,2.878787878787879,1.5757575757575757,1.303030303030303,0.7878787878787878,0.8484848484848485,2.6363636363636362,0.4445887445887446,0.015151515151515152,0.4388888888888889,0.09571740023744289,0.013663800557505407,0.1084822642816373,0.6666666666666666,3.0
Matthew Moyer,16.848484848484848,68.63636363636364,8.06060606060606,3.303030303030303,1.0909090909090908,2.393939393939394,0.45454545454545453,0.6666666666666666,0.2727272727272727,0.3333333333333333,1.4848484848484849,0.3152302243211334,0.015151515151515152,0.1823232323232323,0.05689316990016003,0.016230429149089436,0.05356369924291705,-0.12121212121212122,3.0
Oshae Brissett,38.0,104.36363636363636,22.09090909090909,14.696969696969697,2.1818181818181817,6.606060606060606,0.9393939393939394,1.8484848484848484,0.7272727272727273,1.1515151515151516,2.303030303030303,0.36104173604173595,0.31504329004329007,0.6838023088023086,0.21451473824343797,0.24671501801353288,0.25494750905810504,0.06060606060606061,3.0
Paschal Chukwu,27.151515151515152,120.93939393939394,11.515151515151516,5.424242424242424,2.9393939393939394,3.8484848484848486,0.45454545454545453,1.1818181818181819,2.6666666666666665,0.7575757575757576,3.0606060606060606,0.6352813852813852,0.0,0.3581267217630854,0.08848447307220503,0.0,0.08618502842120697,4.484848484848484,3.0
Tyus Battle,38.878787878787875,107.48484848484848,26.303030303030305,19.818181818181817,0.45454545454545453,2.606060606060606,1.9090909090909092,2.3333333333333335,0.21212121212121213,1.5757575757575757,2.0303030303030303,0.48881648654375914,0.3152684857230312,0.7657368725550545,0.26366039547096703,0.35936323047855656,0.2599098811743981,-1.0909090909090908,3.0
