,MP,ORtg,%Ps,Pts,OR,DR,A,TO,Blk,Stl,PF,2Pt %,3Pt %,FT %,2Pt %Att,3Pt %Att,FT %Att,Pnts-Prev,Marg,Maj Cont
AJ Hess,21.228571428571428,75.34285714285714,11.857142857142858,7.857142857142857,0.42857142857142855,2.4,0.4857142857142857,0.6857142857142857,0.2571428571428571,0.42857142857142855,1.1142857142857143,0.27857142857142864,0.23809523809523817,0.3574025974025974,0.03662189015533558,0.1988446250288356,0.060614075656793935,0.0,0.17142857142857143,0.0
Andre Wallace,11.057142857142857,46.97142857142857,11.771428571428572,3.4857142857142858,0.11428571428571428,1.0,0.8,0.6857142857142857,0.02857142857142857,0.2857142857142857,0.6857142857142857,0.27285714285714285,0.13857142857142857,0.18809523809523812,0.04897224780695914,0.07072793620350011,0.060329093379091474,-0.7428571428571429,0.17142857142857143,0.0
Chris Howell,13.714285714285714,59.0,15.542857142857143,6.571428571428571,1.0571428571428572,2.5142857142857142,1.2857142857142858,1.9142857142857144,0.05714285714285714,0.37142857142857144,1.4857142857142858,0.41948194662480376,0.0,0.3904970760233918,0.1372283523590789,0.001058201058201058,0.1263918803546763,-2.9714285714285715,0.17142857142857143,1.0
Cole Gentry,4.742857142857143,14.2,2.942857142857143,0.9428571428571428,0.0,0.5428571428571428,0.5428571428571428,0.2857142857142857,0.0,0.11428571428571428,0.3142857142857143,0.05714285714285714,0.06360544217687075,0.06904761904761904,0.011370318551299488,0.021208678065820923,0.013588744588744588,-0.34285714285714286,0.17142857142857143,0.0
Ian Theisen,11.914285714285715,69.17142857142858,10.085714285714285,3.8857142857142857,0.6285714285714286,1.4857142857142858,0.5714285714285714,0.6285714285714286,0.22857142857142856,0.14285714285714285,1.4285714285714286,0.3047619047619048,0.18285714285714286,0.25047619047619046,0.051522628702599646,0.03377049687763974,0.045568596344993856,-0.5142857142857142,0.17142857142857143,1.0
Lane Severyn,10.742857142857142,44.25714285714286,4.771428571428571,1.9714285714285715,0.5714285714285714,1.0571428571428572,0.45714285714285713,0.2857142857142857,0.08571428571428572,0.42857142857142855,1.4857142857142858,0.2,0.17,0.08571428571428572,0.010889983461288283,0.06292374132411727,0.018580570568148203,0.45714285714285713,0.17142857142857143,1.0
Michael Orris,19.685714285714287,63.51428571428571,11.82857142857143,5.428571428571429,0.2857142857142857,0.9428571428571428,2.6285714285714286,1.4857142857142858,0.02857142857142857,0.4857142857142857,1.8285714285714285,0.2802082044939188,0.07619047619047618,0.27526077097505663,0.10992506071906735,0.018413256056113197,0.07328809855037012,-1.9428571428571428,0.17142857142857143,1.0
Mike Daum,31.685714285714287,117.4,31.914285714285715,24.6,2.142857142857143,5.8,1.4,2.6857142857142855,0.37142857142857144,0.5428571428571428,2.4,0.5663602364022532,0.3584745413316842,0.8441025524428887,0.3244684474207609,0.20249036274600188,0.35988627516461186,-3.5428571428571427,0.17142857142857143,1.0
Reed Tellinghuisen,31.885714285714286,105.17142857142858,17.942857142857143,11.514285714285714,0.9142857142857143,3.657142857142857,1.7428571428571429,1.7142857142857142,0.7714285714285715,0.7428571428571429,2.4,0.5132653061224489,0.3192171320742749,0.5222448979591837,0.11556476042699741,0.24572676857451298,0.09344103974386964,-0.4,0.17142857142857143,1.0
Sergio El Darwich,5.857142857142857,22.0,5.314285714285714,0.8857142857142857,0.2,0.8285714285714286,0.7714285714285715,0.7428571428571429,0.02857142857142857,0.11428571428571428,0.3142857142857143,0.11666666666666665,0.014285714285714285,0.08571428571428572,0.02955311119950229,0.0038639455782312924,0.012041581606798997,-1.2,0.17142857142857143,0.0
Skyler Flatten,13.257142857142858,76.31428571428572,7.457142857142857,4.0,0.2571428571428571,1.1714285714285715,0.5714285714285714,0.2571428571428571,0.11428571428571428,0.4,0.6285714285714286,0.2809523809523809,0.24476190476190476,0.1340136054421769,0.02660356125365997,0.08248527367700303,0.028259877377524438,0.5142857142857142,0.17142857142857143,0.0
Tevin King,19.885714285714286,85.8,11.485714285714286,3.914285714285714,0.8857142857142857,2.5428571428571427,1.6,1.0571428571428572,0.22857142857142856,1.0,2.1142857142857143,0.42523809523809525,0.07428571428571429,0.3319047619047619,0.06870820937202231,0.02991528623859451,0.07943873809294802,0.34285714285714286,0.17142857142857143,1.0
