,MP,ORtg,%Ps,Pts,OR,DR,A,TO,Blk,Stl,PF,2Pt %,3Pt %,FT %,2Pt %Att,3Pt %Att,FT %Att,Pnts-Prev,Marg,Maj Cont
Adrian Diaz,5.742857142857143,27.65714285714286,5.371428571428571,2.0,0.7428571428571429,0.42857142857142855,0.2,0.42857142857142855,0.14285714285714285,0.17142857142857143,1.0,0.2785714285714286,0.0,0.17142857142857143,0.033739162813388804,0.0,0.04134721831316258,-0.22857142857142856,8.6,0.0
Angel Rodriguez,25.542857142857144,101.08571428571429,24.857142857142858,10.657142857142857,0.5142857142857142,1.4285714285714286,4.828571428571428,2.142857142857143,0.0,1.3714285714285714,1.8857142857142857,0.33325912183055034,0.2810204081632653,0.6344897959183674,0.12078133800750676,0.23440965544917972,0.1859565212745467,-1.542857142857143,8.6,1.0
DJ Johnson,7.942857142857143,41.51428571428571,4.9714285714285715,1.9428571428571428,1.2,0.9428571428571428,0.08571428571428572,0.2571428571428571,0.3142857142857143,0.2857142857142857,1.0,0.31571428571428567,0.0,0.19523809523809524,0.035161098478641226,0.0,0.037984709035129204,0.6857142857142857,8.6,0.0
Jordan Henriquez,14.2,91.74285714285715,17.114285714285714,4.2,1.9714285714285715,2.3714285714285714,0.37142857142857144,0.6857142857142857,1.6857142857142857,0.2,2.2,0.35825396825396827,0.0,0.23444444444444446,0.09361330837791411,0.0,0.1086954681122012,2.4,8.6,1.0
Martavious Irving,18.8,100.54285714285714,15.085714285714285,4.742857142857143,0.3142857142857143,1.3142857142857143,1.9428571428571428,0.9714285714285714,0.05714285714285714,0.4857142857142857,1.3428571428571427,0.2714285714285714,0.3076530612244898,0.19428571428571428,0.05047386036315357,0.1254000016899528,0.04469696969696969,-0.8571428571428571,8.6,1.0
Nino Williams,12.057142857142857,60.34285714285714,11.285714285714286,4.085714285714285,1.5142857142857142,1.6571428571428573,0.4857142857142857,0.6857142857142857,0.08571428571428572,0.34285714285714286,1.8571428571428572,0.3328870336013193,0.0,0.2542857142857143,0.09359281933416827,0.0031469979296066255,0.04627213974795194,-0.5142857142857142,8.6,0.0
Omari Lawrence,7.485714285714286,33.94285714285714,5.371428571428571,1.8571428571428572,0.34285714285714286,0.8857142857142857,0.42857142857142855,0.42857142857142855,0.11428571428571428,0.45714285714285713,0.7714285714285715,0.2642857142857143,0.033333333333333326,0.24285714285714285,0.030323659952763756,0.026572673732991405,0.03460177122958364,0.2857142857142857,8.6,0.0
Rodney McGruder,32.31428571428572,114.97142857142858,24.857142857142858,15.257142857142858,2.057142857142857,3.142857142857143,1.9714285714285715,1.6285714285714286,0.22857142857142856,1.2,1.4857142857142858,0.4855217798074942,0.2803061224489796,0.5683560090702947,0.2269503909640066,0.22078338404620743,0.1850148659475228,-0.4,8.6,1.0
Shane Southwell,23.314285714285713,107.68571428571428,16.8,7.428571428571429,0.5428571428571428,2.942857142857143,2.342857142857143,1.1142857142857143,0.4,1.0285714285714285,1.5714285714285714,0.40095238095238095,0.3410822510822511,0.22619047619047616,0.09024868522248566,0.1548666687797351,0.06093955418490666,0.6285714285714286,8.6,1.0
Thomas Gipson,18.314285714285713,92.65714285714286,23.771428571428572,7.6571428571428575,2.3142857142857145,2.5714285714285716,0.37142857142857144,1.457142857142857,0.34285714285714286,0.45714285714285713,2.3714285714285714,0.4545804988662131,0.0,0.39123582766439907,0.14654404542604477,0.0,0.142433451307676,-1.3142857142857143,8.6,1.0
Will Spradling,26.17142857142857,113.05714285714286,13.314285714285715,7.114285714285714,0.2857142857142857,2.1714285714285713,2.2857142857142856,0.9428571428571428,0.11428571428571428,0.8,1.9428571428571428,0.2980952380952381,0.32166666666666666,0.4333333333333333,0.050000202488497826,0.20624918980089835,0.08348590257892091,-0.05714285714285714,8.6,1.0
