,MP,ORtg,%Ps,Pts,OR,DR,A,TO,Blk,Stl,PF,2Pt %,3Pt %,FT %,2Pt %Att,3Pt %Att,FT %Att,Pnts-Prev,Marg,Maj Cont
AJ Avery,9.333333333333334,43.18181818181818,5.484848484848484,1.696969696969697,0.7878787878787878,1.0,0.18181818181818182,0.48484848484848486,0.5151515151515151,0.15151515151515152,1.6666666666666667,0.26479076479076474,0.0,0.14898989898989898,0.047900881958357996,0.0,0.02352936741651475,0.36363636363636365,4.909090909090909,0.0
Austin Richie,32.27272727272727,108.9090909090909,12.636363636363637,7.787878787878788,0.21212121212121213,1.9696969696969697,2.3333333333333335,1.2727272727272727,0.12121212121212122,0.9090909090909091,2.303030303030303,0.35151515151515156,0.3833333333333334,0.43664391164391164,0.057290733718301054,0.17599386559408103,0.11199913229693598,-0.48484848484848486,4.909090909090909,0.0
Charles Harris,1.5757575757575757,6.363636363636363,1.2121212121212122,0.8181818181818182,0.12121212121212122,0.24242424242424243,0.12121212121212122,0.12121212121212122,0.030303030303030304,0.030303030303030304,0.15151515151515152,0.12626262626262624,0.045454545454545456,0.022727272727272728,0.010203374047767638,0.0066754501537110225,0.007617788319542706,-0.12121212121212122,4.909090909090909,0.0
Connar Tava,28.666666666666668,101.60606060606061,24.181818181818183,11.636363636363637,1.7878787878787878,3.787878787878788,2.727272727272727,3.1515151515151514,0.5151515151515151,1.1818181818181819,2.6363636363636362,0.5899066421793695,0.015151515151515152,0.5905113405113406,0.1983851771584848,0.0165993265993266,0.20285738433059713,-2.909090909090909,4.909090909090909,1.0
David Brown,33.0,106.42424242424242,27.87878787878788,18.848484848484848,0.5757575757575758,2.9393939393939394,1.7575757575757576,2.6666666666666665,0.15151515151515152,1.3636363636363635,2.696969696969697,0.5215127465127465,0.3214668328304692,0.7070151229242138,0.16551388767977357,0.4030428218326994,0.3022781095232905,-2.303030303030303,4.909090909090909,1.0
Hayden Hoerdemann,1.2424242424242424,7.878787878787879,1.5151515151515151,0.5151515151515151,0.09090909090909091,0.0,0.15151515151515152,0.030303030303030304,0.0,0.09090909090909091,0.09090909090909091,0.03333333333333333,0.0,0.06060606060606061,0.005803650540492646,0.009200702678963548,0.015571588904922237,0.12121212121212122,4.909090909090909,0.0
Jared Klein,11.454545454545455,59.303030303030305,8.484848484848484,3.303030303030303,0.030303030303030304,1.0303030303030303,0.48484848484848486,0.8484848484848485,0.0,0.18181818181818182,0.6666666666666666,0.2737373737373737,0.29292929292929293,0.18181818181818182,0.043226751486366316,0.05995769361531913,0.019263486175250883,-1.3333333333333333,4.909090909090909,0.0
Kellen McCormick,7.787878787878788,29.545454545454547,3.9696969696969697,2.5757575757575757,0.24242424242424243,0.6060606060606061,0.18181818181818182,0.21212121212121213,0.18181818181818182,0.06060606060606061,0.9090909090909091,0.14393939393939395,0.18308080808080812,0.09090909090909091,0.014135060529455606,0.0925185596224767,0.004624163715072806,0.06060606060606061,4.909090909090909,0.0
Mario Matasovic,3.9696969696969697,11.606060606060606,1.303030303030303,0.5757575757575758,0.2727272727272727,0.2727272727272727,0.06060606060606061,0.36363636363636365,0.12121212121212122,0.09090909090909091,0.7575757575757576,0.1464646464646465,0.0,0.09090909090909091,0.01329116194047712,0.0030010247401551747,0.007402097260890585,-0.30303030303030304,4.909090909090909,0.0
Shayne Whittington,28.90909090909091,106.75757575757575,22.96969696969697,14.787878787878787,2.242424242424242,6.03030303030303,1.0303030303030303,1.696969696969697,1.4242424242424243,0.696969696969697,2.1818181818181817,0.5384861948259079,0.13636363636363635,0.6786075036075035,0.2879204011931308,0.05899275701739021,0.1726410241120333,0.8484848484848485,4.909090909090909,1.0
Taylor Perry,16.696969696969695,62.90909090909091,7.03030303030303,1.1515151515151516,0.7272727272727273,2.4545454545454546,1.2424242424242424,0.9696969696969697,0.18181818181818182,0.48484848484848486,1.7575757575757576,0.1636363636363636,0.030303030303030304,0.18484848484848485,0.02784081489744867,0.020103382730250408,0.023637654259474457,-0.6060606060606061,4.909090909090909,0.0
Tucker Haymond,20.03030303030303,72.6969696969697,14.848484848484848,5.9393939393939394,0.9696969696969697,2.212121212121212,0.7575757575757576,1.2727272727272727,0.09090909090909091,0.42424242424242425,1.6666666666666667,0.3747955747955748,0.17424242424242425,0.36464646464646466,0.09282232636119883,0.10229516637074856,0.06835860285981331,-1.5151515151515151,4.909090909090909,1.0
Von Washington,1.696969696969697,0.0,0.0,0.6060606060606061,0.030303030303030304,0.12121212121212122,0.0,0.12121212121212122,0.0,0.06060606060606061,0.18181818181818182,0.10606060606060606,0.0404040404040404,0.06060606060606061,0.005362748185714693,0.021316218741848032,0.009916570522631129,-0.12121212121212122,4.909090909090909,0.0
