,MP,ORtg,%Ps,Pts,OR,DR,A,TO,Blk,Stl,PF,2Pt %,3Pt %,FT %,2Pt %Att,3Pt %Att,FT %Att,Pnts-Prev,Marg,Maj Cont
Ahmed Hamdy,11.166666666666666,58.583333333333336,15.083333333333334,5.166666666666667,1.3611111111111112,1.7777777777777777,0.16666666666666666,0.6944444444444444,0.5277777777777778,0.2222222222222222,1.8611111111111112,0.4751543209876543,0.0,0.3309523809523809,0.10064153804085127,0.0014619883040935672,0.08788131819289631,0.1111111111111111,9.36111111111111,0.0
Doug Brooks,15.36111111111111,63.05555555555556,11.416666666666666,3.9722222222222223,0.3611111111111111,2.0,1.25,0.6666666666666666,0.1388888888888889,1.8333333333333333,2.5555555555555554,0.23379629629629628,0.1884920634920635,0.2326388888888889,0.023824827664822336,0.13739924533848943,0.05808766643330655,2.611111111111111,9.36111111111111,0.0
Gerron Scissum,0.8055555555555556,0.0,0.0,0.16666666666666666,0.1388888888888889,0.08333333333333333,0.027777777777777776,0.0,0.027777777777777776,0.0,0.1388888888888889,0.06944444444444445,0.0,0.0,0.004096116365268212,0.003955026455026455,0.002136752136752137,0.05555555555555555,9.36111111111111,0.0
JeQuan Lewis,26.52777777777778,102.72222222222223,19.916666666666668,10.13888888888889,0.19444444444444445,2.0555555555555554,4.611111111111111,2.388888888888889,0.027777777777777776,1.4722222222222223,2.638888888888889,0.4845448532948533,0.3046516754850088,0.541358024691358,0.10811953374576334,0.13028808050572868,0.14500544064097554,-1.7777777777777777,9.36111111111111,1.0
Jonathan Williams,12.11111111111111,60.916666666666664,11.166666666666666,3.3333333333333335,0.1388888888888889,0.9444444444444444,1.5277777777777777,0.8333333333333334,0.0,0.6388888888888888,1.3333333333333333,0.24545454545454545,0.05555555555555555,0.2569444444444444,0.06111578534148762,0.012460105254222902,0.06469965661464629,-0.3888888888888889,9.36111111111111,0.0
Jordan Burgess,15.472222222222221,56.583333333333336,9.86111111111111,3.611111111111111,0.6666666666666666,2.138888888888889,0.9722222222222222,0.7222222222222222,0.3055555555555556,0.3888888888888889,1.3888888888888888,0.2687830687830688,0.13888888888888892,0.13326719576719576,0.039907088332243296,0.10081500875670549,0.050728840842571225,-0.05555555555555555,9.36111111111111,1.0
Justin Tillman,16.11111111111111,96.33333333333333,14.555555555555555,7.083333333333333,2.3055555555555554,3.7222222222222223,0.2222222222222222,0.5833333333333334,0.4722222222222222,0.3333333333333333,1.4444444444444444,0.5030543530543531,0.0,0.3679894179894179,0.11786992088991882,0.0016339869281045754,0.11010134311417479,0.4444444444444444,9.36111111111111,0.0
Korey Billbury,26.694444444444443,97.02777777777777,19.38888888888889,10.88888888888889,1.4722222222222223,3.25,1.1666666666666667,1.2222222222222223,0.08333333333333333,1.0555555555555556,2.1666666666666665,0.4102019122852456,0.31018518518518523,0.37013888888888885,0.16288571459269957,0.14176112327920007,0.10156507943732077,-0.16666666666666666,9.36111111111111,1.0
Melvin Johnson,29.77777777777778,107.05555555555556,22.97222222222222,16.47222222222222,0.5555555555555556,1.9444444444444444,2.111111111111111,1.4722222222222223,0.05555555555555555,1.25,1.2222222222222223,0.4657118344618344,0.3557203598870266,0.6411375661375662,0.14842751652507213,0.3697985828198263,0.11515416668409073,-0.3333333333333333,9.36111111111111,1.0
Michael Gilmore,9.055555555555555,39.52777777777778,6.444444444444445,2.3333333333333335,0.5277777777777778,1.5833333333333333,0.3333333333333333,0.5833333333333334,0.19444444444444445,0.3333333333333333,1.3611111111111112,0.34351851851851856,0.11574074074074073,0.10416666666666667,0.03098134829885911,0.04371388939563959,0.01900470032176109,-0.1111111111111111,9.36111111111111,0.0
Mo Alie-Cox,25.02777777777778,111.25,17.416666666666668,9.61111111111111,2.361111111111111,2.4444444444444446,1.0,1.3888888888888888,1.7777777777777777,0.6666666666666666,2.111111111111111,0.5241442199775533,0.0,0.6346832180165515,0.1416288760350695,0.0,0.18699306027286264,2.111111111111111,9.36111111111111,1.0
Torey Burston,1.8333333333333333,0.0,0.0,0.08333333333333333,0.05555555555555555,0.1111111111111111,0.1388888888888889,0.027777777777777776,0.0,0.08333333333333333,0.1388888888888889,0.013888888888888888,0.0,0.013888888888888888,0.004946178612389283,0.0011574074074074071,0.0030864197530864196,0.1111111111111111,9.36111111111111,0.0
