,MP,ORtg,%Ps,Pts,OR,DR,A,TO,Blk,Stl,PF,2Pt %,3Pt %,FT %,2Pt %Att,3Pt %Att,FT %Att,Pnts-Prev,Marg,Maj Cont
Austin Carroll,5.0606060606060606,28.90909090909091,2.6363636363636362,1.3636363636363635,0.06060606060606061,0.45454545454545453,0.2727272727272727,0.18181818181818182,0.0,0.09090909090909091,0.6060606060606061,0.06060606060606061,0.20505050505050504,0.04292929292929293,0.004565573315573316,0.05325095405425561,0.011518695729222045,-0.18181818181818182,5.151515151515151,0.0
Charlie Jones,10.424242424242424,46.93939393939394,5.484848484848484,1.606060606060606,0.45454545454545453,0.9393939393939394,0.6363636363636364,0.45454545454545453,0.18181818181818182,0.2727272727272727,1.0,0.21212121212121213,0.09595959595959595,0.12121212121212122,0.027479641130485944,0.03334315911856019,0.02992937505132627,0.0,5.151515151515151,0.0
Darius Gardner,35.878787878787875,104.9090909090909,20.272727272727273,11.181818181818182,1.121212121212121,2.4242424242424243,4.090909090909091,2.727272727272727,0.24242424242424243,2.0606060606060606,2.393939393939394,0.5546055796055797,0.27979797979797977,0.6003367003367004,0.19054844575778243,0.1337149672117366,0.18577033325964204,-0.8484848484848485,5.151515151515151,1.0
Jalen Rhea,1.5757575757575757,3.3333333333333335,0.5151515151515151,0.9090909090909091,0.06060606060606061,0.09090909090909091,0.030303030303030304,0.030303030303030304,0.0,0.030303030303030304,0.030303030303030304,0.030303030303030304,0.09595959595959595,0.08333333333333333,0.0034701857282502446,0.0247381745847219,0.016783216783216783,0.0,5.151515151515151,0.0
Jesse Reed,31.96969696969697,97.18181818181819,17.87878787878788,12.666666666666666,0.45454545454545453,3.5454545454545454,1.5757575757575757,1.6666666666666667,0.48484848484848486,1.0606060606060606,2.393939393939394,0.4875541125541126,0.38167388167388167,0.5274891774891776,0.16647837846468333,0.23439272712985068,0.16849234608919744,-0.24242424242424243,5.151515151515151,1.0
John Schoof,35.484848484848484,102.9090909090909,17.363636363636363,11.06060606060606,0.5151515151515151,2.393939393939394,2.090909090909091,1.6363636363636365,0.12121212121212122,0.42424242424242425,1.8181818181818181,0.41464646464646465,0.36588176133630673,0.4828282828282828,0.11184258969374998,0.32434391033762056,0.13327294152309493,-2.1818181818181817,5.151515151515151,1.0
Justice Montgomery,4.393939393939394,11.757575757575758,3.0606060606060606,0.42424242424242425,0.06060606060606061,0.15151515151515152,0.45454545454545453,0.48484848484848486,0.0,0.12121212121212122,0.6666666666666666,0.03787878787878788,0.0101010101010101,0.07575757575757576,0.0147677862303962,0.011131042870173304,0.025937379154715463,-0.7272727272727273,5.151515151515151,0.0
Kade Kager,0.8484848484848485,3.3636363636363638,0.5454545454545454,0.30303030303030304,0.030303030303030304,0.12121212121212122,0.0,0.0,0.030303030303030304,0.0,0.0,0.015151515151515152,0.0,0.030303030303030304,0.0053872053872053875,0.001443001443001443,0.007005539263603779,0.06060606060606061,5.151515151515151,0.0
Kyle Kager,17.545454545454547,74.93939393939394,14.757575757575758,5.757575757575758,0.6060606060606061,2.757575757575758,0.8787878787878788,1.3333333333333333,0.18181818181818182,0.5151515151515151,1.2727272727272727,0.4807599807599808,0.1611111111111111,0.35461760461760466,0.09184215039554489,0.07401683397342301,0.1055331067146915,-1.2727272727272727,5.151515151515151,0.0
Marko Vasic,14.303030303030303,74.60606060606061,12.787878787878787,3.757575757575758,0.5454545454545454,1.7878787878787878,1.2121212121212122,0.7878787878787878,0.15151515151515152,0.21212121212121213,1.7272727272727273,0.4303030303030303,0.197979797979798,0.12626262626262624,0.05894510943246812,0.07932219897362643,0.0362289677145553,-0.8484848484848485,5.151515151515151,0.0
Tony Wroblicky,30.90909090909091,105.12121212121212,23.757575757575758,11.848484848484848,1.8181818181818181,5.242424242424242,2.878787878787879,2.8181818181818183,1.8484848484848484,1.0,3.3636363636363638,0.5764112991385719,0.0,0.6033670033670032,0.26043087096197076,0.0,0.21330631679883857,0.06060606060606061,5.151515151515151,1.0
Yilret Yiljep,4.454545454545454,14.727272727272727,4.393939393939394,1.0,0.24242424242424243,0.5757575757575758,0.45454545454545453,0.5757575757575758,0.09090909090909091,0.06060606060606061,0.9090909090909091,0.1347041847041847,0.0,0.05959595959595959,0.026061557139564817,0.0,0.020190035886149788,-0.8484848484848485,5.151515151515151,0.0
Zach Elcano,2.606060606060606,12.181818181818182,1.4848484848484849,0.42424242424242425,0.09090909090909091,0.24242424242424243,0.09090909090909091,0.21212121212121213,0.030303030303030304,0.06060606060606061,0.5151515151515151,0.10606060606060606,0.0,0.06060606060606061,0.007877476059294243,0.0,0.015728715728715727,-0.24242424242424243,5.151515151515151,0.0
