,MP,ORtg,%Ps,Pts,OR,DR,A,TO,Blk,Stl,PF,2Pt %,3Pt %,FT %,2Pt %Att,3Pt %Att,FT %Att,Pnts-Prev,Marg,Maj Cont
Anthony Thompson,30.428571428571427,83.02857142857142,15.342857142857143,6.714285714285714,0.4,1.9428571428571428,2.4857142857142858,0.9428571428571428,0.0,1.0571428571428572,2.0,0.23965986394557823,0.21992063492063493,0.5177097505668934,0.07590317798483578,0.20087035799794548,0.12592780909354445,0.22857142857142856,-4.085714285714285,1.0
Cullen Hamilton,26.6,84.11428571428571,17.771428571428572,8.17142857142857,0.45714285714285713,1.6857142857142857,1.6857142857142857,1.1142857142857143,0.02857142857142857,0.6571428571428571,1.5142857142857142,0.4056689342403629,0.2422448979591837,0.47095238095238096,0.15063479426353465,0.11405342275070612,0.09498877581015083,-0.8571428571428571,-4.085714285714285,1.0
Eric Green,7.942857142857143,41.25714285714286,6.8,2.2285714285714286,0.34285714285714286,0.7714285714285715,0.22857142857142856,0.17142857142857143,0.05714285714285714,0.3142857142857143,0.2857142857142857,0.24531746031746035,0.05714285714285714,0.06428571428571428,0.06309552419855094,0.005268674186316206,0.02499171917570856,0.4,-4.085714285714285,1.0
Isaiah Baker,0.9428571428571428,0.4,0.45714285714285713,0.17142857142857143,0.05714285714285714,0.08571428571428572,0.02857142857142857,0.08571428571428572,0.02857142857142857,0.0,0.17142857142857143,0.03809523809523809,0.0,0.023809523809523808,0.0042568542568542575,0.0,0.009642591707809098,-0.11428571428571428,-4.085714285714285,0.0
Jehyve Floyd,7.285714285714286,34.857142857142854,6.371428571428571,2.257142857142857,0.4857142857142857,0.6857142857142857,0.34285714285714286,0.6,0.5714285714285714,0.2857142857142857,1.5142857142857142,0.39285714285714285,0.0,0.08571428571428572,0.04839386460791372,0.0,0.03150777006778449,0.5142857142857142,-4.085714285714285,0.0
Karl Charles,27.17142857142857,93.62857142857143,22.257142857142856,10.228571428571428,1.2,2.8285714285714287,2.3714285714285714,2.057142857142857,0.5428571428571428,1.0285714285714285,1.9428571428571428,0.47281694495980214,0.24721088435374142,0.6102484023912597,0.13594913181308832,0.12464116616345104,0.2138878020133798,-0.9714285714285714,-4.085714285714285,1.0
Malachi Alexander,30.82857142857143,102.91428571428571,19.542857142857144,11.285714285714286,1.542857142857143,3.7142857142857144,2.5428571428571427,1.5714285714285714,0.11428571428571428,0.8285714285714286,2.5142857142857142,0.49320140177283023,0.3498639455782313,0.49872056514913654,0.15215109026653678,0.14222913289975536,0.18553836117369615,-1.2571428571428571,-4.085714285714285,1.0
Marcellis Perkins,1.2,0.0,0.0,0.17142857142857143,0.14285714285714285,0.11428571428571428,0.0,0.02857142857142857,0.0,0.02857142857142857,0.14285714285714285,0.05714285714285714,0.0,0.02857142857142857,0.005810193774479488,0.0063265306122448975,0.008704935534203827,0.0,-4.085714285714285,0.0
Matt Husek,17.085714285714285,76.6,16.085714285714285,5.6571428571428575,0.5428571428571428,2.342857142857143,1.0571428571428572,1.1142857142857143,0.8285714285714286,0.2857142857142857,2.085714285714286,0.4296825396825397,0.2547619047619048,0.28619047619047616,0.10456089861382374,0.076378356836528,0.050510814426371516,0.0,-4.085714285714285,0.0
Matt Zignorski,11.885714285714286,52.714285714285715,10.228571428571428,3.142857142857143,0.17142857142857143,0.6285714285714286,0.5714285714285714,0.6,0.02857142857142857,0.4857142857142857,0.6857142857142857,0.2714285714285714,0.22666666666666668,0.15714285714285714,0.04728090097298082,0.07347550857425286,0.019300404327806595,-0.17142857142857143,-4.085714285714285,0.0
Patrick Benzan,4.257142857142857,12.857142857142858,1.6,0.6285714285714286,0.17142857142857143,0.45714285714285713,0.34285714285714286,0.2,0.0,0.14285714285714285,0.45714285714285713,0.06904761904761904,0.0,0.1357142857142857,0.01652022725628997,0.004351479722323713,0.020879945967053982,-0.11428571428571428,-4.085714285714285,0.0
Robert Champion,25.685714285714287,91.51428571428572,22.714285714285715,10.857142857142858,0.6571428571428571,3.914285714285714,1.457142857142857,1.4857142857142858,0.17142857142857143,0.9714285714285714,2.5142857142857142,0.5014878772021629,0.27022263450834877,0.5218027210884354,0.13830048484825425,0.19526251311361917,0.1569762135596335,-0.6857142857142857,-4.085714285714285,1.0
