,MP,ORtg,%Ps,Pts,OR,DR,A,TO,Blk,Stl,PF,2Pt %,3Pt %,FT %,2Pt %Att,3Pt %Att,FT %Att,Pnts-Prev,Marg,Maj Cont
Anthony Bennett,26.085714285714285,111.25714285714285,25.97142857142857,15.685714285714285,2.3714285714285714,5.457142857142857,0.9142857142857143,1.8,1.2285714285714286,0.6285714285714286,2.1714285714285713,0.5464625850340137,0.33693877551020407,0.5896897546897547,0.21373165411638795,0.14341197845156703,0.21716925818617266,0.11428571428571428,8.428571428571429,1.0
Anthony Marshall,32.8,111.48571428571428,19.085714285714285,10.228571428571428,0.7428571428571429,3.142857142857143,5.628571428571429,2.6285714285714286,0.3142857142857143,1.2571428571428571,2.2,0.5037384044526901,0.3312244897959184,0.5137384044526901,0.11304189845594846,0.14954838663871858,0.16613446235338436,-2.1142857142857143,8.428571428571429,1.0
Bryce Dejean-Jones,25.02857142857143,94.62857142857143,22.65714285714286,9.82857142857143,1.0285714285714285,3.342857142857143,2.2857142857142856,2.2857142857142856,0.22857142857142856,0.9142857142857143,2.6,0.42928983714698,0.2932251082251082,0.5285714285714286,0.14048888401625922,0.16583384406605867,0.10054865950557586,-2.2857142857142856,8.428571428571429,1.0
Carlos Lopez-Sosa,6.9714285714285715,35.25714285714286,6.0285714285714285,1.7428571428571429,0.2571428571428571,0.7714285714285715,0.4857142857142857,0.5142857142857142,0.2857142857142857,0.37142857142857144,0.9714285714285714,0.2847619047619047,0.03809523809523809,0.15666666666666668,0.028477718831845758,0.010617580365479525,0.030206888774543313,0.2857142857142857,8.428571428571429,0.0
Justin Hawkins,22.0,94.74285714285715,13.342857142857143,4.828571428571428,0.6285714285714286,1.8857142857142857,1.7142857142857142,0.8857142857142857,0.42857142857142855,1.4,1.4285714285714286,0.35986394557823126,0.1899092970521542,0.310952380952381,0.05608374903859028,0.15202647676605072,0.05716115075371392,1.8857142857142857,8.428571428571429,1.0
Katin Reinhardt,28.314285714285713,100.94285714285714,19.62857142857143,9.82857142857143,0.2857142857142857,1.6571428571428573,2.4285714285714284,1.8,0.2,0.8857142857142857,1.1428571428571428,0.3187755102040817,0.3385827664399092,0.5992857142857143,0.10714080858882101,0.25771693027790293,0.09947230029704598,-1.4285714285714286,8.428571428571429,1.0
Khem Birch,15.685714285714285,77.88571428571429,12.685714285714285,5.228571428571429,1.7142857142857142,2.3714285714285714,0.42857142857142855,0.8571428571428571,1.8285714285714285,0.5142857142857142,1.457142857142857,0.3655328798185941,0.0,0.3385714285714286,0.09164487648630355,0.0,0.127428729914905,2.9714285714285715,8.428571428571429,1.0
Mike Moser,16.542857142857144,63.34285714285714,14.685714285714285,5.571428571428571,0.9714285714285714,3.6285714285714286,1.0857142857142856,1.2857142857142858,0.5428571428571428,0.6,1.6571428571428573,0.26253508396365544,0.17619047619047615,0.319047619047619,0.10180347838560562,0.08703435617839718,0.05944749004196008,-0.2857142857142857,8.428571428571429,1.0
Quintrell Thomas,11.2,61.42857142857143,10.342857142857143,3.3714285714285714,1.3142857142857143,1.8571428571428572,0.2571428571428571,0.6285714285714286,0.4,0.2571428571428571,1.7714285714285714,0.3201360544217687,0.0,0.2942857142857143,0.0654118668626307,0.0,0.05721259186180109,0.05714285714285714,8.428571428571429,0.0
Savon Goodman,6.857142857142857,32.77142857142857,7.228571428571429,2.8,0.7142857142857143,1.0571428571428572,0.2,0.6,0.17142857142857143,0.2,0.7142857142857143,0.2524427952999381,0.0,0.23476190476190475,0.05360363664617892,0.005239018684396836,0.05664703973946909,-0.45714285714285713,8.428571428571429,0.0
