,MP,ORtg,%Ps,Pts,OR,DR,A,TO,Blk,Stl,PF,2Pt %,3Pt %,FT %,2Pt %Att,3Pt %Att,FT %Att,Pnts-Prev,Marg,Maj Cont
Ahmad Thomas,27.11764705882353,97.08823529411765,21.08823529411765,10.882352941176471,1.5294117647058822,4.794117647058823,1.8529411764705883,2.0,0.14705882352941177,2.0294117647058822,2.7058823529411766,0.499167499167499,0.16911764705882354,0.35336134453781515,0.20107549546627715,0.04556182024742238,0.09237338875403085,0.35294117647058826,7.911764705882353,1.0
Alec Wnuk,3.0294117647058822,9.147058823529411,1.0294117647058822,0.7941176470588235,0.20588235294117646,0.5,0.08823529411764706,0.2647058823529412,0.058823529411764705,0.029411764705882353,0.5294117647058824,0.18382352941176472,0.029411764705882353,0.014705882352941176,0.012647009454193333,0.006779491982551534,0.006961445354705473,-0.35294117647058826,7.911764705882353,0.0
David Robertson,9.470588235294118,32.73529411764706,6.235294117647059,2.176470588235294,0.20588235294117646,0.4411764705882353,0.7352941176470589,0.35294117647058826,0.029411764705882353,0.058823529411764705,0.5588235294117647,0.11470588235294116,0.07500000000000001,0.11274509803921569,0.025769667552881237,0.1065926149212139,0.014801763071659268,-0.5294117647058824,7.911764705882353,0.0
Dwayne Sutton,29.41176470588235,100.6470588235294,19.88235294117647,11.676470588235293,2.264705882352941,5.323529411764706,1.2352941176470589,1.588235294117647,0.6764705882352942,1.5294117647058822,2.5588235294117645,0.4556584755114167,0.267156862745098,0.5742212852506969,0.1499209791744162,0.1130808069569026,0.24785561637368142,1.2352941176470589,7.911764705882353,1.0
Dylan Smith,26.352941176470587,91.55882352941177,24.11764705882353,13.117647058823529,0.38235294117647056,2.264705882352941,1.7058823529411764,2.4705882352941178,0.3235294117647059,1.0,2.3529411764705883,0.38301820728291314,0.34327192415427704,0.6744747899159664,0.09454783527874135,0.37842451588527193,0.16667546132297845,-2.2941176470588234,7.911764705882353,1.0
Giacomo Zilli,1.9705882352941178,1.4411764705882353,0.8235294117647058,0.6176470588235294,0.08823529411764706,0.23529411764705882,0.058823529411764705,0.23529411764705882,0.058823529411764705,0.058823529411764705,0.4117647058823529,0.11470588235294117,0.0,0.051470588235294115,0.012622730178730905,0.0,0.010877684407096173,-0.23529411764705882,7.911764705882353,0.0
John Cannon,3.0588235294117645,15.794117647058824,2.7058823529411766,1.6470588235294117,0.29411764705882354,0.47058823529411764,0.058823529411764705,0.17647058823529413,0.29411764705882354,0.058823529411764705,0.4117647058823529,0.23823529411764705,0.0,0.06512605042016807,0.029285151729339896,0.0030345471521942106,0.02163342586307438,0.35294117647058826,7.911764705882353,0.0
Kevin Vannatta,33.0,115.29411764705883,15.411764705882353,11.382352941176471,0.6764705882352942,3.3823529411764706,2.6176470588235294,1.6764705882352942,0.08823529411764706,1.2058823529411764,1.7352941176470589,0.5762254901960785,0.3632352941176471,0.6204400991165696,0.1082346181481465,0.15372722859766877,0.14608932992644047,-0.7647058823529411,7.911764705882353,1.0
Raekwon Miller,6.352941176470588,31.323529411764707,6.088235294117647,2.5588235294117645,0.17647058823529413,0.4117647058823529,0.47058823529411764,0.35294117647058826,0.058823529411764705,0.4411764705882353,0.7058823529411765,0.1323529411764706,0.1215686274509804,0.14215686274509803,0.01388974119286249,0.07592519065042284,0.02684010215432808,0.29411764705882354,7.911764705882353,0.0
Sam Hughes,25.705882352941178,102.52941176470588,20.441176470588236,10.617647058823529,1.6470588235294117,2.7058823529411766,1.1764705882352942,1.7058823529411764,1.2941176470588236,1.2941176470588236,2.588235294117647,0.5103906714200831,0.16176470588235295,0.584453781512605,0.18311701503034927,0.029359132010060802,0.13492827083462872,1.7647058823529411,7.911764705882353,1.0
Trae Bryant,6.852941176470588,22.323529411764707,5.647058823529412,1.4705882352941178,0.11764705882352941,0.7058823529411765,0.38235294117647056,0.5882352941176471,0.08823529411764706,0.23529411764705882,0.6176470588235294,0.16106442577030813,0.07107843137254902,0.11764705882352941,0.016792420874532508,0.05810288689040877,0.011235312655190951,-0.5294117647058824,7.911764705882353,0.0
Will Weeks,23.352941176470587,98.6470588235294,14.794117647058824,6.470588235294118,1.5588235294117647,2.4411764705882355,1.7058823529411764,1.1764705882352942,0.11764705882352941,1.088235294117647,1.7352941176470589,0.44649329428741197,0.0,0.3309873949579832,0.12268557121364679,0.0,0.0903164345763034,0.058823529411764705,7.911764705882353,1.0
