,MP,ORtg,%Ps,Pts,OR,DR,A,TO,Blk,Stl,PF,2Pt %,3Pt %,FT %,2Pt %Att,3Pt %Att,FT %Att,Pnts-Prev,Marg,Maj Cont
Blake Spellman,4.0285714285714285,19.02857142857143,2.1714285714285713,0.7142857142857143,0.02857142857142857,0.37142857142857144,0.22857142857142856,0.2,0.0,0.05714285714285714,0.17142857142857143,0.014285714285714285,0.06904761904761904,0.02857142857142857,0.0012987012987012987,0.022693290766599036,0.0024844720496894407,-0.2857142857142857,4.6,0.0
Brandon Maxwell,5.742857142857143,11.571428571428571,4.4,0.9714285714285714,0.05714285714285714,0.5714285714285714,0.2857142857142857,0.7428571428571429,0.05714285714285714,0.14285714285714285,0.7428571428571429,0.14285714285714285,0.12857142857142856,0.04285714285714286,0.010592796208202812,0.03205456333406644,0.010869236583522297,-1.0857142857142856,4.6,0.0
Brennan Gillis,8.971428571428572,35.91428571428571,7.085714285714285,3.0285714285714285,0.7714285714285715,1.0571428571428572,0.6,0.8857142857142857,0.2571428571428571,0.17142857142857143,1.6285714285714286,0.46571428571428575,0.1238095238095238,0.11428571428571428,0.05098596535630442,0.022355765788096615,0.032016333579076885,-0.9142857142857143,4.6,0.0
Carson Williams,23.914285714285715,111.65714285714286,19.685714285714287,10.228571428571428,2.3714285714285714,3.257142857142857,1.1714285714285715,1.457142857142857,0.42857142857142855,0.5142857142857142,1.3428571428571427,0.5655555555555555,0.0,0.6311111111111112,0.1915267369111997,0.0021632653061224487,0.19209363842262578,-1.0285714285714285,4.6,1.0
Cole Murray,27.97142857142857,118.31428571428572,13.17142857142857,9.942857142857143,0.2,2.914285714285714,1.0571428571428572,0.7142857142857143,0.34285714285714286,0.4857142857142857,1.8285714285714285,0.37857142857142856,0.38226963512677803,0.18571428571428572,0.021111444592025023,0.2897302800118078,0.030606757726280666,0.22857142857142856,4.6,1.0
Dantez Walton,8.4,42.2,7.942857142857143,3.2285714285714286,0.6285714285714286,1.2,0.34285714285714286,0.4,0.14285714285714285,0.2857142857142857,1.0285714285714285,0.2476190476190476,0.14578231292517005,0.19047619047619047,0.02951147683578901,0.07323011906404646,0.030462787246049748,0.05714285714285714,4.6,0.0
Drew McDonald,29.0,104.71428571428571,25.428571428571427,15.971428571428572,1.9714285714285715,5.542857142857143,1.6571428571428573,2.1714285714285713,0.5428571428571428,0.37142857142857144,2.2285714285714286,0.48412523983952555,0.3491950113378685,0.5793898958184673,0.23655041228653306,0.15336074245489875,0.20917995753260493,-2.5142857142857142,4.6,1.0
Jalen Tate,4.285714285714286,15.371428571428572,3.742857142857143,1.0571428571428572,0.11428571428571428,0.34285714285714286,0.37142857142857144,0.2857142857142857,0.05714285714285714,0.2,0.6857142857142857,0.12761904761904763,0.02857142857142857,0.055714285714285716,0.01950031715125314,0.01196577753908581,0.02834870070700082,-0.05714285714285714,4.6,0.0
Jeff Garrett,12.371428571428572,59.94285714285714,12.428571428571429,3.257142857142857,1.0857142857142856,2.8,0.4857142857142857,0.8285714285714286,0.2857142857142857,0.5428571428571428,1.4285714285714286,0.3472789115646259,0.04285714285714286,0.25571428571428567,0.07230052126848795,0.028275605068838142,0.05823069560903179,0.0,4.6,0.0
Jordan Garnett,22.2,116.11428571428571,10.628571428571428,4.542857142857143,1.1142857142857143,1.9428571428571428,1.4285714285714286,0.8857142857142857,0.2857142857142857,0.7142857142857143,2.342857142857143,0.45680272108843534,0.32857142857142857,0.3761904761904762,0.06430584891428169,0.04694446561122105,0.04712954015277853,0.22857142857142856,4.6,1.0
Lavone Holland,30.0,98.57142857142857,25.257142857142856,13.885714285714286,0.5142857142857142,2.2285714285714286,4.0285714285714285,2.942857142857143,0.2571428571428571,1.2571428571428571,1.8,0.4713007627293342,0.3490476190476191,0.568771387342816,0.1910665464230932,0.17600298133517142,0.23064907343587454,-2.857142857142857,4.6,1.0
Mason Faulkner,16.62857142857143,80.05714285714286,18.114285714285714,6.857142857142857,0.37142857142857144,1.8,1.8857142857142857,1.2285714285714286,0.05714285714285714,0.7428571428571429,1.7714285714285714,0.4263038548752834,0.16166666666666665,0.3549206349206349,0.08267780418270002,0.11265171514861749,0.099357378384036,-0.8571428571428571,4.6,0.0
