,MP,ORtg,%Ps,Pts,OR,DR,A,TO,Blk,Stl,PF,2Pt %,3Pt %,FT %,2Pt %Att,3Pt %Att,FT %Att,Pnts-Prev,Marg,Maj Cont
Alex Barlow,31.61764705882353,101.44117647058823,14.529411764705882,8.676470588235293,0.4117647058823529,3.2058823529411766,2.4705882352941178,1.8235294117647058,0.029411764705882353,2.0588235294117645,2.7941176470588234,0.3720588235294118,0.3466619981325863,0.4980392156862744,0.06442732612316039,0.2604685959856524,0.07704012250910684,0.5294117647058824,7.882352941176471,1.0
Andrew Chrabascz,23.058823529411764,88.38235294117646,17.91176470588235,9.117647058823529,1.2941176470588236,1.6764705882352942,1.3529411764705883,1.1470588235294117,0.4117647058823529,0.6176470588235294,2.2058823529411766,0.4288515406162465,0.23774509803921565,0.4571895424836601,0.13759833941554445,0.11412787161386921,0.14472006114145616,-0.23529411764705882,7.882352941176471,1.0
Austin Etherington,11.529411764705882,55.529411764705884,7.823529411764706,2.2058823529411766,0.5294117647058824,1.4411764705882353,0.5,0.6470588235294118,0.08823529411764706,0.2647058823529412,1.9705882352941178,0.27450980392156865,0.1823529411764706,0.19117647058823528,0.021625291738485743,0.08020765079697485,0.017937028546434846,-0.5882352941176471,7.882352941176471,0.0
Jackson Aldridge,2.7941176470588234,8.0,1.0294117647058822,0.6470588235294118,0.0,0.058823529411764705,0.058823529411764705,0.058823529411764705,0.0,0.058823529411764705,0.23529411764705882,0.10294117647058823,0.03676470588235294,0.058823529411764705,0.00810662322555557,0.017894216510133464,0.009472145519631613,0.0,7.882352941176471,0.0
Jackson Davis,1.9705882352941178,2.088235294117647,0.7941176470588235,0.4411764705882353,0.08823529411764706,0.5882352941176471,0.0,0.08823529411764706,0.11764705882352941,0.058823529411764705,0.35294117647058826,0.09558823529411764,0.0,0.022058823529411766,0.013349712258985454,0.0,0.012099636234584332,0.17647058823529413,7.882352941176471,0.0
Kameron Woods,28.91176470588235,106.0,14.235294117647058,7.294117647058823,2.823529411764706,6.382352941176471,1.088235294117647,1.088235294117647,0.8529411764705882,1.1176470588235294,1.9411764705882353,0.45576563958916905,0.0,0.5231209150326799,0.1262954008633129,0.0,0.14583657834806033,1.7647058823529411,7.882352941176471,1.0
Kelan Martin,13.823529411764707,75.55882352941177,23.38235294117647,6.852941176470588,0.6176470588235294,1.4411764705882353,0.4411764705882353,0.9411764705882353,0.23529411764705882,0.14705882352941177,1.4411764705882353,0.4518620268620269,0.150875350140056,0.4333333333333333,0.10404948420684017,0.1322483216764393,0.08134539775279935,-1.1176470588235294,7.882352941176471,1.0
Kellen Dunham,31.61764705882353,112.70588235294117,20.705882352941178,15.676470588235293,0.5294117647058824,1.8823529411764706,0.8529411764705882,1.5,0.029411764705882353,0.5294117647058824,1.3823529411764706,0.42907860113742474,0.4195187165775401,0.7195728291316525,0.14561558035634542,0.336229814005166,0.20271485260245337,-1.8823529411764706,7.882352941176471,1.0
Roosevelt Jones,33.35294117647059,89.61764705882354,23.647058823529413,11.882352941176471,2.0,3.0588235294117645,3.4705882352941178,2.5,0.5882352941176471,0.8529411764705882,2.3529411764705883,0.3970059468648068,0.0,0.4883169934640523,0.277675540989353,0.0,0.20116493826626197,-2.1176470588235294,7.882352941176471,1.0
Tyler Wideman,10.588235294117647,50.970588235294116,9.205882352941176,2.264705882352941,0.9411764705882353,1.6764705882352942,0.4411764705882353,0.6470588235294118,0.4117647058823529,0.23529411764705882,1.7352941176470589,0.31386554621848745,0.0,0.17107843137254902,0.04243317141065213,0.0,0.04884570966744643,0.0,7.882352941176471,0.0
