,MP,ORtg,%Ps,Pts,OR,DR,A,TO,Blk,Stl,PF,2Pt %,3Pt %,FT %,2Pt %Att,3Pt %Att,FT %Att,Pnts-Prev,Marg,Maj Cont
Bobby King,7.0,25.852941176470587,5.294117647058823,1.8235294117647058,0.8529411764705882,0.7058823529411765,0.29411764705882354,0.7352941176470589,0.4411764705882353,0.11764705882352941,1.2058823529411764,0.33627450980392154,0.0,0.15441176470588236,0.03761733347873543,0.0,0.034395396039667694,-0.35294117647058826,14.441176470588236,0.0
Clide Geffrard,15.117647058823529,85.6470588235294,21.529411764705884,8.235294117647058,1.1176470588235294,1.7058823529411764,0.8529411764705882,1.5588235294117647,0.47058823529411764,0.5588235294117647,1.8235294117647058,0.5429971988795518,0.25,0.5079131652661064,0.10456300496750927,0.09311993188786638,0.11423564394220027,-1.0588235294117647,14.441176470588236,1.0
Connor Brooks,7.852941176470588,35.3235294117647,4.911764705882353,1.8529411764705883,0.3235294117647059,0.5,0.5882352941176471,0.5882352941176471,0.058823529411764705,0.47058823529411764,0.7058823529411765,0.2181372549019608,0.14215686274509806,0.10686274509803922,0.023008968155152163,0.027812578985852644,0.027747349449775832,-0.11764705882352941,14.441176470588236,0.0
Dallas Cameron,18.205882352941178,90.61764705882354,13.352941176470589,4.676470588235294,0.29411764705882354,1.088235294117647,1.4411764705882353,1.2647058823529411,0.14705882352941177,0.5,1.4411764705882353,0.29411764705882354,0.25392156862745097,0.39285714285714285,0.050059636506763615,0.07411163251007898,0.07454489481403241,-1.2352941176470589,14.441176470588236,1.0
Demetrious Floyd,14.117647058823529,83.67647058823529,14.764705882352942,6.676470588235294,0.058823529411764705,0.9411764705882353,1.3529411764705883,0.9117647058823529,0.0,0.20588235294117646,0.9411764705882353,0.367296918767507,0.37006302521008405,0.14411764705882354,0.05694421362954679,0.1620340480879268,0.02415589627663931,-1.411764705882353,14.441176470588236,1.0
Jacob Parker,26.176470588235293,121.02941176470588,21.264705882352942,13.705882352941176,1.6470588235294117,3.735294117647059,1.6176470588235294,1.5588235294117647,0.4117647058823529,1.088235294117647,2.7058823529411766,0.523389355742297,0.43848039215686274,0.6387605042016807,0.14785325818517192,0.17765997204020295,0.1427249376407238,-0.11764705882352941,14.441176470588236,1.0
Jared Johnson,12.088235294117647,82.26470588235294,18.823529411764707,7.588235294117647,0.23529411764705882,1.088235294117647,1.1470588235294117,1.1176470588235294,0.14705882352941177,0.5294117647058824,1.5588235294117647,0.4245098039215686,0.34611344537815136,0.46113445378151263,0.06791031607083543,0.16787563725538313,0.061522514263159085,-0.8823529411764706,14.441176470588236,0.0
Jaxon Holden,1.9705882352941178,4.352941176470588,0.47058823529411764,0.5588235294117647,0.0,0.08823529411764706,0.029411764705882353,0.11764705882352941,0.0,0.029411764705882353,0.35294117647058826,0.0,0.0784313725490196,0.11764705882352941,0.0038600421367407053,0.013525822228204783,0.009094064976417918,-0.17647058823529413,14.441176470588236,0.0
Justin Dotson,3.0,9.676470588235293,3.3529411764705883,1.1176470588235294,0.058823529411764705,0.5,0.23529411764705882,0.35294117647058826,0.08823529411764706,0.29411764705882354,0.35294117647058826,0.18137254901960784,0.03676470588235294,0.12009803921568629,0.01669733145042431,0.016249848767149806,0.023696855243085225,0.058823529411764705,14.441176470588236,0.0
Tanner Clayton,14.588235294117647,95.82352941176471,10.617647058823529,3.764705882352941,1.3235294117647058,1.7941176470588236,0.6176470588235294,0.38235294117647056,1.4411764705882353,0.35294117647058826,1.9705882352941178,0.3209733893557423,0.14705882352941177,0.22058823529411764,0.07484978498815043,0.024825149822398283,0.03143844498434123,2.823529411764706,14.441176470588236,0.0
Thomas Walkup,26.794117647058822,119.76470588235294,26.647058823529413,15.205882352941176,2.323529411764706,3.8823529411764706,3.5588235294117645,2.0,0.14705882352941177,1.1176470588235294,2.7941176470588234,0.5700480075480076,0.21078431372549017,0.6491021233668294,0.23441830522284593,0.057567893822407144,0.24214022763518148,-1.4705882352941178,14.441176470588236,1.0
Trey Pinkney,25.323529411764707,101.32352941176471,11.794117647058824,3.4411764705882355,0.20588235294117646,1.5,3.764705882352941,1.5,0.0,1.3235294117647058,2.7058823529411766,0.3588235294117647,0.1715686274509804,0.3009803921568628,0.0510015364263839,0.052952762390439057,0.07755389851453882,-0.35294117647058826,14.441176470588236,0.0
Ty Charles,20.941176470588236,110.3529411764706,16.823529411764707,8.147058823529411,1.7352941176470589,3.088235294117647,1.7058823529411764,1.1764705882352942,0.14705882352941177,0.8235294117647058,2.323529411764706,0.4923966556319498,0.3133753501400559,0.5322829131652661,0.10180450407585778,0.10285295749620772,0.10733811151435455,-0.4117647058823529,14.441176470588236,1.0
