,MP,ORtg,%Ps,Pts,OR,DR,A,TO,Blk,Stl,PF,2Pt %,3Pt %,FT %,2Pt %Att,3Pt %Att,FT %Att,Pnts-Prev,Marg,Maj Cont
Aaron Jones,9.38888888888889,60.52777777777778,5.416666666666667,1.9166666666666667,1.0,1.25,0.3055555555555556,0.2777777777777778,0.8611111111111112,0.3055555555555556,1.0833333333333333,0.2698412698412698,0.027777777777777776,0.08796296296296297,0.03475294569487278,0.003178277483833039,0.015491590624440867,1.7777777777777777,10.027777777777779,0.0
Anthony Perez,5.305555555555555,20.97222222222222,3.7222222222222223,1.3611111111111112,0.4722222222222222,0.7777777777777778,0.25,0.4166666666666667,0.1388888888888889,0.1388888888888889,0.75,0.125,0.11805555555555555,0.10648148148148148,0.01601632268638676,0.032874237084689215,0.013934469526574789,-0.2777777777777778,10.027777777777779,0.0
Derrick Millinghaus,12.38888888888889,68.11111111111111,13.916666666666666,4.805555555555555,0.19444444444444445,1.0277777777777777,1.5833333333333333,0.75,0.0,0.7777777777777778,0.8333333333333334,0.2624559082892416,0.16643518518518519,0.2727272727272727,0.06461359568847017,0.08486878489362328,0.05949020088639972,0.05555555555555555,10.027777777777779,0.0
Jarvis Summers,23.75,94.33333333333333,17.72222222222222,8.0,0.3055555555555556,1.25,3.2777777777777777,1.4166666666666667,0.19444444444444445,0.8888888888888888,2.1666666666666665,0.37224827641494307,0.19444444444444442,0.48567019400352746,0.12317102367710753,0.059533776337428145,0.14350333172118296,-0.6666666666666666,10.027777777777779,1.0
LaDarius White,19.666666666666668,84.22222222222223,17.25,6.138888888888889,0.3888888888888889,2.3333333333333335,1.1388888888888888,1.2777777777777777,0.25,0.5555555555555556,1.3333333333333333,0.34360754985754993,0.2925925925925926,0.3194444444444444,0.08725796716286739,0.09920061647866564,0.04822394391213471,-0.9444444444444444,10.027777777777779,1.0
Marshall Henderson,29.555555555555557,112.30555555555556,27.11111111111111,18.944444444444443,0.4166666666666667,2.4722222222222223,1.6111111111111112,1.9166666666666667,0.027777777777777776,1.3055555555555556,1.6111111111111112,0.4556547619047618,0.3384402248985582,0.7227382956549624,0.0946140985817632,0.5072318722069231,0.20500224034180206,-1.1666666666666667,10.027777777777779,1.0
Martavious Newby,4.194444444444445,17.77777777777778,3.2777777777777777,1.1111111111111112,0.3611111111111111,0.5,0.3333333333333333,0.3611111111111111,0.027777777777777776,0.5277777777777778,0.4444444444444444,0.1234567901234568,0.013888888888888888,0.09375,0.015913572655751853,0.022474816860377722,0.01564660702087603,0.3888888888888889,10.027777777777779,0.0
Murphy Holloway,29.36111111111111,105.94444444444444,24.055555555555557,13.833333333333334,3.2777777777777777,5.833333333333333,1.1944444444444444,2.0,0.6388888888888888,1.5,2.25,0.5511849012461758,0.013888888888888888,0.5088955026455025,0.24721270076986115,0.00941749933831514,0.19009248640826656,0.2777777777777778,10.027777777777779,1.0
Nick Williams,22.72222222222222,94.58333333333333,14.694444444444445,7.166666666666667,0.4444444444444444,1.9166666666666667,1.2777777777777777,0.5833333333333334,0.1111111111111111,0.5833333333333334,1.5833333333333333,0.39837962962962964,0.23730158730158735,0.3416666666666667,0.1095297544451303,0.1256645637605892,0.0514934581091141,0.2222222222222222,10.027777777777779,1.0
Reginald Buckner,26.86111111111111,107.69444444444444,16.88888888888889,8.972222222222221,2.888888888888889,4.138888888888889,0.75,1.3888888888888888,2.5277777777777777,1.0277777777777777,3.138888888888889,0.5785824514991182,0.0,0.4761233365400033,0.1356941936529749,0.0,0.1904706677497009,4.333333333333333,10.027777777777779,1.0
Terry Brutus,6.305555555555555,42.75,3.4722222222222223,0.9444444444444444,0.5277777777777778,0.6944444444444444,0.08333333333333333,0.19444444444444445,0.027777777777777776,0.2777777777777778,0.6666666666666666,0.24074074074074073,0.0,0.041666666666666664,0.015668269429258273,0.0,0.011095448143951756,0.2222222222222222,10.027777777777779,0.0
