,MP,ORtg,%Ps,Pts,OR,DR,A,TO,Blk,Stl,PF,2Pt %,3Pt %,FT %,2Pt %Att,3Pt %Att,FT %Att,Pnts-Prev,Marg,Maj Cont
Bandja Sy,34.34285714285714,96.0,20.37142857142857,11.371428571428572,1.9714285714285715,5.085714285714285,1.3714285714285714,2.257142857142857,0.5714285714285714,0.6285714285714286,1.5142857142857142,0.42901669758812616,0.2604761904761904,0.5697907647907648,0.17954027096682917,0.2486741223295845,0.14602592649840124,-2.1142857142857143,5.714285714285714,1.0
Daniel Mullings,33.25714285714286,103.2,24.057142857142857,13.628571428571428,1.7428571428571429,3.342857142857143,2.4857142857142858,2.8857142857142857,0.45714285714285713,2.1714285714285713,1.7714285714285714,0.48628855271712407,0.27619047619047615,0.6252040816326531,0.2156737567588845,0.13480326396292783,0.20124109688323,-0.5142857142857142,5.714285714285714,1.0
K.C. Ross-Miller,19.34285714285714,71.97142857142858,14.257142857142858,4.428571428571429,0.2857142857142857,1.3428571428571427,1.9142857142857144,1.6571428571428573,0.05714285714285714,0.9428571428571428,1.9714285714285715,0.2871428571428571,0.10666666666666667,0.3705194805194805,0.06796917116708454,0.1086948205855769,0.07289891280735326,-1.3142857142857143,5.714285714285714,1.0
Kevin Aronis,9.485714285714286,53.542857142857144,5.457142857142857,3.0285714285714285,0.17142857142857143,0.6285714285714286,0.2857142857142857,0.22857142857142856,0.17142857142857143,0.2,0.5142857142857142,0.14285714285714285,0.2608163265306122,0.03809523809523809,0.007763533009579198,0.20330548303237375,0.009862359862359865,0.2857142857142857,5.714285714285714,0.0
Remi Barry,9.342857142857143,46.94285714285714,8.428571428571429,2.942857142857143,0.4857142857142857,1.3714285714285714,0.17142857142857143,0.4857142857142857,0.02857142857142857,0.08571428571428572,0.9714285714285714,0.2606122448979592,0.10476190476190476,0.24666666666666665,0.04209370609384743,0.06291229778624736,0.04742871030139196,-0.7428571428571429,5.714285714285714,1.0
Renaldo Dixon,17.571428571428573,90.4,14.228571428571428,5.371428571428571,1.1142857142857143,2.5714285714285716,0.5714285714285714,1.0285714285714285,1.2285714285714286,0.2,1.5142857142857142,0.46568027210884355,0.11428571428571428,0.4501360544217687,0.09208332653019767,0.01843732831127789,0.08233447351397884,0.8,5.714285714285714,0.0
Sim Bhullar,23.6,106.48571428571428,21.62857142857143,9.942857142857143,2.4285714285714284,3.914285714285714,0.7428571428571429,1.2,2.342857142857143,0.08571428571428572,2.057142857142857,0.5797526283240568,0.0,0.38780663780663777,0.16343935615815744,0.0,0.18906314056472825,2.4571428571428573,5.714285714285714,1.0
Terrel de Rouen,16.6,78.42857142857143,15.6,4.828571428571428,0.22857142857142856,1.6285714285714286,1.5142857142857142,1.2285714285714286,0.05714285714285714,0.4,1.7428571428571429,0.2957142857142857,0.3128571428571429,0.2738095238095238,0.054684410442509684,0.14752918883170982,0.05238671077324616,-1.542857142857143,5.714285714285714,1.0
Tshilidzi Nephawe,5.3428571428571425,21.2,5.857142857142857,1.8571428571428572,0.6285714285714286,0.7142857142857143,0.02857142857142857,0.6571428571428571,0.14285714285714285,0.02857142857142857,0.8,0.11639455782312927,0.0,0.13316326530612244,0.035057976977109766,0.0,0.036235537338478514,-0.9714285714285714,5.714285714285714,0.0
Tyrone Watson,22.057142857142857,68.08571428571429,14.057142857142857,7.085714285714285,1.0857142857142856,2.2857142857142856,1.9428571428571428,1.7428571428571429,0.2,0.6285714285714286,1.1428571428571428,0.3298350855493713,0.1,0.4049319727891156,0.11312306332437201,0.04707206658887331,0.1339517028854034,-1.8285714285714285,5.714285714285714,0.0
