,MP,ORtg,%Ps,Pts,OR,DR,A,TO,Blk,Stl,PF,2Pt %,3Pt %,FT %,2Pt %Att,3Pt %Att,FT %Att,Pnts-Prev,Marg,Maj Cont
Avi Toomer,18.62857142857143,64.68571428571428,8.82857142857143,3.085714285714286,0.45714285714285713,1.7714285714285714,0.8857142857142857,1.0571428571428572,0.05714285714285714,1.0285714285714285,1.9428571428571428,0.33809523809523806,0.21904761904761905,0.14047619047619045,0.029892767360498267,0.05398816225285852,0.0595660180005531,0.05714285714285714,8.542857142857143,1.0
Ben Robertson,3.0285714285714285,4.057142857142857,0.2571428571428571,0.7428571428571429,0.11428571428571428,0.14285714285714285,0.05714285714285714,0.14285714285714285,0.02857142857142857,0.08571428571428572,0.4,0.1357142857142857,0.02857142857142857,0.05714285714285714,0.015429188806154648,0.0024561403508771926,0.015464852607709753,-0.05714285714285714,8.542857142857143,0.0
Bruce Moore,12.457142857142857,69.2,9.514285714285714,3.5714285714285716,0.6857142857142857,0.8571428571428571,0.3142857142857143,0.5428571428571428,0.4,0.14285714285714285,1.7142857142857142,0.3552380952380952,0.20666666666666667,0.2968253968253968,0.04468315428852446,0.04834282533021068,0.05903612305889344,0.0,8.542857142857143,0.0
DJ MacLeay,8.0,34.8,8.4,2.7142857142857144,0.8285714285714286,1.9142857142857144,0.2857142857142857,0.8857142857142857,0.11428571428571428,0.4,1.3714285714285714,0.47,0.05714285714285714,0.19809523809523807,0.05474973105183815,0.01772966837383313,0.04026232414631533,-0.7428571428571429,8.542857142857143,0.0
John Azzinaro,7.085714285714285,36.82857142857143,5.371428571428571,2.657142857142857,0.02857142857142857,0.4857142857142857,0.17142857142857143,0.4,0.0,0.22857142857142856,0.5428571428571428,0.1261904761904762,0.23761904761904762,0.045714285714285714,0.02097374119156516,0.07259198684158782,0.008510411332991977,-0.34285714285714286,8.542857142857143,0.0
Kimbal Mackenzie,28.942857142857143,108.4,17.6,11.2,0.37142857142857144,1.7714285714285714,2.3142857142857145,1.5142857142857142,0.05714285714285714,1.1142857142857143,2.1714285714285713,0.4807823129251701,0.3885147392290249,0.6122448979591836,0.10479763222845427,0.20349194972422477,0.12041697175518642,-0.6857142857142857,8.542857142857143,1.0
Matt O'Reilly,9.942857142857143,41.82857142857143,7.228571428571429,3.057142857142857,0.08571428571428572,0.42857142857142855,0.14285714285714285,0.22857142857142856,0.02857142857142857,0.11428571428571428,0.8857142857142857,0.05714285714285714,0.21224902082044939,0.014285714285714285,0.0038105314891029173,0.14406397057017215,0.003983516483516483,-0.17142857142857143,8.542857142857143,0.0
Nana Foulland,25.942857142857143,105.74285714285715,24.6,14.085714285714285,2.142857142857143,5.2,1.1428571428571428,1.9714285714285715,1.9714285714285715,0.7428571428571429,2.6,0.5886247879105023,0.0,0.49911564625850335,0.2605941179777364,0.0,0.25640915961472377,1.4857142857142858,8.542857142857143,1.0
Nate Jones,11.82857142857143,49.714285714285715,5.485714285714286,2.342857142857143,0.42857142857142855,1.0285714285714285,0.5142857142857142,0.5714285714285714,0.02857142857142857,0.34285714285714286,0.7428571428571429,0.13809523809523808,0.2523809523809524,0.17142857142857143,0.014841016056792689,0.056916956422677245,0.032923075882155164,-0.4,8.542857142857143,1.0
Nate Sestina,10.514285714285714,63.4,13.685714285714285,4.257142857142857,1.0,2.257142857142857,0.34285714285714286,0.7714285714285715,0.4857142857142857,0.2,1.6285714285714286,0.4663265306122448,0.18571428571428572,0.16714285714285712,0.08375205345004946,0.031217018231373173,0.029345207617097017,-0.17142857142857143,8.542857142857143,0.0
Stephen Brown,29.228571428571428,109.6,19.885714285714286,10.628571428571428,0.3142857142857143,2.7714285714285714,4.6571428571428575,1.7714285714285714,0.05714285714285714,1.4857142857142858,1.7714285714285714,0.5096938775510205,0.3744897959183673,0.4928571428571429,0.14045185003395225,0.15664077950038374,0.12978052044242366,-0.45714285714285713,8.542857142857143,1.0
Zach Thomas,28.685714285714287,107.85714285714286,27.37142857142857,15.571428571428571,1.0857142857142856,5.314285714285714,3.3714285714285714,2.9714285714285715,0.4857142857142857,1.0857142857142856,2.2285714285714286,0.4962244897959184,0.4139115646258504,0.6963821892393321,0.19745278749390263,0.18398911383037297,0.21573039048700532,-2.8,8.542857142857143,1.0
