,MP,ORtg,%Ps,Pts,OR,DR,A,TO,Blk,Stl,PF,2Pt %,3Pt %,FT %,2Pt %Att,3Pt %Att,FT %Att,Pnts-Prev,Marg,Maj Cont
Aaron Wright,16.08823529411765,71.20588235294117,14.058823529411764,3.411764705882353,0.3235294117647059,1.588235294117647,1.5,1.411764705882353,0.058823529411764705,0.7352941176470589,1.9411764705882353,0.3583333333333332,0.1323529411764706,0.2659313725490196,0.05438715808413549,0.04693436723235485,0.07717561110657435,-1.2352941176470589,5.411764705882353,1.0
Alex Young,25.235294117647058,85.76470588235294,16.91176470588235,8.147058823529411,0.5,2.5,3.0588235294117645,1.3823529411764706,0.23529411764705882,1.1470588235294117,1.6176470588235294,0.36458916900093374,0.2514705882352941,0.45098039215686275,0.12908705637267828,0.1375349731967379,0.11593738216857062,0.0,5.411764705882353,1.0
Dominique Dunning,12.411764705882353,78.0,11.764705882352942,3.3529411764705883,0.9411764705882353,2.2058823529411766,0.6764705882352942,0.6176470588235294,0.20588235294117646,0.38235294117647056,1.3823529411764706,0.32499999999999996,0.18627450980392157,0.22352941176470587,0.057326593118903084,0.03888129844012197,0.058362388061876554,-0.058823529411764705,5.411764705882353,0.0
Haroldas Saprykinas,1.8235294117647058,7.470588235294118,1.2352941176470589,0.8823529411764706,0.0,0.11764705882352941,0.058823529411764705,0.058823529411764705,0.0,0.0,0.08823529411764706,0.04901960784313725,0.08823529411764705,0.09215686274509804,0.004723555324024714,0.019309326294620417,0.024909635571400277,-0.11764705882352941,5.411764705882353,0.0
Ioannis Dimakopoulos,10.588235294117647,49.3235294117647,10.617647058823529,3.764705882352941,0.35294117647058826,1.2058823529411764,0.4117647058823529,0.5294117647058824,0.6764705882352942,0.11764705882352941,1.411764705882353,0.4240196078431373,0.16176470588235295,0.10784313725490195,0.07913400481553565,0.03990913627136537,0.03927643707055472,0.5294117647058824,5.411764705882353,0.0
Jaron Martin,18.0,90.26470588235294,15.382352941176471,6.4411764705882355,0.23529411764705882,0.8235294117647058,1.411764705882353,0.9705882352941176,0.14705882352941177,0.47058823529411764,1.1764705882352942,0.27198879551820726,0.41778711484593833,0.2735294117647059,0.06385648445311722,0.16847141936151225,0.06357026392192633,-0.7058823529411765,5.411764705882353,0.0
John Ryan,13.205882352941176,65.91176470588235,11.382352941176471,3.8823529411764706,1.411764705882353,2.088235294117647,0.6470588235294118,0.8823529411764706,0.9705882352941176,0.23529411764705882,1.8529411764705883,0.3918534080298786,0.0,0.2622549019607843,0.07669244307230116,0.0,0.06349578631811217,0.6470588235294118,5.411764705882353,0.0
Luke Nelson,23.08823529411765,75.52941176470588,20.647058823529413,8.323529411764707,0.29411764705882354,1.9705882352941178,3.176470588235294,2.0294117647058822,0.08823529411764706,0.8235294117647058,1.588235294117647,0.321078431372549,0.22994015788133437,0.38725490196078427,0.08751105719741747,0.2684801331279659,0.11317345419302038,-2.235294117647059,5.411764705882353,1.0
Mamadou Ndiaye,7.882352941176471,39.05882352941177,11.352941176470589,4.294117647058823,0.6470588235294118,1.4705882352941178,0.058823529411764705,0.6470588235294118,0.7058823529411765,0.08823529411764706,1.2352941176470589,0.266509634156693,0.0,0.23424369747899157,0.07025305723658293,0.0014005602240896359,0.09304257074795083,0.29411764705882354,5.411764705882353,1.0
Mike Best,11.588235294117647,70.3529411764706,9.911764705882353,3.323529411764706,0.6764705882352942,1.5588235294117647,0.2647058823529412,0.2647058823529412,0.6176470588235294,0.23529411764705882,1.7941176470588236,0.444467787114846,0.0,0.2696078431372549,0.07390846558358619,0.001838235294117647,0.05868091165029633,1.1764705882352942,5.411764705882353,0.0
Travis Souza,25.11764705882353,122.32352941176471,12.441176470588236,7.205882352941177,0.4117647058823529,2.5294117647058822,1.4705882352941178,0.9705882352941176,0.14705882352941177,0.8235294117647058,0.9411764705882353,0.19117647058823528,0.47584033613445387,0.27254901960784317,0.018196107718519434,0.24586800153750613,0.06303198698834371,0.0,5.411764705882353,1.0
Will Davis,28.735294117647058,109.23529411764706,21.823529411764707,12.529411764705882,2.323529411764706,4.470588235294118,0.9705882352941176,1.2941176470588236,1.0,0.5,1.3529411764705883,0.5324832054719598,0.0,0.5931022408963585,0.25551225231731595,0.0019607843137254906,0.19993180749549133,0.4117647058823529,5.411764705882353,1.0
