,MP,ORtg,%Ps,Pts,OR,DR,A,TO,Blk,Stl,PF,2Pt %,3Pt %,FT %,2Pt %Att,3Pt %Att,FT %Att,Pnts-Prev,Marg,Maj Cont
Brice Kofane,2.657142857142857,13.657142857142857,1.0571428571428572,0.6,0.2,0.2571428571428571,0.02857142857142857,0.14285714285714285,0.22857142857142856,0.0,0.4,0.16190476190476188,0.0,0.07857142857142857,0.008704033747587755,0.0,0.02042094786632602,0.17142857142857143,3.5714285714285716,0.0
Bryce Cotton,38.8,115.68571428571428,27.02857142857143,20.771428571428572,0.5428571428571428,2.857142857142857,5.628571428571429,2.342857142857143,0.08571428571428572,0.9428571428571428,1.3714285714285714,0.4479468150896722,0.35213151927437636,0.7745600180938528,0.24269319652194932,0.3200831067551545,0.2907918590290508,-2.6285714285714286,3.5714285714285716,1.0
Carson Desrosiers,18.457142857142856,92.42857142857143,10.771428571428572,3.4857142857142858,1.3142857142857143,3.257142857142857,0.5714285714285714,0.6571428571428571,2.2857142857142856,0.4,2.6,0.41772108843537414,0.02857142857142857,0.3028571428571428,0.06938824785772944,0.005736961451247165,0.05413404889290564,4.057142857142857,3.5714285714285716,0.0
Josh Fortune,32.17142857142857,96.62857142857143,13.82857142857143,8.342857142857143,0.42857142857142855,2.6,2.057142857142857,1.8285714285714285,0.2,0.9428571428571428,2.2857142857142856,0.5143537414965986,0.3329931972789116,0.2942857142857143,0.061469569585773265,0.24707712644621088,0.05446824276401084,-1.3714285714285714,3.5714285714285716,1.0
Kadeem Batts,29.885714285714286,101.22857142857143,23.17142857142857,12.028571428571428,3.085714285714286,4.285714285714286,1.1714285714285715,1.6285714285714286,0.7428571428571429,0.2857142857142857,3.4,0.42115265686694264,0.11428571428571428,0.6987167594310452,0.23790073422245672,0.024085794715383396,0.22061204893834774,-1.2,3.5714285714285716,1.0
Kris Dunn,3.0285714285714285,7.6,2.2,0.42857142857142855,0.02857142857142857,0.2571428571428571,0.5714285714285714,0.4,0.02857142857142857,0.2,0.2571428571428571,0.05,0.0,0.05714285714285714,0.011498105332941592,0.0027891156462585033,0.005958747135217724,-0.34285714285714286,3.5714285714285716,0.0
LaDontae Henton,36.0,111.17142857142858,18.771428571428572,13.542857142857143,2.3142857142857145,5.257142857142857,1.6571428571428573,1.5714285714285714,0.5714285714285714,1.3142857142857143,2.3714285714285714,0.46825484039769766,0.34588435374149656,0.712607709750567,0.17339936184610247,0.21236744424183612,0.17069566682921652,0.6285714285714286,3.5714285714285716,1.0
Lee Goldsbrough,4.542857142857143,12.514285714285714,1.2285714285714286,0.22857142857142856,0.37142857142857144,0.3142857142857143,0.11428571428571428,0.3142857142857143,0.0,0.11428571428571428,0.5142857142857142,0.04285714285714286,0.0,0.05714285714285714,0.006991565209534024,0.0015873015873015873,0.006441558441558442,-0.4,3.5714285714285716,0.0
Ted Bancroft,4.514285714285714,16.142857142857142,0.8857142857142857,0.34285714285714286,0.11428571428571428,0.45714285714285713,0.08571428571428572,0.08571428571428572,0.0,0.2571428571428571,0.6857142857142857,0.07142857142857142,0.02857142857142857,0.04285714285714286,0.0027388346643005025,0.014822292553384991,0.00954952029120827,0.34285714285714286,3.5714285714285716,0.0
Tyler Harris,31.085714285714285,100.31428571428572,20.228571428571428,11.2,2.085714285714286,2.942857142857143,1.3714285714285714,2.1142857142857143,0.5714285714285714,0.9714285714285714,2.914285714285714,0.4825551432694289,0.26891156462585036,0.6142857142857143,0.15664492244019637,0.14287942803179424,0.13835593124072934,-1.1428571428571428,3.5714285714285716,1.0
