,MP,ORtg,%Ps,Pts,OR,DR,A,TO,Blk,Stl,PF,2Pt %,3Pt %,FT %,2Pt %Att,3Pt %Att,FT %Att,Pnts-Prev,Marg,Maj Cont
Coreontae DeBerry,14.0,97.24242424242425,16.151515151515152,5.696969696969697,1.1818181818181819,2.4545454545454546,0.18181818181818182,0.5454545454545454,0.8787878787878788,0.36363636363636365,1.878787878787879,0.5139369889369889,0.0,0.40817700817700825,0.09916612746832627,0.0,0.1100061929513301,1.393939393939394,10.0,1.0
Farad Cobb,24.151515151515152,101.24242424242425,16.515151515151516,9.727272727272727,0.3939393939393939,1.2424242424242424,1.4545454545454546,0.8484848484848485,0.030303030303030304,1.2424242424242424,1.0303030303030303,0.34249639249639247,0.32980344571253656,0.2777777777777778,0.08530009365037228,0.24101775582019838,0.034891511767541766,0.8484848484848485,10.0,1.0
Gary Clark,29.78787878787879,115.33333333333333,17.818181818181817,10.363636363636363,3.4242424242424243,5.303030303030303,2.090909090909091,1.2727272727272727,1.4848484848484849,1.2121212121212122,2.272727272727273,0.4926166426166426,0.25757575757575757,0.5227272727272727,0.17202955741400686,0.033541270473043824,0.18696177381699583,2.8484848484848486,10.0,0.0
Jacob Evans,23.303030303030305,103.45454545454545,17.303030303030305,7.636363636363637,1.0303030303030303,2.787878787878788,1.606060606060606,0.7272727272727273,0.8181818181818182,0.8181818181818182,1.7272727272727273,0.4248196248196248,0.271957671957672,0.3838383838383838,0.08742469234221033,0.17909905664456474,0.0725313115091529,1.8181818181818181,10.0,1.0
Justin Jenifer,7.0606060606060606,31.757575757575758,5.787878787878788,2.0,0.06060606060606061,0.48484848484848486,1.0303030303030303,0.5151515151515151,0.0,0.42424242424242425,0.5454545454545454,0.1767676767676768,0.16161616161616163,0.13636363636363635,0.02245119980246186,0.04090566325618586,0.029733044733044733,-0.18181818181818182,10.0,0.0
Kevin Johnson,20.515151515151516,92.0,17.393939393939394,6.0,0.6666666666666666,1.0,1.5757575757575757,1.1515151515151516,0.06060606060606061,0.8787878787878788,1.5151515151515151,0.4010822510822511,0.27819865319865317,0.255050505050505,0.05182805499848536,0.17984470334866698,0.04112486135423612,-0.42424242424242425,10.0,1.0
Octavius Ellis,24.696969696969695,101.6969696969697,21.696969696969695,9.666666666666666,2.8181818181818183,4.606060606060606,1.0909090909090908,2.0606060606060606,1.4545454545454546,0.7878787878787878,2.787878787878788,0.5234269097905461,0.0,0.6073232323232324,0.1695530561143319,0.0,0.22513510484274407,0.36363636363636365,10.0,1.0
Quadri Moore,5.515151515151516,15.363636363636363,3.787878787878788,1.606060606060606,0.3939393939393939,0.6363636363636364,0.06060606060606061,0.5454545454545454,0.06060606060606061,0.24242424242424243,0.5757575757575758,0.151010101010101,0.06565656565656565,0.12878787878787878,0.03101950589791743,0.015084070518853123,0.021768163977697246,-0.48484848484848486,10.0,0.0
Shaq Thomas,17.363636363636363,71.87878787878788,14.121212121212121,5.212121212121212,1.2121212121212122,1.9696969696969697,1.1818181818181819,1.0303030303030303,0.45454545454545453,0.6060606060606061,1.2727272727272727,0.34051226551226554,0.1338383838383838,0.2966089466089466,0.09210539938724978,0.04975079485438996,0.06857779751718261,0.06060606060606061,10.0,0.0
Troy Caupain,32.36363636363637,108.93939393939394,21.939393939393938,12.787878787878787,0.48484848484848486,3.090909090909091,4.696969696969697,1.7575757575757576,0.3939393939393939,1.121212121212121,1.393939393939394,0.4381840381840382,0.29615199615199617,0.5767676767676767,0.1588192826216076,0.2304536547810668,0.17896720722704434,-0.48484848484848486,10.0,1.0
