,MP,ORtg,%Ps,Pts,OR,DR,A,TO,Blk,Stl,PF,2Pt %,3Pt %,FT %,2Pt %Att,3Pt %Att,FT %Att,Pnts-Prev,Marg,Maj Cont
Allonzo Trier,21.470588235294116,87.29411764705883,17.970588235294116,11.441176470588236,0.3235294117647059,2.235294117647059,0.8529411764705882,1.411764705882353,0.17647058823529413,0.4117647058823529,1.411764705882353,0.4114495798319328,0.2567927170868347,0.5630018674136321,0.10238070231103816,0.1763450054355078,0.16142774116467715,-1.6470588235294117,11.852941176470589,1.0
Chance Comanche,3.911764705882353,22.352941176470587,2.2941176470588234,1.2647058823529411,0.35294117647058826,0.6764705882352942,0.14705882352941177,0.23529411764705882,0.20588235294117646,0.029411764705882353,0.5,0.21666666666666667,0.0,0.11764705882352941,0.023061434664825076,0.0,0.015524673984426307,0.0,11.852941176470589,0.0
Dusan Ristic,16.235294117647058,92.73529411764706,19.08823529411765,7.088235294117647,1.3823529411764706,2.3529411764705883,0.7941176470588235,1.2058823529411764,0.6764705882352942,0.14705882352941177,1.911764705882353,0.5409727527374588,0.08823529411764706,0.4244047619047619,0.1171883643777904,0.01812832976327786,0.09375577492424259,-0.7647058823529411,11.852941176470589,0.0
Elliott Pitts,4.382352941176471,14.235294117647058,3.264705882352941,0.47058823529411764,0.23529411764705882,0.23529411764705882,0.38235294117647056,0.3235294117647059,0.0,0.23529411764705882,0.6176470588235294,0.0784313725490196,0.022058823529411766,0.0,0.007278006244035154,0.03126432391138273,0.0011764705882352942,-0.17647058823529413,11.852941176470589,0.0
Gabe York,32.294117647058826,108.67647058823529,20.705882352941178,14.735294117647058,0.5588235294117647,2.6176470588235294,2.235294117647059,2.0294117647058822,0.2647058823529412,0.8823529411764706,1.9411764705882353,0.4280387912740854,0.4006827731092437,0.40038515406162467,0.1310611779734755,0.3997754775625769,0.08733337132851555,-1.7647058823529411,11.852941176470589,1.0
Justin Simon,5.264705882352941,20.352941176470587,3.3529411764705883,1.6470588235294117,0.20588235294117646,0.6470588235294118,0.23529411764705882,0.4117647058823529,0.17647058823529413,0.20588235294117646,0.6470588235294118,0.22499999999999998,0.014705882352941176,0.10784313725490195,0.03068604257156573,0.003998373542965573,0.025518209860315125,-0.058823529411764705,11.852941176470589,0.0
Kadeem Allen,24.0,101.91176470588235,18.823529411764707,8.058823529411764,0.23529411764705882,2.7058823529411766,3.5,1.7941176470588236,0.7941176470588235,1.0,2.2941176470588234,0.4976360241066124,0.26960784313725494,0.4662464985994398,0.1124141639625803,0.08718678846521442,0.10657509905573488,0.0,11.852941176470589,1.0
Kaleb Tarczewski,19.91176470588235,89.44117647058823,12.970588235294118,6.9411764705882355,1.8529411764705883,4.970588235294118,0.4411764705882353,0.9411764705882353,0.9705882352941176,0.20588235294117646,2.1470588235294117,0.4291666666666667,0.0,0.49651027077497667,0.10384106656647053,0.0,0.12709668124846726,0.47058823529411764,11.852941176470589,1.0
Mark Tollefsen,21.676470588235293,116.1470588235294,11.970588235294118,6.970588235294118,1.2352941176470589,1.7647058823529411,1.2941176470588236,0.5294117647058824,0.5882352941176471,0.38235294117647056,1.8823529411764706,0.5537114845938376,0.32843137254901966,0.357843137254902,0.07228724460029241,0.12572936499403384,0.044170640552492195,0.8823529411764706,11.852941176470589,0.0
Parker Jackson-Cartwright,20.647058823529413,101.08823529411765,15.911764705882353,5.0588235294117645,0.2647058823529412,1.3235294117647058,3.3823529411764706,1.411764705882353,0.20588235294117646,0.6176470588235294,2.088235294117647,0.371078431372549,0.29558823529411765,0.38284313725490193,0.04954479074877913,0.11595102350995647,0.0603617988792905,-1.1764705882352942,11.852941176470589,1.0
Ryan Anderson,27.41176470588235,111.94117647058823,22.823529411764707,14.617647058823529,2.911764705882353,6.588235294117647,0.7352941176470589,1.7941176470588236,0.5882352941176471,0.6470588235294118,2.0,0.5467796092796092,0.058823529411764705,0.6988683797939853,0.22084524127326532,0.01220954810920209,0.24764777370772084,-1.1176470588235294,11.852941176470589,1.0
