,MP,ORtg,%Ps,Pts,OR,DR,A,TO,Blk,Stl,PF,2Pt %,3Pt %,FT %,2Pt %Att,3Pt %Att,FT %Att,Pnts-Prev,Marg,Maj Cont
Agunwa Okolie,6.90625,39.1875,6.375,2.0625,0.40625,0.78125,0.21875,0.4375,0.09375,0.21875,0.65625,0.27343749999999994,0.03125,0.11458333333333333,0.03631515843412865,0.004139957264957265,0.03060746818970503,-0.25,12.3125,0.0
Alex Nesbitt,1.65625,7.5,0.8125,0.15625,0.03125,0.0625,0.1875,0.0625,0.0,0.03125,0.28125,0.03125,0.0,0.046875,0.002340230855855856,0.0018382352941176473,0.0062024050510892615,-0.0625,12.3125,0.0
Brandyn Curry,17.0625,68.65625,13.15625,6.09375,0.28125,1.59375,1.9375,1.0,0.375,0.96875,1.28125,0.3223214285714286,0.22455357142857144,0.2470238095238095,0.07302888437177299,0.14695911028531713,0.06529921441915927,0.6875,12.3125,1.0
Dee Giger,1.65625,2.28125,0.6875,0.5,0.03125,0.125,0.09375,0.15625,0.03125,0.1875,0.25,0.03645833333333333,0.0625,0.0,0.006071519632840388,0.02400894652732888,0.0,0.125,12.3125,0.0
Evan Cummins,8.90625,60.4375,9.25,2.53125,0.5,1.15625,0.34375,0.53125,0.625,0.28125,1.3125,0.36354166666666665,0.0,0.21875,0.04621108494991973,0.0,0.029824442735626944,0.75,12.3125,1.0
Jonah Travis,11.59375,80.5,10.9375,4.03125,1.4375,1.4375,0.25,0.5,0.21875,0.5,1.46875,0.40234375000000006,0.0,0.4132068452380953,0.05598834170935641,0.0,0.08284803300600531,0.4375,12.3125,0.0
Kyle Casey,20.9375,94.78125,24.21875,9.40625,1.1875,4.15625,1.28125,1.3125,1.09375,0.6875,3.21875,0.46799806096681096,0.125,0.46562499999999996,0.17929062942120938,0.050378163436627314,0.11609541162777426,0.9375,12.3125,1.0
Laurent Rivard,31.53125,118.125,11.25,9.34375,0.78125,2.0625,0.75,0.6875,0.09375,0.875,1.9375,0.29166666666666663,0.38564551767676764,0.5119791666666667,0.019643564090816433,0.37099090090518333,0.07597124672619096,0.5625,12.3125,0.0
Matt Brown,0.8125,0.0,0.0,0.15625,0.0,0.09375,0.03125,0.03125,0.0,0.0,0.03125,0.0,0.0,0.078125,0.0,0.0,0.006283820346320346,-0.0625,12.3125,0.0
Siyani Chambers,32.0,100.09375,19.25,10.40625,0.46875,1.75,4.3125,2.15625,0.03125,1.25,0.9375,0.33805803571428567,0.318328373015873,0.521054292929293,0.11002122789858229,0.2723312087262695,0.14594029832607172,-1.75,12.3125,1.0
Steve Moundou-Missi,23.21875,109.5625,19.46875,9.84375,1.875,3.5625,0.53125,1.1875,1.25,0.75,2.625,0.5210882867132867,0.0,0.7029761904761905,0.1669665368384223,0.001736111111111111,0.1590027290143264,1.625,12.3125,1.0
Wesley Saunders,29.46875,96.53125,21.25,12.21875,0.875,3.21875,3.40625,2.03125,0.65625,1.5,2.03125,0.4325944888444889,0.18749999999999997,0.5876228805916306,0.1970342317496352,0.065117366449088,0.19280478309683233,0.25,12.3125,1.0
Zena Edosomwan,3.9375,18.09375,4.84375,2.0,0.625,0.5625,0.09375,0.28125,0.1875,0.03125,0.59375,0.2328010531135531,0.0,0.13541666666666666,0.04458859004746047,0.0,0.026620147460898236,-0.125,12.3125,0.0
