,MP,ORtg,%Ps,Pts,OR,DR,A,TO,Blk,Stl,PF,2Pt %,3Pt %,FT %,2Pt %Att,3Pt %Att,FT %Att,Pnts-Prev,Marg
Adarius Avery,2.8484848484848486,15.757575757575758,3.727272727272727,1.0909090909090908,0.24242424242424243,0.45454545454545453,0.12121212121212122,0.21212121212121213,0.06060606060606061,0.030303030303030304,0.21212121212121213,0.12965367965367966,0.0,0.09343434343434344,0.023001539713498637,0.002525252525252525,0.029143776950794495,-0.24242424242424243,10.181818181818182
Aundre Jackson,19.12121212121212,108.18181818181819,27.96969696969697,10.878787878787879,0.9090909090909091,2.4545454545454546,1.0303030303030303,1.606060606060606,0.2727272727272727,0.48484848484848486,2.4545454545454546,0.6183709388254843,0.21616161616161614,0.4878066378066378,0.1912725424769302,0.08963720378956329,0.11221607653572681,-1.696969696969697,10.181818181818182
Ben Richardson,21.242424242424242,80.21212121212122,9.818181818181818,4.636363636363637,0.09090909090909091,1.878787878787879,2.6363636363636362,1.1515151515151516,0.2727272727272727,0.9090909090909091,1.393939393939394,0.2528860028860029,0.24696969696969698,0.2439393939393939,0.030959311170653783,0.11840872787725212,0.05061097301062404,0.06060606060606061,10.181818181818182
Bruno Skokna,12.424242424242424,69.78787878787878,8.818181818181818,3.484848484848485,0.18181818181818182,0.7272727272727273,0.6363636363636364,0.5151515151515151,0.06060606060606061,0.42424242424242425,0.7575757575757576,0.33838383838383834,0.202020202020202,0.23232323232323232,0.029054006077812278,0.07640888197245958,0.0468395047091046,-0.06060606060606061,10.181818181818182
Cameron Krutwig,23.939393939393938,119.45454545454545,23.21212121212121,10.515151515151516,1.9696969696969697,4.363636363636363,1.7272727272727273,1.3333333333333333,0.7575757575757576,0.5151515151515151,1.2727272727272727,0.6138648388648389,0.0,0.599891774891775,0.2047404122958665,0.0,0.213331234379583,-0.12121212121212122,10.181818181818182
Cameron Satterwhite,10.515151515151516,40.06060606060606,6.909090909090909,1.8181818181818181,0.12121212121212122,1.5151515151515151,0.9393939393939394,0.8484848484848485,0.09090909090909091,0.06060606060606061,0.7575757575757576,0.21616161616161617,0.08333333333333333,0.2878787878787879,0.03183677198989444,0.029384456520893575,0.05541384014056627,-1.393939393939394,10.181818181818182
Christian Negron,2.121212121212121,2.484848484848485,1.6363636363636365,0.5151515151515151,0.09090909090909091,0.2727272727272727,0.06060606060606061,0.15151515151515152,0.030303030303030304,0.030303030303030304,0.36363636363636365,0.0883838383838384,0.0,0.10101010101010101,0.011161687304865716,0.0,0.02474099974099974,-0.18181818181818182,10.181818181818182
Clayton Custer,27.484848484848484,99.06060606060606,18.303030303030305,11.393939393939394,0.21212121212121213,1.696969696969697,3.606060606060606,1.7878787878787878,0.06060606060606061,1.303030303030303,1.4848484848484849,0.5075877825877825,0.3553270803270803,0.41717171717171714,0.13342415281233636,0.1785700470051213,0.11591481233583029,-0.8484848484848485,10.181818181818182
Donte Ingram,30.727272727272727,107.27272727272727,19.545454545454547,11.636363636363637,0.5454545454545454,5.9393939393939394,1.5454545454545454,1.4242424242424243,0.36363636363636365,1.0303030303030303,1.4848484848484849,0.4863636363636364,0.3776455026455026,0.39797979797979804,0.12113194483907061,0.28356895689237827,0.10747430698803698,-0.06060606060606061,10.181818181818182
Lucas Williamson,19.727272727272727,102.36363636363636,11.818181818181818,4.757575757575758,0.2727272727272727,1.7272727272727273,1.0,0.7575757575757576,0.2727272727272727,0.8787878787878788,1.9696969696969697,0.30303030303030304,0.3945165945165945,0.3843434343434344,0.03152353669159187,0.11327337040956276,0.08734475604323294,0.7878787878787878,10.181818181818182
Marques Townes,27.87878787878788,105.45454545454545,22.21212121212121,11.181818181818182,0.6363636363636364,3.272727272727273,2.3636363636363638,1.9696969696969697,0.21212121212121213,0.9393939393939394,1.4242424242424243,0.5419913419913419,0.3505050505050505,0.6136604136604138,0.19189409462747953,0.10822310300751667,0.15696971916550084,-1.6363636363636365,10.181818181818182
