,MP,ORtg,%Ps,Pts,OR,DR,A,TO,Blk,Stl,PF,2Pt %,3Pt %,FT %,2Pt %Att,3Pt %Att,FT %Att,Pnts-Prev,Marg,Maj Cont
Aaron White,29.323529411764707,114.82352941176471,21.323529411764707,15.088235294117647,2.0294117647058822,5.0588235294117645,1.3235294117647058,1.1470588235294117,0.4411764705882353,1.2058823529411764,1.4705882352941178,0.5308506852624499,0.23578431372549016,0.7394607843137254,0.1936871065080543,0.10196680722199755,0.3107999820409828,1.0,7.088235294117647,1.0
Adam Woodbury,19.352941176470587,90.32352941176471,19.529411764705884,6.264705882352941,1.8823529411764706,2.9705882352941178,0.8529411764705882,1.3235294117647058,0.35294117647058826,0.5294117647058824,2.5,0.4326330532212885,0.0,0.46446078431372545,0.13194622336682127,0.0,0.12756713640157558,-0.8823529411764706,7.088235294117647,1.0
Anthony Clemmons,18.676470588235293,93.91176470588235,13.794117647058824,4.411764705882353,0.29411764705882354,1.4705882352941178,1.8235294117647058,1.088235294117647,0.029411764705882353,0.6470588235294118,1.5,0.4083333333333333,0.2647058823529412,0.3953081232492997,0.049338839584449144,0.08924976539072331,0.07346384530477275,-0.8235294117647058,7.088235294117647,1.0
Brady Ellingson,0.9411764705882353,0.0,0.0,0.38235294117647056,0.0,0.0,0.11764705882352941,0.029411764705882353,0.0,0.029411764705882353,0.029411764705882353,0.0,0.06372549019607843,0.014705882352941176,0.0013506950767923267,0.007107843137254902,0.003095975232198142,0.0,7.088235294117647,0.0
Dom Uhl,9.470588235294118,37.088235294117645,6.676470588235294,1.9411764705882353,0.6470588235294118,1.088235294117647,0.4117647058823529,0.6764705882352942,0.20588235294117646,0.23529411764705882,0.7352941176470589,0.23039215686274508,0.08529411764705883,0.1568627450980392,0.034475633631579246,0.044191588400065915,0.039680363209774965,-0.47058823529411764,7.088235294117647,0.0
Gabriel Olaseni,17.558823529411764,100.20588235294117,20.38235294117647,7.764705882352941,2.1176470588235294,2.4705882352941178,0.4117647058823529,1.0294117647058822,1.4705882352941178,0.29411764705882354,2.5,0.48855042016806705,0.0,0.5328682755153344,0.12569284433593114,0.0,0.14341896568808646,1.4705882352941178,7.088235294117647,1.0
Jarrod Uthoff,28.352941176470587,108.8529411764706,19.705882352941178,11.588235294117647,1.6176470588235294,4.294117647058823,1.6764705882352942,1.0,1.588235294117647,1.1176470588235294,1.5,0.42345938375350134,0.3694964349376115,0.48634453781512604,0.14677271235082356,0.241899951461962,0.098575863979562,3.411764705882353,7.088235294117647,1.0
Josh Oglesby,17.676470588235293,78.0,10.852941176470589,3.1470588235294117,0.4117647058823529,1.3823529411764706,1.411764705882353,0.5882352941176471,0.058823529411764705,0.3235294117647059,0.7352941176470589,0.11764705882352941,0.18725490196078431,0.11764705882352941,0.0207695838026852,0.15264739749920048,0.012627156125608137,-0.4117647058823529,7.088235294117647,0.0
Mike Gesell,23.676470588235293,90.32352941176471,19.323529411764707,6.705882352941177,0.35294117647058826,1.5,3.6470588235294117,1.6764705882352942,0.14705882352941177,0.9705882352941176,1.6470588235294117,0.38689945675239784,0.17401960784313725,0.30196078431372547,0.1187692564066974,0.10244825981804677,0.06896906713395279,-1.1176470588235294,7.088235294117647,1.0
Peter Jok,18.58823529411765,80.91176470588235,19.294117647058822,6.5588235294117645,0.6764705882352942,1.7647058823529411,1.2647058823529411,1.2058823529411764,0.11764705882352941,0.5588235294117647,1.7647058823529411,0.33165266106442576,0.28970588235294115,0.40931372549019607,0.09087313890090487,0.18216207460561856,0.04926715323134761,-1.0588235294117647,7.088235294117647,1.0
Trey Dickerson,4.294117647058823,14.441176470588236,4.294117647058823,1.2058823529411764,0.029411764705882353,0.17647058823529413,0.5294117647058824,0.4411764705882353,0.0,0.20588235294117646,0.4411764705882353,0.12401960784313726,0.07352941176470588,0.053921568627450976,0.027500436623496858,0.019502783053365825,0.013710962240374006,-0.47058823529411764,7.088235294117647,0.0
