,MP,ORtg,%Ps,Pts,OR,DR,A,TO,Blk,Stl,PF,2Pt %,3Pt %,FT %,2Pt %Att,3Pt %Att,FT %Att,Pnts-Prev,Marg,Maj Cont
AJ Cheeseman,3.0625,6.65625,1.4375,0.65625,0.0625,0.40625,0.1875,0.25,0.09375,0.0625,0.625,0.15625,0.0,0.0546875,0.012013995614304036,0.0,0.017577442659679504,-0.1875,3.65625,0.0
Bryson Robinson,1.84375,3.3125,0.625,0.25,0.0625,0.125,0.125,0.25,0.0,0.03125,0.125,0.0,0.046875,0.03125,0.002265783225085551,0.010687576312576313,0.00343658357771261,-0.4375,3.65625,0.0
Cameron Reed,2.15625,6.875,1.59375,0.375,0.0625,0.09375,0.09375,0.25,0.03125,0.0,0.4375,0.03125,0.041666666666666664,0.05208333333333333,0.002861232397662383,0.03290598290598291,0.009837092731829575,-0.4375,3.65625,0.0
Christavious Gill,30.71875,103.0,18.4375,11.28125,0.34375,1.78125,2.65625,1.78125,0.09375,1.40625,1.53125,0.4622023809523809,0.3056852002164503,0.5135112283549782,0.09304096887744386,0.43868995359538143,0.10621322177232778,-0.5625,3.65625,1.0
Coleman Edwards,1.3125,0.0,0.0,0.5,0.0,0.15625,0.125,0.0625,0.03125,0.0625,0.21875,0.0625,0.08333333333333333,0.0,0.0022223804473077728,0.02192573051948052,0.0,0.0625,3.65625,0.0
Erik Thomas,31.5625,116.71875,26.09375,18.875,2.90625,4.65625,2.25,2.625,0.34375,1.40625,2.0,0.591942024478789,0.09375,0.7579816017316018,0.2687054825271974,0.03558468119105697,0.2976125426798084,-1.75,3.65625,1.0
Jorge Rosa,11.75,65.28125,10.5,4.46875,0.4375,0.8125,0.59375,0.53125,0.03125,0.4375,0.96875,0.28385416666666663,0.3130208333333333,0.1875,0.03363288796076833,0.18442476050351436,0.028024195638385013,-0.125,3.65625,0.0
Makur Puou,23.71875,90.75,12.71875,5.65625,1.5,3.0,0.84375,1.5,1.21875,0.3125,2.40625,0.515327380952381,0.0,0.23776041666666667,0.11042918696153248,0.0028409090909090914,0.05709921527185593,0.0625,3.65625,1.0
Michael Zeno,16.3125,67.71875,16.5,4.46875,1.15625,1.8125,0.5625,1.59375,0.5,0.5625,1.34375,0.32611945346320353,0.0,0.36718749999999994,0.10557790711291602,0.003968253968253968,0.06842454885635066,-1.0625,3.65625,1.0
Nate Frye,17.96875,78.6875,16.125,7.375,0.96875,1.4375,1.875,1.375,0.09375,0.875,1.6875,0.323434117965368,0.2598958333333333,0.5263163919413919,0.08715182280116751,0.1231043593865285,0.10823053379567883,-0.8125,3.65625,1.0
Tevin Broyles,25.21875,93.25,19.34375,7.71875,0.625,2.03125,2.4375,2.3125,0.03125,0.84375,2.25,0.4809523809523809,0.1875,0.522234623015873,0.10365974692606353,0.10401511395488758,0.1293037893573361,-2.875,3.65625,1.0
Travin Thibodeaux,28.125,91.9375,19.40625,8.3125,2.03125,5.1875,3.1875,2.8125,0.46875,1.40625,3.125,0.4844370039682539,0.0,0.5556547619047618,0.14718860514855137,0.010602678571428572,0.14299083365903556,-1.875,3.65625,1.0
