,MP,ORtg,%Ps,Pts,OR,DR,A,TO,Blk,Stl,PF,2Pt %,3Pt %,FT %,2Pt %Att,3Pt %Att,FT %Att,Pnts-Prev,Marg,Maj Cont
Angel Nunez,4.5,20.026315789473685,3.789473684210526,1.9473684210526316,0.34210526315789475,1.0,0.39473684210526316,0.39473684210526316,0.21052631578947367,0.07894736842105263,0.6578947368421053,0.19736842105263158,0.07236842105263158,0.16447368421052633,0.020950530497654118,0.01952998755630335,0.02864698510983341,-0.21052631578947367,16.289473684210527,0.0
Byron Wesley,24.18421052631579,99.05263157894737,19.657894736842106,9.657894736842104,1.131578947368421,3.210526315789474,2.0789473684210527,1.4736842105263157,0.2894736842105263,0.9473684210526315,1.5,0.47545575769259985,0.10526315789473684,0.5407581453634085,0.15144745074476484,0.04538790417212285,0.17725116572517585,-0.47368421052631576,16.289473684210527,1.0
Connor Griffin,1.368421052631579,3.6842105263157894,0.18421052631578946,0.23684210526315788,0.05263157894736842,0.15789473684210525,0.02631578947368421,0.05263157894736842,0.05263157894736842,0.07894736842105263,0.2631578947368421,0.06578947368421052,0.0,0.02631578947368421,0.004016339297857045,0.0,0.0062134502923976605,0.15789473684210525,16.289473684210527,0.0
Domantas Sabonis,19.289473684210527,104.63157894736842,19.63157894736842,8.5,1.868421052631579,4.342105263157895,0.8421052631578947,1.4210526315789473,0.2894736842105263,0.42105263157894735,2.3947368421052633,0.5976817042606516,0.0,0.486998746867168,0.13575015618021782,0.0,0.14284015491669888,-1.4210526315789473,16.289473684210527,1.0
Eric McClellan,2.8947368421052633,11.105263157894736,2.3421052631578947,0.8421052631578947,0.07894736842105263,0.18421052631578946,0.23684210526315788,0.10526315789473684,0.02631578947368421,0.07894736842105263,0.23684210526315788,0.09210526315789473,0.07894736842105263,0.14035087719298248,0.009590375197441195,0.009986899065846435,0.025019930283088177,0.0,16.289473684210527,0.0
Gary Bell,24.68421052631579,104.15789473684211,13.421052631578947,7.315789473684211,0.23684210526315788,2.026315789473684,1.736842105263158,0.8421052631578947,0.10526315789473684,0.7631578947368421,2.1315789473684212,0.3394736842105263,0.3577694235588973,0.4043859649122807,0.06057866151025366,0.21582452567257848,0.07317741438902022,0.05263157894736842,16.289473684210527,1.0
Josh Perkins,2.6578947368421053,11.868421052631579,1.9210526315789473,0.6578947368421053,0.0,0.13157894736842105,0.4473684210526316,0.2631578947368421,0.05263157894736842,0.10526315789473684,0.18421052631578946,0.02631578947368421,0.03289473684210526,0.039473684210526314,0.004897903673913465,0.012092731829573935,0.004568713450292397,-0.21052631578947367,16.289473684210527,0.0
Kevin Pangos,29.57894736842105,121.97368421052632,15.736842105263158,10.31578947368421,0.42105263157894735,2.026315789473684,4.473684210526316,1.2105263157894737,0.10526315789473684,1.1842105263157894,1.7894736842105263,0.3905388471177944,0.38430451127819537,0.5329678362573099,0.06982634983939223,0.2509251225979676,0.11812943063920738,0.15789473684210525,16.289473684210527,1.0
Kyle Dranginis,15.236842105263158,100.21052631578948,11.105263157894736,3.5789473684210527,0.6842105263157895,1.5,1.4210526315789473,0.7894736842105263,0.3684210526315789,0.5263157894736842,1.8157894736842106,0.40307017543859647,0.25,0.2807017543859649,0.03443887437746988,0.06540529562140283,0.050539492549534104,0.21052631578947367,16.289473684210527,1.0
Kyle Wiltjer,24.42105263157895,113.86842105263158,22.81578947368421,14.921052631578947,1.2105263157894737,4.184210526315789,1.7105263157894737,0.9736842105263158,0.6052631578947368,0.42105263157894735,1.4210526315789473,0.523835959362275,0.41372180451127816,0.5301274018379282,0.18815533226673622,0.2020748153816021,0.12859725724012017,0.10526315789473684,16.289473684210527,1.0
Przemek Karnowski,21.86842105263158,101.44736842105263,20.710526315789473,9.842105263157896,1.631578947368421,3.526315789473684,1.105263157894737,1.4473684210526316,0.868421052631579,0.5,1.9473684210526316,0.5659062428799272,0.02631578947368421,0.3453007518796992,0.18544815805524542,0.001644736842105263,0.11808085990992948,-0.15789473684210525,16.289473684210527,1.0
Silas Melson,7.684210526315789,40.28947368421053,5.973684210526316,2.6315789473684212,0.13157894736842105,0.47368421052631576,0.2631578947368421,0.3157894736842105,0.05263157894736842,0.39473684210526316,0.7105263157894737,0.19160401002506267,0.15845864661654135,0.06798245614035087,0.029636710464317286,0.0718648233657603,0.021671987599965442,0.2631578947368421,16.289473684210527,0.0
