,MP,ORtg,%Ps,Pts,OR,DR,A,TO,Blk,Stl,PF,2Pt %,3Pt %,FT %,2Pt %Att,3Pt %Att,FT %Att,Pnts-Prev,Marg,Maj Cont
Al Freeman,19.542857142857144,89.28571428571429,15.457142857142857,7.857142857142857,0.4857142857142857,1.4285714285714286,1.0285714285714285,1.2571428571428571,0.0,0.37142857142857144,1.0857142857142856,0.34574829931972784,0.2535034013605442,0.48421768707483,0.06912668702191978,0.17624469318281646,0.11399616937593963,-1.7714285714285714,9.142857142857142,1.0
Ishmail Wainright,26.6,102.6,12.428571428571429,5.114285714285714,1.457142857142857,3.2,2.8857142857142857,1.3428571428571427,0.17142857142857143,1.6285714285714286,2.2,0.4423809523809524,0.2627210884353742,0.2261904761904762,0.060139293202576966,0.12844891295519453,0.048531149217169195,0.9142857142857143,9.142857142857142,1.0
Jake Lindsey,20.65714285714286,105.4,12.057142857142857,4.4,0.45714285714285713,1.6285714285714286,2.8857142857142857,0.9714285714285714,0.37142857142857144,0.4857142857142857,1.8571428571428572,0.35904761904761906,0.31190476190476196,0.21571428571428572,0.061697977508342126,0.07245059170939533,0.0436521626685271,-0.22857142857142856,9.142857142857142,1.0
Jo Lual-Acuil,24.114285714285714,101.57142857142857,15.771428571428572,8.371428571428572,2.1142857142857143,4.285714285714286,0.3142857142857143,1.0285714285714285,2.3714285714285714,0.2571428571428571,2.1142857142857143,0.5217913832199546,0.10952380952380951,0.3348979591836735,0.15753246082697236,0.032908545483533405,0.12955949032779338,3.2,9.142857142857142,1.0
Johnathan Motley,27.085714285714285,98.08571428571429,27.457142857142856,15.342857142857143,3.2857142857142856,5.457142857142857,2.1142857142857143,2.5428571428571427,0.9142857142857143,0.2571428571428571,2.7142857142857144,0.47687465637708887,0.16666666666666666,0.599220263863121,0.27740106380045765,0.05173738159172777,0.28610338343952224,-2.742857142857143,9.142857142857142,1.0
King McClure,11.771428571428572,65.28571428571429,10.371428571428572,3.9714285714285715,0.22857142857142856,0.8285714285714286,0.7428571428571429,0.6571428571428571,0.05714285714285714,0.34285714285714286,1.0857142857142856,0.2782312925170068,0.2346938775510204,0.2238095238095238,0.03179004413491755,0.09424863837908712,0.041702979032902314,-0.5142857142857142,9.142857142857142,1.0
Manu Lecomte,25.685714285714287,98.65714285714286,17.82857142857143,10.628571428571428,0.14285714285714285,1.457142857142857,3.342857142857143,1.8,0.05714285714285714,0.7428571428571429,1.6857142857142857,0.3822789115646258,0.34109977324263036,0.44213048855905995,0.08883512943504478,0.24967724321533008,0.12163771707421608,-2.0,9.142857142857142,1.0
Nuni Omot,7.714285714285714,44.22857142857143,7.371428571428571,2.8,0.6,0.7714285714285715,0.14285714285714285,0.45714285714285713,0.17142857142857143,0.08571428571428572,1.0,0.22707482993197278,0.13095238095238096,0.19904761904761906,0.030691244084632505,0.05813308707045606,0.03302839084351689,-0.4,9.142857142857142,0.0
Terry Maston,13.0,68.91428571428571,15.514285714285714,5.514285714285714,1.3142857142857143,1.7142857142857142,0.45714285714285713,1.1142857142857143,0.22857142857142856,0.2857142857142857,1.6285714285714286,0.41915584415584417,0.0,0.3514285714285714,0.11356461428724307,0.005572205572205572,0.0695049984427359,-1.2,9.142857142857142,1.0
Wendell Mitchell,6.085714285714285,31.142857142857142,6.085714285714285,2.085714285714286,0.05714285714285714,0.45714285714285713,0.45714285714285713,0.6571428571428571,0.05714285714285714,0.17142857142857143,0.7714285714285715,0.2442857142857143,0.09809523809523808,0.17857142857142855,0.023507199983607587,0.04486441512596796,0.026569273863391512,-0.8571428571428571,9.142857142857142,0.0
