,MP,ORtg,%Ps,Pts,OR,DR,A,TO,Blk,Stl,PF,2Pt %,3Pt %,FT %,2Pt %Att,3Pt %Att,FT %Att,Pnts-Prev,Marg,Maj Cont
Aaron Tate,21.228571428571428,84.8,9.82857142857143,3.5428571428571427,1.4857142857142858,2.4,0.3142857142857143,0.8285714285714286,0.2571428571428571,0.37142857142857144,1.457142857142857,0.3961224489795918,0.0,0.17142857142857143,0.07795169830937315,0.0,0.03972426732930934,-0.4,1.2,0.0
Andre Frederick,4.571428571428571,16.057142857142857,2.085714285714286,0.8285714285714286,0.34285714285714286,0.4857142857142857,0.05714285714285714,0.2,0.4,0.08571428571428572,0.5142857142857142,0.22142857142857142,0.0,0.04285714285714286,0.016662256827839204,0.0,0.01046691403834261,0.5714285714285714,1.2,0.0
David Appolon,13.142857142857142,60.91428571428571,10.8,3.6,0.8285714285714286,1.2857142857142858,0.9714285714285714,0.8571428571428571,0.0,0.6285714285714286,1.4285714285714286,0.254421768707483,0.08571428571428572,0.30489795918367346,0.06336127471614465,0.022600097461653527,0.08046830853553544,-0.45714285714285713,1.2,0.0
Elijah Minnie,18.37142857142857,95.17142857142858,12.714285714285714,5.828571428571428,1.1428571428571428,2.942857142857143,0.2857142857142857,1.1142857142857143,1.0,0.8857142857142857,1.7714285714285714,0.5248979591836735,0.3,0.30714285714285716,0.07304472245360287,0.08582376547937189,0.0484052772624201,1.542857142857143,1.2,1.0
Jafar Kinsey,4.485714285714286,12.82857142857143,3.057142857142857,0.37142857142857144,0.05714285714285714,0.2857142857142857,0.2857142857142857,0.37142857142857144,0.0,0.08571428571428572,0.5142857142857142,0.02857142857142857,0.04285714285714286,0.0,0.007802999554025546,0.022270382916999457,0.002857142857142857,-0.5714285714285714,1.2,0.0
Kavon Stewart,25.714285714285715,81.54285714285714,17.857142857142858,5.714285714285714,0.4,1.8285714285714285,4.114285714285714,2.342857142857143,0.02857142857142857,1.542857142857143,1.6285714285714286,0.28258503401360546,0.19047619047619047,0.4098011512297227,0.09639408310564564,0.08448075717994762,0.16496108613976815,-1.542857142857143,1.2,1.0
Lionel Gomis,6.885714285714286,44.0,4.914285714285715,0.8,0.4,0.7428571428571429,0.14285714285714285,0.34285714285714286,0.05714285714285714,0.11428571428571428,1.542857142857143,0.15476190476190474,0.0,0.09285714285714286,0.02127601858277982,0.0,0.024057695805594966,-0.34285714285714286,1.2,0.0
Lucky Jones,24.742857142857144,83.25714285714285,22.228571428571428,11.82857142857143,1.1714285714285715,3.8,1.2,2.057142857142857,0.2857142857142857,1.0571428571428572,2.142857142857143,0.34714285714285714,0.2621480107194393,0.576077097505669,0.12052534350039446,0.27924029129449013,0.18224454510058224,-1.4285714285714286,1.2,1.0
Marcquise Reed,25.857142857142858,98.88571428571429,27.057142857142857,13.942857142857143,0.5714285714285714,1.8,1.9428571428571428,2.4857142857142858,0.02857142857142857,1.7714285714285714,1.9428571428571428,0.47393860108145824,0.32523809523809527,0.7154395604395605,0.22021800976926462,0.12517960839315376,0.2191094475331538,-1.3714285714285714,1.2,1.0
Rodney Pryor,27.428571428571427,111.02857142857142,21.942857142857143,14.371428571428572,1.0857142857142856,3.3714285714285714,1.7428571428571429,1.3142857142857143,0.3142857142857143,1.1428571428571428,2.057142857142857,0.527281845138988,0.4214965986394559,0.5197278911564626,0.15016006221340564,0.3066875132710854,0.10525948701158784,0.2857142857142857,1.2,1.0
Stephan Bennett,16.82857142857143,78.94285714285714,13.82857142857143,3.942857142857143,0.7714285714285715,1.0571428571428572,0.42857142857142855,0.7714285714285715,0.4,0.34285714285714286,2.3142857142857145,0.38557823129251695,0.08571428571428572,0.24904761904761905,0.09546067382466726,0.016574726860441147,0.06530297124370543,-0.05714285714285714,1.2,0.0
