,MP,ORtg,%Ps,Pts,OR,DR,A,TO,Blk,Stl,PF,2Pt %,3Pt %,FT %,2Pt %Att,3Pt %Att,FT %Att,Pnts-Prev,Marg
Aaron Korn,15.375,87.0625,14.40625,4.28125,1.0625,2.6875,1.0625,0.8125,0.0625,0.34375,1.5,0.359375,0.23489583333333336,0.2484375,0.033453535902560984,0.0965963822564788,0.046903454981653575,-0.8125,5.0625
Andrew Fleming,8.21875,31.125,8.96875,2.875,0.4375,0.75,0.5625,1.0625,0.03125,0.1875,1.03125,0.27187500000000003,0.13541666666666669,0.33742559523809523,0.047468088060121635,0.04534376851249105,0.05695808116072438,-1.6875,5.0625
Asa Duvall,1.71875,3.375,0.96875,0.15625,0.0625,0.1875,0.0625,0.03125,0.0625,0.0625,0.09375,0.03125,0.0,0.028125,0.001983173076923077,0.005749914148351649,0.008364121510673235,0.1875,5.0625
Eli Pepper,24.21875,101.25,16.65625,7.0,1.875,6.0625,1.9375,1.84375,0.65625,0.5,3.0625,0.6533978174603174,0.203125,0.38020833333333337,0.10213870152654236,0.06946747688891805,0.09664492065639194,-1.375,5.0625
Garrison Mathews,30.4375,117.25,28.0,22.09375,1.25,4.28125,1.6875,2.1875,0.28125,0.90625,2.53125,0.5887474915435441,0.3929383116883117,0.7478586747198881,0.17699941087028945,0.29337217980294145,0.3171009053155459,-2.0,5.0625
George Brammeier,8.0625,20.96875,5.53125,2.53125,0.6875,0.90625,0.125,0.6875,0.09375,0.34375,1.53125,0.37109375,0.0,0.15104166666666666,0.054523432782118034,0.0,0.037945456579537185,-0.5,5.0625
Greg Jones,10.65625,31.9375,8.78125,2.34375,0.1875,0.65625,0.625,0.71875,0.125,0.34375,0.96875,0.23177083333333334,0.15520833333333334,0.125,0.0315649785111481,0.06802372342816963,0.011085785989036763,-0.5,5.0625
John Matt Merritt,1.65625,5.53125,0.28125,0.5,0.0625,0.09375,0.09375,0.0625,0.0,0.03125,0.25,0.09375,0.09375,0.015625,0.005314603752103752,0.006441538345410628,0.0028409090909090914,-0.0625,5.0625
Kenny Cooper,25.5,84.71875,22.1875,9.3125,0.5,1.875,3.71875,2.84375,0.28125,1.96875,2.53125,0.43546626984126996,0.11562499999999998,0.5078311011904763,0.16902425911485416,0.068227527761876,0.14799509296267374,-1.1875,5.0625
Matt Rose,19.96875,108.4375,17.1875,8.375,0.65625,2.28125,0.96875,0.75,0.1875,0.21875,1.5625,0.3359375,0.34167906746031745,0.3999255952380953,0.03540813627588725,0.211061800418888,0.06578763046754602,-0.6875,5.0625
Michael Buckland,28.3125,92.125,13.3125,7.0,0.5625,3.4375,2.9375,2.0,0.65625,0.90625,2.5625,0.30059523809523814,0.30111607142857144,0.391889880952381,0.05670175595540644,0.13446568843647472,0.07287843249534143,-0.875,5.0625
Rob Marberry,28.5625,123.5,21.46875,16.03125,1.96875,3.8125,1.90625,1.46875,0.6875,0.65625,2.25,0.6193814089784485,0.0,0.5841465643274855,0.2854199241720448,0.00125,0.1354952087899668,-0.25,5.0625
