,MP,ORtg,%Ps,Pts,OR,DR,A,TO,Blk,Stl,PF,2Pt %,3Pt %,FT %,2Pt %Att,3Pt %Att,FT %Att,Pnts-Prev,Marg,Maj Cont
Akolda Manyang,5.027027027027027,18.37837837837838,4.297297297297297,1.6486486486486487,0.40540540540540543,0.8918918918918919,0.0,0.35135135135135137,0.8378378378378378,0.02702702702702703,0.918918918918919,0.21138996138996138,0.0,0.1554054054054054,0.031646983872752034,0.0,0.03179197590962297,1.027027027027027,8.621621621621621,0.0
Buddy Hield,30.2972972972973,106.24324324324324,24.62162162162162,21.594594594594593,0.9459459459459459,3.891891891891892,1.8108108108108107,2.5675675675675675,0.43243243243243246,1.027027027027027,1.7837837837837838,0.4665433290433292,0.3902332652332651,0.7162132912132911,0.18590486519935534,0.3001685034777332,0.22465426814211975,-2.2162162162162162,8.621621621621621,1.0
Christian James,6.621621621621622,35.7027027027027,5.8108108108108105,2.108108108108108,0.1891891891891892,0.9459459459459459,0.2702702702702703,0.4864864864864865,0.08108108108108109,0.21621621621621623,0.6216216216216216,0.1608108108108108,0.17027027027027025,0.20270270270270271,0.01859999575591408,0.025765079940294963,0.033409170909170914,-0.3783783783783784,8.621621621621621,1.0
Dante Buford,10.513513513513514,67.0,10.91891891891892,3.0,0.5135135135135135,1.1081081081081081,0.40540540540540543,0.5945945945945946,0.24324324324324326,0.21621621621621623,0.8648648648648649,0.2211711711711712,0.17567567567567569,0.31148648648648647,0.051902285175612815,0.036695949440128814,0.06825063313554362,-0.2702702702702703,8.621621621621621,0.0
Dinjiyl Walker,11.297297297297296,64.62162162162163,10.405405405405405,3.2162162162162162,0.2972972972972973,1.054054054054054,0.7567567567567568,0.6756756756756757,0.02702702702702703,0.4594594594594595,1.135135135135135,0.2472972972972973,0.25765765765765763,0.0972972972972973,0.03230108596875765,0.08105782146427265,0.01978345184227537,-0.3783783783783784,8.621621621621621,0.0
Isaiah Cousins,28.972972972972972,94.29729729729729,19.027027027027028,11.243243243243244,0.6216216216216216,3.3783783783783785,3.945945945945946,1.9189189189189189,0.21621621621621623,1.2432432432432432,1.4594594594594594,0.3698490698490699,0.36666666666666675,0.45016087516087516,0.17344320789828646,0.14901788281431663,0.12691918918901016,-0.918918918918919,8.621621621621621,1.0
Jamuni McNeace,4.216216216216216,12.864864864864865,1.2162162162162162,0.7027027027027027,0.32432432432432434,0.5405405405405406,0.02702702702702703,0.21621621621621623,0.10810810810810811,0.05405405405405406,0.8108108108108109,0.12612612612612614,0.0,0.0945945945945946,0.014363078859624278,0.0,0.02570487570487571,-0.10810810810810811,8.621621621621621,0.0
Jordan Woodard,25.72972972972973,97.08108108108108,17.91891891891892,10.864864864864865,0.6486486486486487,1.9189189189189189,2.972972972972973,1.3783783783783783,0.16216216216216217,1.3783783783783783,2.027027027027027,0.3036387036387036,0.37947232947232945,0.529890604890605,0.12522446701718604,0.16922708159546201,0.13417271248473295,0.32432432432432434,8.621621621621621,1.0
Khadeem Lattin,19.27027027027027,88.27027027027027,10.756756756756756,4.702702702702703,1.864864864864865,2.918918918918919,0.5945945945945946,0.7567567567567568,1.9189189189189189,0.8378378378378378,2.5135135135135136,0.41930501930501934,0.0,0.27927927927927926,0.09972194111409345,0.0011750881316098707,0.07099953055835409,4.0,8.621621621621621,1.0
Rashard Odomes,2.7027027027027026,12.297297297297296,2.324324324324324,0.8378378378378378,0.10810810810810811,0.2702702702702703,0.16216216216216217,0.32432432432432434,0.0,0.05405405405405406,0.2702702702702703,0.06981981981981983,0.02702702702702703,0.07657657657657657,0.01253440568791918,0.004343629343629344,0.02298368298368299,-0.5405405405405406,8.621621621621621,0.0
Ryan Spangler,28.756756756756758,101.86486486486487,13.81081081081081,9.324324324324325,2.1621621621621623,5.972972972972973,1.6216216216216217,1.4864864864864864,0.4864864864864865,0.40540540540540543,1.945945945945946,0.5888996138996139,0.259009009009009,0.3866795366795367,0.11922254831536354,0.09741382865741738,0.1061953740054763,-1.1891891891891893,8.621621621621621,1.0
