,MP,ORtg,%Ps,Pts,OR,DR,A,TO,Blk,Stl,PF,2Pt %,3Pt %,FT %,2Pt %Att,3Pt %Att,FT %Att,Pnts-Prev,Marg,Maj Cont
Ashton Pankey,17.12121212121212,96.51515151515152,20.363636363636363,6.636363636363637,1.393939393939394,2.787878787878788,0.21212121212121213,1.393939393939394,1.0303030303030303,0.24242424242424243,2.9696969696969697,0.5730158730158731,0.0,0.4446969696969697,0.10969969279158233,0.0,0.12304858017273591,-0.24242424242424243,7.151515151515151,1.0
Carlton Allen,2.484848484848485,0.0,0.0,0.21212121212121213,0.12121212121212122,0.15151515151515152,0.0,0.12121212121212122,0.18181818181818182,0.030303030303030304,0.7272727272727273,0.030303030303030304,0.0,0.07323232323232323,0.005656683741874896,0.0,0.00983949037498609,0.18181818181818182,7.151515151515151,0.0
CJ Jones,2.727272727272727,9.636363636363637,2.606060606060606,0.42424242424242425,0.09090909090909091,0.18181818181818182,0.2727272727272727,0.18181818181818182,0.0,0.06060606060606061,0.30303030303030304,0.0404040404040404,0.03787878787878788,0.06060606060606061,0.007727155359081023,0.017489532072865403,0.00578911646105322,-0.24242424242424243,7.151515151515151,0.0
Donovan Kates,13.636363636363637,62.75757575757576,9.272727272727273,2.3333333333333335,0.42424242424242425,1.0606060606060606,0.5454545454545454,0.9696969696969697,0.030303030303030304,0.36363636363636365,1.0303030303030303,0.12373737373737376,0.1525252525252525,0.26515151515151514,0.018186460887299766,0.08087912408304546,0.03476695273036329,-1.1515151515151516,7.151515151515151,0.0
Emmy Andujar,22.424242424242426,105.03030303030303,20.666666666666668,8.242424242424242,1.9696969696969697,3.212121212121212,2.121212121212121,2.0,0.3939393939393939,1.1515151515151516,2.606060606060606,0.5635712871006988,0.12121212121212122,0.4896464646464647,0.13563671608959058,0.015931294988312528,0.10932488848352664,-0.9090909090909091,7.151515151515151,1.0
George Beamon,27.303030303030305,93.03030303030303,23.727272727272727,16.90909090909091,1.4545454545454546,4.303030303030303,0.696969696969697,1.6666666666666667,0.30303030303030304,1.3636363636363635,1.9696969696969697,0.37380721130721134,0.2882810791901701,0.6665600813328086,0.2161335403425901,0.22995568156748034,0.20847464817007258,0.0,7.151515151515151,1.0
Michael Alvarado,23.515151515151516,91.9090909090909,23.87878787878788,11.272727272727273,0.48484848484848486,2.1515151515151514,3.757575757575758,2.121212121212121,0.12121212121212122,1.303030303030303,2.0606060606060606,0.43828010472395496,0.18686868686868688,0.513952043698033,0.16044410566380565,0.07077416611516187,0.18575683842109095,-1.393939393939394,7.151515151515151,1.0
RaShawn Stores,21.848484848484848,105.39393939393939,12.242424242424242,4.9393939393939394,0.48484848484848486,1.5151515151515151,1.9090909090909092,0.9090909090909091,0.030303030303030304,1.0909090909090908,2.757575757575758,0.26515151515151514,0.3621212121212122,0.41717171717171714,0.03377479286520885,0.16066932915235735,0.04065695300875763,0.42424242424242425,7.151515151515151,1.0
Rhamel Brown,23.242424242424242,103.27272727272727,20.90909090909091,9.787878787878787,2.696969696969697,3.090909090909091,0.6666666666666666,1.4242424242424243,3.5454545454545454,0.6363636363636364,2.909090909090909,0.5228814115177752,0.0,0.4818783068783068,0.17844011873799762,0.0,0.1450152266156373,5.515151515151516,7.151515151515151,1.0
Rich Williams,10.93939393939394,56.333333333333336,11.030303030303031,4.0,0.7575757575757576,1.2424242424242424,0.42424242424242425,1.121212121212121,0.18181818181818182,0.30303030303030304,1.606060606060606,0.3936026936026936,0.16262626262626265,0.22727272727272727,0.04882949828362699,0.05508685622061948,0.03034741382936805,-1.2727272727272727,7.151515151515151,0.0
Shane Richards,21.09090909090909,122.6969696969697,14.030303030303031,8.272727272727273,0.3333333333333333,1.3636363636363635,0.6666666666666666,0.5454545454545454,0.09090909090909091,0.6666666666666666,2.090909090909091,0.16161616161616163,0.43276815776815775,0.32323232323232326,0.014126313071837218,0.3360783109253223,0.03539261672825245,0.42424242424242425,7.151515151515151,0.0
Tyler Wilson,12.0,54.15151515151515,9.151515151515152,2.0,0.18181818181818182,0.8181818181818182,1.5151515151515151,1.0606060606060606,0.0,0.8181818181818182,2.3333333333333335,0.21789321789321786,0.030303030303030304,0.2554112554112554,0.04104189186247471,0.0028326745718050064,0.04128424470112554,-0.48484848484848486,7.151515151515151,1.0
