,MP,ORtg,%Ps,Pts,OR,DR,A,TO,Blk,Stl,PF,2Pt %,3Pt %,FT %,2Pt %Att,3Pt %Att,FT %Att,Pnts-Prev,Marg,Maj Cont
Anthony Drmic,30.90625,114.90625,26.5625,16.78125,0.90625,3.5625,2.3125,2.03125,0.25,0.625,2.96875,0.5016887626262627,0.363866341991342,0.5811113365800865,0.16857754442881528,0.308685785712682,0.24740925030061653,-2.3125,8.03125,1.0
Derrick Marks,28.15625,97.65625,29.0,15.3125,0.5625,2.90625,3.65625,3.15625,0.40625,1.71875,2.78125,0.4373967943820886,0.3376488095238095,0.6765816648629149,0.2588095356648672,0.08841118848471788,0.2867558300011267,-2.0625,8.03125,1.0
Igor Hadziomerovic,22.71875,77.0,14.375,4.6875,0.4375,2.1875,1.71875,1.34375,0.1875,0.75,2.03125,0.31603422619047616,0.1941220238095238,0.2890625,0.08130405828277452,0.09736984687497459,0.07387223298128186,-0.8125,8.03125,1.0
Jeff Elorriaga,29.4375,112.375,11.96875,9.0,0.28125,2.75,1.875,0.59375,0.0,1.125,2.0,0.31249999999999994,0.33998015873015874,0.22395833333333331,0.03212403878658823,0.2738320938857898,0.03951915238364729,1.0625,8.03125,1.0
Joe Hanstad,5.875,26.0,2.125,0.96875,0.0625,0.28125,0.46875,0.25,0.03125,0.3125,0.46875,0.08333333333333333,0.09375,0.0625,0.00833824408950183,0.021787759328877748,0.015493697478991595,0.1875,8.03125,0.0
Kenny Buckner,15.75,108.59375,13.21875,4.46875,1.65625,2.84375,0.40625,0.5625,0.21875,0.46875,1.96875,0.48124999999999996,0.0,0.265625,0.08776452244511496,0.0011574074074074073,0.05898856991481891,0.25,8.03125,1.0
Mikey Thompson,23.53125,80.46875,18.1875,7.34375,0.53125,1.625,1.25,1.65625,0.03125,0.5,1.375,0.35629171176046176,0.27760416666666665,0.4614583333333333,0.1346602931960993,0.09602421024537898,0.11594072940410982,-2.25,8.03125,1.0
Ryan Watkins,20.75,126.375,19.46875,8.09375,3.0625,3.5625,0.4375,0.96875,0.375,0.59375,2.84375,0.6028015387390389,0.03125,0.4296875,0.15045528406303346,0.002946820175438596,0.09914912625377302,0.0,8.03125,1.0
Thomas Bropleh,11.84375,70.03125,10.78125,3.3125,0.375,1.34375,0.625,0.53125,0.03125,0.25,1.3125,0.31510416666666663,0.24218749999999997,0.20833333333333334,0.04671647904320512,0.0785348878847331,0.031621411281634246,-0.5,8.03125,0.0
