,MP,ORtg,%Ps,Pts,OR,DR,A,TO,Blk,Stl,PF,2Pt %,3Pt %,FT %,2Pt %Att,3Pt %Att,FT %Att,Pnts-Prev,Marg,Maj Cont
Dominique Collier,21.91176470588235,94.23529411764706,19.441176470588236,7.294117647058823,0.2647058823529412,1.8823529411764706,2.588235294117647,2.0,0.11764705882352941,1.088235294117647,2.7941176470588234,0.240406162464986,0.3933473389355742,0.4474789915966387,0.08038736134451585,0.13428723004489276,0.0855358161706223,-1.588235294117647,5.176470588235294,1.0
George King,24.58823529411765,106.3529411764706,23.147058823529413,13.411764705882353,1.6176470588235294,3.0588235294117645,0.6764705882352942,1.8529411764705883,0.20588235294117646,0.38235294117647056,1.7058823529411764,0.4208800186741363,0.41603641456582635,0.6150443510737628,0.1357186001296429,0.23377676572314243,0.16697797941146866,-2.5294117647058822,5.176470588235294,1.0
Josh Fortune,22.352941176470587,96.02941176470588,23.5,10.117647058823529,0.6470588235294118,3.235294117647059,2.176470588235294,2.088235294117647,0.17647058823529413,0.7058823529411765,1.7647058823529411,0.4006535947712418,0.3543650793650794,0.4183006535947712,0.10908383688631586,0.21875998906369748,0.0949507281340524,-2.411764705882353,5.176470588235294,1.0
Josh Scott,27.735294117647058,110.91176470588235,21.11764705882353,14.705882352941176,2.4705882352941178,5.5,1.7058823529411764,1.1764705882352942,1.5,0.5588235294117647,1.6176470588235294,0.5094716749993565,0.08823529411764706,0.6561921738392327,0.24516503464202663,0.01258100842213778,0.22371941198491013,1.7647058823529411,5.176470588235294,1.0
Kenan Guzonjic,1.5588235294117647,0.0,0.0,0.5882352941176471,0.17647058823529413,0.23529411764705882,0.029411764705882353,0.17647058823529413,0.029411764705882353,0.0,0.2647058823529412,0.09411764705882353,0.04411764705882353,0.03676470588235294,0.010770469213913466,0.0056278804427949665,0.007009803921568628,-0.29411764705882354,5.176470588235294,0.0
Thomas Akyazili,15.117647058823529,82.94117647058823,11.882352941176471,3.6176470588235294,0.08823529411764706,1.411764705882353,1.5294117647058822,0.8529411764705882,0.23529411764705882,0.47058823529411764,2.2058823529411766,0.3254901960784314,0.22303921568627447,0.25630252100840334,0.04428579569595331,0.08693989851420386,0.03807509560866338,-0.29411764705882354,5.176470588235294,1.0
Tory Miller,14.941176470588236,81.02941176470588,17.205882352941178,5.235294117647059,1.8529411764705883,2.5294117647058822,0.17647058823529413,1.0294117647058822,0.35294117647058826,0.29411764705882354,1.5,0.4159483490365843,0.0,0.34803921568627455,0.100672205569205,0.0057660515186466746,0.08609459410265134,-0.7647058823529411,5.176470588235294,1.0
Tre'Shaun Fletcher,19.176470588235293,95.23529411764706,17.264705882352942,6.9411764705882355,0.7352941176470589,1.6176470588235294,1.1176470588235294,1.2647058823529411,0.17647058823529413,0.38235294117647056,1.9411764705882353,0.3936274509803922,0.31862745098039214,0.526470588235294,0.06336279677778367,0.15647943073671342,0.08075621332093146,-1.411764705882353,5.176470588235294,1.0
Wesley Gordon,26.91176470588235,101.32352941176471,14.764705882352942,6.970588235294118,2.8529411764705883,4.529411764705882,1.2647058823529411,1.0588235294117647,1.9411764705882353,0.38235294117647056,2.2058823529411766,0.3661531279178339,0.1323529411764706,0.48559545030133267,0.12425331429730022,0.025227015079728608,0.1374674463867867,2.5294117647058822,5.176470588235294,1.0
Xavier Talton,19.735294117647058,89.70588235294117,13.941176470588236,4.5588235294117645,0.4411764705882353,1.9411764705882353,1.911764705882353,1.2058823529411764,0.08823529411764706,0.7352941176470589,2.0294117647058822,0.3014705882352941,0.3235294117647059,0.3897058823529412,0.056888820737460634,0.09114296574815961,0.05000114625246263,-0.7647058823529411,5.176470588235294,1.0
