,MP,ORtg,%Ps,Pts,OR,DR,A,TO,Blk,Stl,PF,2Pt %,3Pt %,FT %,2Pt %Att,3Pt %Att,FT %Att,Pnts-Prev,Marg,Maj Cont
Angel Rodriguez,27.114285714285714,98.48571428571428,22.142857142857142,10.714285714285714,0.6285714285714286,1.6285714285714286,4.0285714285714285,2.142857142857143,0.14285714285714285,1.4,2.342857142857143,0.5104308390022675,0.29799319727891155,0.6067316017316017,0.11306760541989866,0.22721096396184376,0.13290370205181848,-1.2,8.057142857142857,1.0
Anthony Lawrence,10.257142857142858,74.57142857142857,8.028571428571428,3.657142857142857,0.7714285714285715,0.9428571428571428,0.7714285714285715,0.3142857142857143,0.2571428571428571,0.4,1.0285714285714285,0.3719047619047619,0.21904761904761902,0.22285714285714286,0.03648214006692178,0.06644238376301911,0.04733582992760348,0.6857142857142857,8.057142857142857,1.0
Davon Reed,25.885714285714286,105.85714285714286,16.942857142857143,10.285714285714286,0.5428571428571428,3.0285714285714285,1.1428571428571428,1.0571428571428572,0.4,0.7142857142857143,1.8571428571428572,0.4330498866213152,0.32578231292517007,0.5995238095238096,0.11094643621334105,0.16939573708537997,0.13816646241298663,0.11428571428571428,8.057142857142857,1.0
Ebuka Izundu,2.1714285714285713,7.542857142857143,1.5142857142857142,0.9142857142857143,0.3142857142857143,0.17142857142857143,0.08571428571428572,0.14285714285714285,0.05714285714285714,0.05714285714285714,0.4857142857142857,0.16,0.0,0.06802721088435375,0.011691370581113001,0.0,0.01846880938610262,-0.05714285714285714,8.057142857142857,0.0
Ivan Cruz Uceda,12.028571428571428,81.28571428571429,10.028571428571428,4.771428571428571,0.45714285714285713,1.8285714285714285,0.17142857142857143,0.5428571428571428,0.2,0.17142857142857143,1.542857142857143,0.3333333333333333,0.3353741496598639,0.14285714285714285,0.026010697089722676,0.1357478775116219,0.012229647103596683,-0.34285714285714286,8.057142857142857,0.0
Ja'Quan Newton,18.285714285714285,82.05714285714286,22.37142857142857,8.914285714285715,0.4,1.5714285714285714,2.0285714285714285,1.6857142857142857,0.14285714285714285,0.7428571428571429,1.2,0.382497423211709,0.18571428571428572,0.543229231086374,0.14769941317245724,0.040270170858185,0.16899482484688144,-1.6,8.057142857142857,1.0
James Palmer,10.885714285714286,56.77142857142857,8.714285714285714,3.142857142857143,0.2857142857142857,0.7714285714285715,0.7142857142857143,0.45714285714285713,0.14285714285714285,0.4,0.5428571428571428,0.31581632653061226,0.1261904761904762,0.2785714285714286,0.04736964337202922,0.07033940227502138,0.04102147013469437,0.17142857142857143,8.057142857142857,0.0
Kamari Murphy,19.97142857142857,85.37142857142857,11.82857142857143,4.542857142857143,1.2285714285714286,3.5714285714285716,0.4,0.6857142857142857,0.6857142857142857,0.3142857142857143,1.6571428571428573,0.4162131519274377,0.0,0.1976190476190476,0.10506592568376664,0.010037816377931372,0.05637042851328566,0.6285714285714286,8.057142857142857,1.0
Sheldon McClellan,29.714285714285715,117.85714285714286,19.17142857142857,14.457142857142857,0.4857142857142857,2.4285714285714284,1.542857142857143,1.0857142857142856,0.2571428571428571,0.9714285714285714,1.6571428571428573,0.5028631685774544,0.4011111111111111,0.7598526077097507,0.15361119132676082,0.19002769785643853,0.21899404530996935,0.2857142857142857,8.057142857142857,1.0
Tonye Jekiri,26.514285714285716,98.8,15.8,7.3428571428571425,2.5714285714285716,5.6,0.8285714285714286,1.3142857142857143,1.0,0.37142857142857144,2.7142857142857144,0.5010544217687075,0.0,0.34190476190476193,0.16234129135970318,0.004813664596273291,0.07980049459877547,0.11428571428571428,8.057142857142857,1.0
