,MP,ORtg,%Ps,Pts,OR,DR,A,TO,Blk,Stl,PF,2Pt %,3Pt %,FT %,2Pt %Att,3Pt %Att,FT %Att,Pnts-Prev,Marg,Maj Cont
Cameron Forte,11.575757575757576,59.09090909090909,8.636363636363637,3.515151515151515,1.0,1.4848484848484849,0.696969696969697,0.6363636363636364,0.21212121212121213,0.2727272727272727,0.6363636363636364,0.43007455507455505,0.0,0.21010101010101012,0.0682980996922915,0.002331002331002331,0.04746712472063506,-0.30303030303030304,4.03030303030303,1.0
Charles Mann,29.606060606060606,87.42424242424242,25.03030303030303,10.606060606060606,0.6666666666666666,4.181818181818182,3.5757575757575757,3.1515151515151514,0.12121212121212122,0.6060606060606061,2.878787878787879,0.4125280443462261,0.17604617604617606,0.5875494182980815,0.16495723303491974,0.08926291486191877,0.24794941153457464,-4.848484848484849,4.03030303030303,1.0
Houston Kessler,5.484848484848484,22.78787878787879,1.8484848484848484,0.7878787878787878,0.30303030303030304,0.5151515151515151,0.0,0.2727272727272727,0.12121212121212122,0.06060606060606061,0.6666666666666666,0.13636363636363635,0.0505050505050505,0.07575757575757576,0.014454591873852646,0.01928705352618396,0.013517400473922215,-0.18181818181818182,4.03030303030303,0.0
JJ Frazier,27.454545454545453,111.57575757575758,16.606060606060606,9.212121212121213,0.696969696969697,2.878787878787879,3.090909090909091,1.393939393939394,0.12121212121212122,1.121212121212121,2.1818181818181817,0.2994227994227994,0.3641053391053391,0.6195804195804195,0.07111821845021067,0.2337861478355121,0.12779623884428337,-0.30303030303030304,4.03030303030303,1.0
Juwan Parker,11.030303030303031,42.03030303030303,7.0606060606060606,2.6666666666666665,0.48484848484848486,1.5454545454545454,0.45454545454545453,0.6363636363636364,0.06060606060606061,0.3333333333333333,0.9393939393939394,0.2196969696969697,0.08585858585858586,0.27979797979797977,0.04183524445492806,0.04916535484717303,0.045735650739398864,-0.48484848484848486,4.03030303030303,0.0
Kenny Gaines,27.575757575757574,96.12121212121212,18.78787878787879,10.545454545454545,0.696969696969697,2.515151515151515,1.5151515151515151,1.393939393939394,0.8484848484848485,1.0303030303030303,2.242424242424242,0.43727753727753726,0.3084415584415585,0.5224747474747475,0.11979849771783435,0.2742467494047603,0.08796750508439018,0.9696969696969697,4.03030303030303,1.0
Kenny Paul Geno,7.303030303030303,26.606060606060606,3.6363636363636362,1.0909090909090908,0.2727272727272727,0.7272727272727273,0.24242424242424243,0.21212121212121213,0.12121212121212122,0.18181818181818182,0.7878787878787878,0.19696969696969696,0.045454545454545456,0.1111111111111111,0.017249539741227546,0.017565359477124183,0.017282260760521632,0.18181818181818182,4.03030303030303,0.0
Marcus Thornton,26.424242424242426,96.21212121212122,20.606060606060606,11.212121212121213,1.5757575757575757,4.96969696969697,0.8787878787878788,1.3333333333333333,1.0606060606060606,0.6666666666666666,2.727272727272727,0.44684818548454913,0.18181818181818182,0.596127946127946,0.2081989676677566,0.048768039308182964,0.17194258600108092,0.7878787878787878,4.03030303030303,1.0
Nemanja Djurisic,29.0,103.21212121212122,19.818181818181817,10.787878787878787,1.7272727272727273,3.1515151515151514,1.393939393939394,1.8181818181818181,0.48484848484848486,0.696969696969697,2.1818181818181817,0.5187469937469936,0.3022126022126022,0.6010101010101011,0.14731098266415849,0.17349392404688604,0.11682150097325573,-1.2727272727272727,4.03030303030303,1.0
Osahen Iduwe,0.8181818181818182,0.0,0.0,0.0,0.0,0.030303030303030304,0.0,0.0,0.030303030303030304,0.06060606060606061,0.12121212121212122,0.0,0.0,0.0,0.0016229952805005658,0.0,0.0,0.18181818181818182,4.03030303030303,0.0
Taylor Echols,4.848484848484849,32.18181818181818,2.272727272727273,1.0606060606060606,0.0,0.3939393939393939,0.12121212121212122,0.36363636363636365,0.0,0.09090909090909091,0.3939393939393939,0.0,0.16969696969696968,0.030303030303030304,0.000704721634954193,0.06010692237472424,0.007685551163812032,-0.5454545454545454,4.03030303030303,0.0
Yante Maten,17.272727272727273,86.21212121212122,16.96969696969697,4.787878787878788,1.696969696969697,2.3333333333333335,0.24242424242424243,0.9090909090909091,1.3333333333333333,0.30303030303030304,2.0303030303030303,0.35642135642135647,0.0,0.5277777777777778,0.11414787748433526,0.0016835016835016834,0.08553173940109504,1.4545454545454546,4.03030303030303,1.0
