,MP,ORtg,%Ps,Pts,OR,DR,A,TO,Blk,Stl,PF,2Pt %,3Pt %,FT %,2Pt %Att,3Pt %Att,FT %Att,Pnts-Prev,Marg
Anthony Smith,14.419354838709678,81.93548387096774,12.419354838709678,3.6129032258064515,1.4516129032258065,1.935483870967742,0.2903225806451613,1.1935483870967742,0.5806451612903226,0.6129032258064516,2.838709677419355,0.3548387096774193,0.03225806451612903,0.432846902201741,0.05505185117128063,0.0031284760845383757,0.10517737495326547,0.0,13.387096774193548
Brion Sanchious,17.451612903225808,101.2258064516129,8.419354838709678,3.0,1.032258064516129,1.8064516129032258,0.25806451612903225,0.6774193548387096,0.3870967741935484,0.5806451612903226,2.0,0.5132872503840246,0.0,0.12473118279569892,0.06739148115750872,0.0,0.04320459875289197,0.5806451612903226,13.387096774193548
Byron Hawkins,17.677419354838708,100.19354838709677,15.193548387096774,6.67741935483871,0.4838709677419355,0.7096774193548387,0.9354838709677419,0.7741935483870968,0.0,0.6129032258064516,1.4193548387096775,0.3655913978494623,0.3370199692780338,0.47043010752688175,0.06362053443357342,0.1308944397490771,0.09041294123984475,-0.3225806451612903,13.387096774193548
Jachai Taylor,2.774193548387097,9.32258064516129,1.2903225806451613,0.4838709677419355,0.03225806451612903,0.2903225806451613,0.0,0.06451612903225806,0.03225806451612903,0.03225806451612903,0.3548387096774194,0.03763440860215053,0.04838709677419355,0.0,0.0067699664473858025,0.017602290182935347,0.002224694104560623,0.0,13.387096774193548
Jalen Dupree,16.387096774193548,91.12903225806451,13.193548387096774,5.419354838709677,1.8387096774193548,2.2903225806451615,0.12903225806451613,0.7419354838709677,0.7419354838709677,0.22580645161290322,2.129032258064516,0.41836335707303446,0.0,0.4577188940092166,0.09344835396211888,0.0,0.13837356890627098,0.45161290322580644,13.387096774193548
Jonathan Stark,36.32258064516129,124.41935483870968,26.903225806451612,21.806451612903224,0.3870967741935484,2.3548387096774195,3.935483870967742,2.4516129032258065,0.1935483870967742,1.3548387096774193,1.7096774193548387,0.530224166514489,0.40893962668156214,0.7043906810035842,0.20176961380153038,0.3947508439120157,0.2034653571655127,-1.8064516129032258,13.387096774193548
Leroy Buchanan,27.35483870967742,108.25806451612904,16.967741935483872,9.225806451612904,1.064516129032258,2.935483870967742,1.064516129032258,1.3225806451612903,0.3870967741935484,1.6129032258064515,2.096774193548387,0.6041788856304985,0.19516129032258064,0.44477726574500775,0.15202572715621795,0.09277179536839318,0.08288435580803527,1.3548387096774193,13.387096774193548
Temetrius Morant,33.935483870967744,121.29032258064517,23.032258064516128,12.67741935483871,1.7096774193548387,4.903225806451613,6.419354838709677,2.4516129032258065,0.3225806451612903,0.9354838709677419,1.935483870967742,0.5202974444909929,0.29877112135176653,0.755862775217614,0.19025761695302737,0.12449448894133662,0.2156031982029836,-2.3870967741935485,13.387096774193548
Terrell Miller,30.419354838709676,119.06451612903226,21.516129032258064,14.709677419354838,0.967741935483871,7.354838709677419,1.5806451612903225,1.7419354838709677,0.4838709677419355,0.7741935483870968,2.4516129032258065,0.6352965135223201,0.3966717869943677,0.5370967741935483,0.16966485491735672,0.23635766576170358,0.11865391086663468,-0.967741935483871,13.387096774193548
