,MP,ORtg,%Ps,Pts,OR,DR,A,TO,Blk,Stl,PF,2Pt %,3Pt %,FT %,2Pt %Att,3Pt %Att,FT %Att,Pnts-Prev,Marg,Maj Cont
Arsalan Kazemi,24.64864864864865,105.48648648648648,15.18918918918919,8.054054054054054,2.2162162162162162,6.027027027027027,1.1081081081081081,1.2972972972972974,0.5405405405405406,1.7837837837837838,1.5405405405405406,0.513137313137313,0.0,0.5415428415428415,0.11068322087597794,0.0009652509652509652,0.1768970808064881,2.054054054054054,7.45945945945946,1.0
Ben Carter,9.72972972972973,40.75675675675676,5.972972972972973,2.3783783783783785,0.918918918918919,1.2702702702702702,0.4864864864864865,0.5675675675675675,0.2972972972972973,0.5135135135135135,1.1891891891891893,0.28314028314028317,0.0,0.23198198198198194,0.043618055090957134,0.0,0.04596940934139982,0.4864864864864865,7.45945945945946,0.0
Carlos Emory,24.08108108108108,97.72972972972973,20.783783783783782,10.108108108108109,1.3243243243243243,2.5675675675675675,0.8918918918918919,1.8918918918918919,0.2972972972972973,0.7027027027027027,1.972972972972973,0.48854081354081363,0.2366366366366367,0.5487666237666237,0.134955239390318,0.15875200174735776,0.14019001077353854,-1.7837837837837838,7.45945945945946,1.0
Damyean Dotson,25.37837837837838,99.97297297297297,18.513513513513512,9.945945945945946,0.8648648648648649,2.4864864864864864,0.8378378378378378,1.1891891891891893,0.13513513513513514,0.7837837837837838,1.054054054054054,0.4734867984867985,0.25495495495495496,0.4189189189189189,0.1379225998278238,0.21327517999344622,0.06674808719398244,-0.5405405405405406,7.45945945945946,1.0
Dominic Artis,16.324324324324323,65.35135135135135,15.72972972972973,5.756756756756757,0.32432432432432434,1.2702702702702702,2.324324324324324,1.6756756756756757,0.16216216216216217,0.972972972972973,1.1891891891891893,0.21813599313599313,0.21164736164736164,0.21171171171171171,0.07336115736259444,0.15222325485483382,0.07101965014572177,-1.0810810810810811,7.45945945945946,1.0
E.J. Singler,28.216216216216218,99.29729729729729,20.54054054054054,10.675675675675675,1.2432432432432432,3.2162162162162162,2.6216216216216215,2.1621621621621623,0.2702702702702703,0.918918918918919,2.135135135135135,0.4007507507507508,0.3391248391248391,0.4668165168165168,0.12057352163278036,0.2412860453495128,0.13435957858240116,-1.945945945945946,7.45945945945946,1.0
Johnathan Loyd,20.27027027027027,79.43243243243244,15.405405405405405,4.513513513513513,0.08108108108108109,1.162162162162162,2.5405405405405403,1.6486486486486487,0.13513513513513514,1.2702702702702702,1.7837837837837838,0.304954954954955,0.2765765765765766,0.27972972972972976,0.05708478538719024,0.12097288235059128,0.06226038248412265,-0.4864864864864865,7.45945945945946,1.0
Tony Woods,20.0,87.0,19.945945945945947,8.702702702702704,1.6486486486486487,1.7567567567567568,0.43243243243243246,1.4864864864864864,1.027027027027027,0.10810810810810811,2.3783783783783785,0.4652174777174777,0.0,0.4845208845208846,0.15618024566045383,0.0,0.15026635170731262,-0.7027027027027027,7.45945945945946,1.0
Waverly Austin,9.72972972972973,50.67567567567568,10.243243243243244,2.891891891891892,1.027027027027027,1.3243243243243243,0.1891891891891892,0.8918918918918919,0.7567567567567568,0.35135135135135137,1.4324324324324325,0.3385135135135135,0.0,0.20270270270270271,0.06524924589320645,0.0,0.044619752636665025,0.43243243243243246,7.45945945945946,0.0
Willie Moore,4.837837837837838,18.0,3.972972972972973,1.4324324324324325,0.21621621621621623,0.24324324324324326,0.3783783783783784,0.6486486486486487,0.0,0.2972972972972973,0.7027027027027027,0.21396396396396397,0.05405405405405406,0.12065637065637067,0.01929084779761679,0.03144430365792594,0.026588615247286704,-0.7027027027027027,7.45945945945946,0.0
