,MP,ORtg,%Ps,Pts,OR,DR,A,TO,Blk,Stl,PF,2Pt %,3Pt %,FT %,2Pt %Att,3Pt %Att,FT %Att,Pnts-Prev,Marg,Maj Cont
Cameron Jackson,7.571428571428571,43.05714285714286,4.228571428571429,2.1714285714285713,0.42857142857142855,1.0571428571428572,0.2,0.3142857142857143,0.34285714285714286,0.3142857142857143,1.3714285714285714,0.44149659863945584,0.0,0.20714285714285716,0.044375207024059546,0.0,0.026308704205496324,0.6857142857142857,7.0,0.0
CJ Neumann,19.771428571428572,105.77142857142857,12.82857142857143,3.942857142857143,1.6571428571428573,2.7142857142857144,0.7142857142857143,0.7714285714285715,0.2,0.5142857142857142,2.0285714285714285,0.472857142857143,0.0,0.3450340136054422,0.07479755480851619,0.0,0.08206154887874247,-0.11428571428571428,7.0,1.0
Derrick Brooks,8.685714285714285,31.62857142857143,7.742857142857143,1.2857142857142858,0.02857142857142857,0.8571428571428571,0.6571428571428571,0.8,0.08571428571428572,0.22857142857142856,0.7142857142857143,0.23714285714285716,0.02857142857142857,0.08571428571428572,0.032002129762657955,0.017050815867038004,0.03292769342458784,-0.9714285714285714,7.0,0.0
Eric Garcia,23.8,103.08571428571429,14.257142857142858,6.942857142857143,0.2,1.542857142857143,2.2857142857142856,1.0857142857142856,0.02857142857142857,0.5428571428571428,1.2,0.3952380952380953,0.281156462585034,0.5236703772418058,0.052911237183936095,0.14667247256607485,0.14696955095465244,-1.0285714285714285,7.0,1.0
Jaylen Allen,17.114285714285714,98.37142857142857,18.17142857142857,5.942857142857143,0.42857142857142855,1.2857142857142858,0.6857142857142857,0.9428571428571428,0.08571428571428572,0.8,1.6571428571428573,0.3971428571428571,0.33761904761904754,0.3619047619047619,0.06061461948331571,0.15123709561275658,0.06682502812424695,-0.11428571428571428,7.0,1.0
John Swinton,9.857142857142858,80.68571428571428,5.742857142857143,1.7142857142857142,0.14285714285714285,0.6571428571428571,1.0,0.34285714285714286,0.05714285714285714,0.2857142857142857,1.0571428571428572,0.2523809523809524,0.1,0.21734693877551023,0.02280249399570938,0.024585355673369832,0.03572753850704161,0.0,7.0,1.0
Justin Gordon,20.62857142857143,101.48571428571428,22.2,7.428571428571429,1.7714285714285714,2.057142857142857,1.3142857142857143,1.542857142857143,0.45714285714285713,0.5428571428571428,2.6285714285714286,0.535578231292517,0.02857142857142857,0.4352380952380953,0.1532929601747464,0.0016806722689075631,0.15866172419832436,-1.0857142857142856,7.0,1.0
Karl Cochran,30.2,101.05714285714286,26.0,14.228571428571428,0.8,4.857142857142857,2.6,1.542857142857143,1.0285714285714285,1.7428571428571429,1.8285714285714285,0.42961451247165533,0.35108756323042045,0.39253968253968247,0.1581647785048176,0.44126786455195394,0.10342085969512876,2.4571428571428573,7.0,1.0
Lee Skinner,28.65714285714286,103.51428571428572,20.34285714285714,9.742857142857142,1.6,4.057142857142857,2.0285714285714285,1.5142857142857142,0.11428571428571428,0.7142857142857143,2.085714285714286,0.48253143681715105,0.02857142857142857,0.5222562358276643,0.21456643725411578,0.005150060024009604,0.16709950780720106,-1.3714285714285714,7.0,1.0
Spencer Collins,26.771428571428572,107.42857142857143,21.257142857142856,11.314285714285715,0.5142857142857142,1.9714285714285715,1.4285714285714286,1.3428571428571427,0.05714285714285714,0.6571428571428571,1.6571428571428573,0.4891311069882498,0.38666666666666666,0.604993894993895,0.1579011532366968,0.18378423486446102,0.15142641563314976,-1.2571428571428571,7.0,1.0
