,MP,ORtg,%Ps,Pts,OR,DR,A,TO,Blk,Stl,PF,2Pt %,3Pt %,FT %,2Pt %Att,3Pt %Att,FT %Att,Pnts-Prev,Marg,Maj Cont
Akoy Agau,2.5135135135135136,1.2162162162162162,0.6756756756756757,0.4594594594594595,0.13513513513513514,0.43243243243243246,0.02702702702702703,0.1891891891891892,0.13513513513513514,0.02702702702702703,0.24324324324324326,0.16216216216216217,0.0,0.02027027027027027,0.005696894406571826,0.0010395010395010396,0.014668514668514668,-0.05405405405405406,19.43243243243243,0.0
Anton Gill,3.6216216216216215,12.702702702702704,1.6216216216216217,0.8648648648648649,0.08108108108108109,0.35135135135135137,0.13513513513513514,0.08108108108108109,0.0,0.10810810810810811,0.43243243243243246,0.08108108108108109,0.08288288288288288,0.033783783783783786,0.006407104576241455,0.02904867507556051,0.010550050365997656,0.05405405405405406,19.43243243243243,0.0
Chane Behanan,6.027027027027027,35.972972972972975,7.135135135135135,2.4594594594594597,0.972972972972973,1.054054054054054,0.32432432432432434,0.43243243243243246,0.08108108108108109,0.2972972972972973,0.5945945945945946,0.19797297297297295,0.0,0.14504504504504503,0.038206694898603046,0.0,0.050148449542736964,-0.10810810810810811,19.43243243243243,0.0
Chris Jones,20.405405405405407,88.29729729729729,17.62162162162162,8.378378378378379,0.5675675675675675,1.2162162162162162,2.4864864864864864,1.162162162162162,0.05405405405405406,1.837837837837838,2.0,0.34684294684294686,0.28552123552123554,0.4337194337194336,0.11285629899608011,0.13236284650248034,0.0714384188411624,1.4594594594594594,19.43243243243243,1.0
Kevin Ware,1.4324324324324325,5.378378378378378,1.135135135135135,0.40540540540540543,0.02702702702702703,0.10810810810810811,0.08108108108108109,0.16216216216216217,0.02702702702702703,0.08108108108108109,0.1891891891891892,0.0563063063063063,0.0,0.04054054054054054,0.009437387096961564,0.0022231909328683523,0.006371529900941667,-0.10810810810810811,19.43243243243243,0.0
Luke Hancock,20.83783783783784,105.70270270270271,20.675675675675677,10.432432432432432,0.5945945945945946,1.7837837837837838,1.8918918918918919,1.1891891891891893,0.16216216216216217,0.7567567567567568,2.3513513513513513,0.4611325611325612,0.2912698412698413,0.6288824538824539,0.06618429028922217,0.22193007370363954,0.15259686284029397,-0.5405405405405406,19.43243243243243,1.0
Mangok Mathiang,13.783783783783784,101.75675675675676,11.783783783783784,3.4324324324324325,1.6756756756756757,1.7027027027027026,0.3783783783783784,0.6216216216216216,1.2432432432432432,0.2702702702702703,1.6216216216216217,0.3720720720720721,0.0,0.3657657657657658,0.057126728651134606,0.0,0.06384965351849314,1.7837837837837838,19.43243243243243,0.0
Montrezl Harrell,26.45945945945946,111.51351351351352,20.64864864864865,13.027027027027026,3.0,4.54054054054054,1.162162162162162,1.2702702702702702,1.1891891891891893,1.0,2.108108108108108,0.563460525960526,0.05405405405405406,0.39075991575991575,0.23375872172728263,0.0038134407699625095,0.153909479053205,1.837837837837838,19.43243243243243,1.0
Russ Smith,26.43243243243243,107.8108108108108,28.216216216216218,16.783783783783782,0.7297297297297297,2.3513513513513513,4.297297297297297,2.4324324324324325,0.08108108108108109,1.9189189189189189,2.2432432432432434,0.5113802113802114,0.32815315315315313,0.5997962247962249,0.18913526298220323,0.20970831075596497,0.21165463375995341,-0.8648648648648649,19.43243243243243,1.0
Stephan Van Treese,19.72972972972973,125.24324324324324,8.162162162162161,2.6486486486486487,2.4864864864864864,2.72972972972973,0.6756756756756757,0.5405405405405406,0.7027027027027027,0.972972972972973,1.9189189189189189,0.4112612612612612,0.013513513513513514,0.1891891891891892,0.0410940789497432,0.0022522522522522522,0.03240337864248819,2.27027027027027,19.43243243243243,0.0
Terry Rozier,17.756756756756758,100.89189189189189,17.405405405405407,6.891891891891892,0.7297297297297297,2.108108108108108,1.7837837837837838,0.5675675675675675,0.05405405405405406,0.9459459459459459,1.3243243243243243,0.36055341055341056,0.328957528957529,0.3333333333333333,0.08674850141215867,0.12435765270054269,0.05811611658208047,0.8648648648648649,19.43243243243243,0.0
Tim Henderson,5.918918918918919,38.16216216216216,2.972972972972973,1.6756756756756757,0.16216216216216217,0.5135135135135135,0.43243243243243246,0.10810810810810811,0.0,0.24324324324324326,0.5945945945945946,0.1891891891891892,0.15045045045045044,0.05405405405405406,0.008341097050774468,0.04671559740744164,0.006314140227183705,0.2702702702702703,19.43243243243243,0.0
Wayne Blackshear,17.594594594594593,94.16216216216216,14.81081081081081,7.5675675675675675,0.5135135135135135,2.3783783783783785,0.6486486486486487,0.5135135135135135,0.5135135135135135,0.8108108108108109,2.108108108108108,0.35317460317460325,0.2871299871299871,0.4593629343629344,0.06392585788194204,0.14546737777870516,0.0868976909758676,1.6216216216216217,19.43243243243243,1.0
