,MP,ORtg,%Ps,Pts,OR,DR,A,TO,Blk,Stl,PF,2Pt %,3Pt %,FT %,2Pt %Att,3Pt %Att,FT %Att,Pnts-Prev,Marg
Brad Calipari,0.8235294117647058,0.0,0.0,0.08823529411764706,0.0,0.058823529411764705,0.029411764705882353,0.058823529411764705,0.0,0.0,0.0,0.0,0.014705882352941176,0.0,0.0,0.01547401257153579,0.0,-0.11764705882352941,6.4411764705882355
Hamidou Diallo,24.823529411764707,94.94117647058823,21.470588235294116,9.970588235294118,0.8529411764705882,2.6470588235294117,1.2941176470588236,1.411764705882353,0.23529411764705882,0.7647058823529411,2.6176470588235294,0.3697723028605382,0.28249299719887955,0.4627100840336134,0.1504838629126661,0.14398477327019488,0.13572159482890264,-0.8235294117647058,6.4411764705882355
Jarred Vanderbilt,7.0,41.970588235294116,8.588235294117647,2.411764705882353,1.3529411764705883,1.8823529411764706,0.4117647058823529,0.4411764705882353,0.3235294117647059,0.17647058823529413,1.088235294117647,0.20994397759103645,0.0,0.19887955182072828,0.04448639591667819,0.0021008403361344537,0.044180818998470726,0.11764705882352941,6.4411764705882355
Kevin Knox,32.26470588235294,106.08823529411765,23.352941176470587,15.647058823529411,0.9705882352941176,4.411764705882353,1.411764705882353,2.235294117647059,0.2647058823529412,0.8823529411764706,2.1470588235294117,0.5057656395891689,0.3442927170868348,0.7022759103641456,0.1727702351322079,0.3158996745479173,0.17576339693649445,-2.176470588235294,6.4411764705882355
Nick Richards,15.352941176470589,93.23529411764706,12.823529411764707,5.411764705882353,1.588235294117647,3.088235294117647,0.2647058823529412,0.7352941176470589,0.9705882352941176,0.08823529411764706,2.1176470588235294,0.48872549019607847,0.0,0.4080532212885154,0.07427362770719824,0.0,0.08928099169731381,0.6470588235294118,6.4411764705882355
PJ Washington,27.08823529411765,100.5,21.235294117647058,10.529411764705882,1.7058823529411764,3.764705882352941,1.6176470588235294,1.911764705882353,0.8823529411764706,0.6764705882352942,2.588235294117647,0.5073879551820728,0.10294117647058823,0.5683823529411764,0.15050084840306097,0.04106849804013345,0.21776639506740836,-0.7058823529411765,6.4411764705882355
Quade Green,23.676470588235293,100.23529411764706,17.176470588235293,8.794117647058824,0.38235294117647056,1.2941176470588236,2.5,1.4411764705882353,0.0,0.3235294117647059,1.4411764705882353,0.4258636788048553,0.3366946778711485,0.40441176470588236,0.09731556939326877,0.18558482951011634,0.06147448022946418,-2.235294117647059,6.4411764705882355
Sacha Killeya-Jones,12.294117647058824,77.55882352941177,9.323529411764707,3.0,1.2058823529411764,1.5,0.23529411764705882,0.6176470588235294,0.5588235294117647,0.20588235294117646,1.9411764705882353,0.48088235294117654,0.0,0.22549019607843138,0.048240816756228544,0.0024509803921568627,0.04862473141922517,0.29411764705882354,6.4411764705882355
Shai Gilgeous-Alexander,33.3235294117647,112.82352941176471,22.764705882352942,13.852941176470589,0.8235294117647058,3.1176470588235294,5.029411764705882,2.6470588235294117,0.5294117647058824,1.588235294117647,1.6176470588235294,0.5021199388846448,0.35294117647058826,0.7209087481146303,0.20123686527830786,0.1009422645486204,0.16354283491525412,-1.0588235294117647,6.4411764705882355
Tai Wynyard,1.2647058823529411,3.0294117647058822,0.5,0.23529411764705882,0.17647058823529413,0.23529411764705882,0.0,0.08823529411764706,0.029411764705882353,0.08823529411764706,0.23529411764705882,0.058823529411764705,0.0,0.029411764705882353,0.004558294858786572,0.0,0.001838235294117647,0.058823529411764705,6.4411764705882355
Wenyen Gabriel,22.61764705882353,107.44117647058823,15.088235294117647,6.794117647058823,1.7058823529411764,3.5294117647058822,0.6176470588235294,1.1764705882352942,1.088235294117647,0.8235294117647058,3.0588235294117645,0.45261437908496727,0.3632352941176471,0.32549019607843144,0.05613348364159694,0.1924941267831907,0.06180652061334881,1.4705882352941178,6.4411764705882355
