,MP,ORtg,%Ps,Pts,OR,DR,A,TO,Blk,Stl,PF,2Pt %,3Pt %,FT %,2Pt %Att,3Pt %Att,FT %Att,Pnts-Prev,Marg,Maj Cont
Alex Oriakhi,24.852941176470587,119.23529411764706,19.647058823529413,10.764705882352942,3.088235294117647,5.264705882352941,0.35294117647058826,1.3529411764705883,1.5294117647058822,0.5588235294117647,2.2058823529411766,0.6078951277480689,0.0,0.5737798965740142,0.15304140347118156,0.0,0.1792791372653655,1.4705882352941178,9.764705882352942,1.0
Earnest Ross,24.470588235294116,102.76470588235294,21.529411764705884,9.970588235294118,1.6176470588235294,3.323529411764706,1.1176470588235294,1.8529411764705883,0.20588235294117646,1.2058823529411764,1.7352941176470589,0.3992997198879551,0.3618347338935574,0.5563725490196079,0.11298254727796837,0.20839657595265587,0.13334937208593367,-0.8823529411764706,9.764705882352942,1.0
Jabari Brown,23.235294117647058,84.20588235294117,15.088235294117647,9.647058823529411,0.38235294117647056,2.088235294117647,1.0294117647058822,1.2352941176470589,0.029411764705882353,0.5,1.3823529411764706,0.3390756302521008,0.24916390798743737,0.505718954248366,0.07553117296523183,0.22096778650026846,0.15128272330333914,-1.411764705882353,9.764705882352942,1.0
Keion Bell,23.470588235294116,102.76470588235294,18.676470588235293,10.088235294117647,1.0,2.911764705882353,1.4705882352941178,1.6764705882352942,0.11764705882352941,1.088235294117647,1.6470588235294117,0.4884973686444275,0.1715686274509804,0.661484593837535,0.1435178215935038,0.06667935121966619,0.14587664915186568,-0.9411764705882353,9.764705882352942,1.0
Laurence Bowers,22.205882352941178,102.76470588235294,19.61764705882353,11.852941176470589,1.8235294117647058,3.2941176470588234,0.8235294117647058,1.1176470588235294,0.9705882352941176,0.5,2.088235294117647,0.4702443654000747,0.2745098039215686,0.44313725490196076,0.179311413395076,0.08881801142928045,0.08971841702405939,0.7058823529411765,9.764705882352942,1.0
Negus Webster-Chan,14.205882352941176,48.6764705882353,5.470588235294118,2.235294117647059,0.4411764705882353,1.3823529411764706,0.7058823529411765,0.6176470588235294,0.0,0.35294117647058826,0.8529411764705882,0.14705882352941177,0.18284313725490198,0.14705882352941177,0.01798849086460453,0.0972024021004071,0.023456451958773942,-0.5294117647058824,9.764705882352942,1.0
Phil Pressey,32.73529411764706,100.3529411764706,23.41176470588235,11.264705882352942,0.7647058823529411,2.5,6.852941176470588,3.5,0.058823529411764705,1.7058823529411764,1.7647058823529411,0.39575035450900503,0.29335901027077493,0.4702847805788982,0.15080033312276014,0.21591089551783135,0.13084308758114424,-3.4705882352941178,9.764705882352942,1.0
Ryan Rosburg,6.264705882352941,20.941176470588236,3.1176470588235294,0.8823529411764706,0.6176470588235294,0.5882352941176471,0.20588235294117646,0.17647058823529413,0.17647058823529413,0.029411764705882353,0.7941176470588235,0.13480392156862747,0.0,0.11764705882352941,0.019799461023290107,0.0,0.0188232648588157,0.058823529411764705,9.764705882352942,0.0
Stefan Jankovic,5.764705882352941,29.88235294117647,5.382352941176471,2.235294117647059,0.38235294117647056,0.6764705882352942,0.2647058823529412,0.23529411764705882,0.20588235294117646,0.17647058823529413,1.3235294117647058,0.1715686274509804,0.15882352941176472,0.21078431372549017,0.019005814421683948,0.05829262317601932,0.0264715517035222,0.29411764705882354,9.764705882352942,0.0
Tony Criswell,16.676470588235293,95.0,15.352941176470589,4.705882352941177,1.6176470588235294,2.6470588235294117,0.5882352941176471,0.7647058823529411,0.11764705882352941,0.38235294117647056,2.0294117647058822,0.39631185807656394,0.0661764705882353,0.3259803921568627,0.09860977715881733,0.014320589397988779,0.0714875803612982,-0.5294117647058824,9.764705882352942,0.0
