,MP,ORtg,%Ps,Pts,OR,DR,A,TO,Blk,Stl,PF,2Pt %,3Pt %,FT %,2Pt %Att,3Pt %Att,FT %Att,Pnts-Prev,Marg,Maj Cont
Amanze Egekeze,19.424242424242426,104.78787878787878,12.242424242424242,5.151515151515151,0.9393939393939394,2.121212121212121,0.6666666666666666,0.7575757575757576,0.5454545454545454,0.7878787878787878,1.8484848484848484,0.35858585858585856,0.2911616161616162,0.42171717171717177,0.05522424273569923,0.09238917994937443,0.08031437137497745,1.1515151515151516,4.0,1.0
Caleb Chowbay,7.151515151515151,29.242424242424242,5.0,2.1515151515151514,0.06060606060606061,0.7878787878787878,0.696969696969697,0.7272727272727273,0.0,0.21212121212121213,0.5757575757575758,0.27777777777777773,0.18181818181818182,0.1338383838383838,0.04157522067026684,0.021338142641906085,0.028840994616395683,-1.0303030303030303,4.0,0.0
Craig Bradshaw,27.666666666666668,94.39393939393939,25.181818181818183,15.909090909090908,0.3939393939393939,2.8181818181818183,2.8181818181818183,2.757575757575758,0.3333333333333333,1.4545454545454546,1.7878787878787878,0.49745834973107694,0.33779133324587873,0.46118982028072936,0.21356075616270978,0.221390489423172,0.1574840922140678,-1.9393939393939394,4.0,1.0
Evan Bradds,27.12121212121212,113.84848484848484,23.12121212121212,13.909090909090908,1.9393939393939394,5.03030303030303,1.303030303030303,2.4242424242424243,0.21212121212121213,0.6363636363636364,2.1818181818181817,0.6621620803438986,0.09848484848484848,0.5906401679128952,0.2732440369139944,0.012115831427903762,0.27337984106292246,-3.1515151515151514,4.0,1.0
Holden Mobley,9.969696969696969,47.96969696969697,4.0,1.121212121212121,0.24242424242424243,0.5757575757575758,0.42424242424242425,0.48484848484848486,0.0,0.24242424242424243,1.121212121212121,0.12121212121212122,0.15151515151515152,0.14393939393939395,0.011113368882944508,0.020301515837092315,0.03212024178279019,-0.48484848484848486,4.0,0.0
Jeff Laidig,6.787878787878788,52.696969696969695,1.7878787878787878,0.6666666666666666,0.36363636363636365,0.8787878787878788,0.15151515151515152,0.24242424242424243,0.030303030303030304,0.21212121212121213,0.6666666666666666,0.0,0.12121212121212122,0.10606060606060606,0.005432701173066284,0.01403788399466745,0.013887288209457269,0.0,4.0,0.0
Mack Mercer,5.363636363636363,23.272727272727273,5.424242424242424,2.606060606060606,0.3939393939393939,0.7272727272727273,0.36363636363636365,0.45454545454545453,0.3333333333333333,0.030303030303030304,1.121212121212121,0.2691919191919192,0.030303030303030304,0.25252525252525254,0.057889511176734,0.013815890899224229,0.04939818197531446,-0.18181818181818182,4.0,1.0
Nick Smith,14.575757575757576,80.96969696969697,14.606060606060606,6.696969696969697,0.7878787878787878,1.2121212121212122,0.2727272727272727,0.5454545454545454,0.18181818181818182,0.12121212121212122,1.2727272727272727,0.32525252525252524,0.3438967598058507,0.21212121212121213,0.04327106576027284,0.16279210549577633,0.025596139028740913,-0.48484848484848486,4.0,1.0
Reece Chamberlain,30.272727272727273,109.24242424242425,20.272727272727273,8.242424242424242,1.696969696969697,3.6363636363636362,5.878787878787879,2.4545454545454546,0.15151515151515152,1.5757575757575757,2.0,0.45079365079365086,0.26717171717171717,0.5242905242905243,0.15508781318523115,0.07614495926349606,0.2040811657200026,-1.4545454545454546,4.0,1.0
Spencer Turner,6.363636363636363,13.393939393939394,2.6363636363636362,1.8484848484848484,0.15151515151515152,0.45454545454545453,0.36363636363636365,0.3333333333333333,0.0,0.06060606060606061,0.42424242424242425,0.0808080808080808,0.1604969104969105,0.030303030303030304,0.006197008391365759,0.06316849920833303,0.006887052341597796,-0.5454545454545454,4.0,0.0
Taylor Barnette,27.818181818181817,106.0,14.606060606060606,10.06060606060606,0.15151515151515152,2.3333333333333335,1.2121212121212122,0.7575757575757576,0.030303030303030304,0.7878787878787878,1.5151515151515151,0.49242424242424243,0.37132581223490313,0.13636363636363635,0.06751369257613433,0.2517603842273287,0.05859060412090716,0.12121212121212122,4.0,1.0
Tyler Hadden,4.545454545454546,11.757575757575758,2.303030303030303,1.9696969696969697,0.21212121212121213,0.696969696969697,0.12121212121212122,0.3333333333333333,0.09090909090909091,0.0,0.7272727272727273,0.23484848484848486,0.12878787878787878,0.20454545454545453,0.039587552068550594,0.020442087328695343,0.03911699724979582,-0.48484848484848486,4.0,0.0
