,MP,ORtg,%Ps,Pts,OR,DR,A,TO,Blk,Stl,PF,2Pt %,3Pt %,FT %,2Pt %Att,3Pt %Att,FT %Att,Pnts-Prev,Marg,Maj Cont
Badou Diagne,26.61764705882353,98.11764705882354,18.558823529411764,9.294117647058824,1.9705882352941178,5.235294117647059,0.7058823529411765,1.911764705882353,0.9705882352941176,0.7647058823529411,2.5588235294117645,0.4813141923436041,0.34313725490196084,0.4516806722689075,0.12933804689612072,0.10732787667086109,0.11439032009344154,-0.35294117647058826,9.735294117647058,1.0
Colton Ray-St Cyr,8.205882352941176,35.73529411764706,7.147058823529412,1.9411764705882353,0.7941176470588235,1.3529411764705883,0.4117647058823529,0.47058823529411764,0.17647058823529413,0.5294117647058824,0.9411764705882353,0.23529411764705882,0.1122549019607843,0.07352941176470588,0.02341239737620638,0.06364487306921321,0.015186567774201291,0.47058823529411764,9.735294117647058,0.0
Elijah Wilson,26.058823529411764,100.23529411764706,20.441176470588236,10.735294117647058,0.9117647058823529,2.5294117647058822,0.6470588235294118,1.1176470588235294,0.17647058823529413,0.6470588235294118,1.4411764705882353,0.3779295051353875,0.3633053221288516,0.5234593837535014,0.12366265957927516,0.2666980781404855,0.10921885667110895,-0.5882352941176471,9.735294117647058,1.0
Josh Cameron,20.235294117647058,104.58823529411765,27.529411764705884,12.117647058823529,0.4117647058823529,1.4705882352941178,1.3823529411764706,1.411764705882353,0.058823529411764705,0.9705882352941176,1.0588235294117647,0.4611344537815125,0.3424136321195145,0.5296056884292178,0.11942006058418897,0.26285279244922455,0.14629614521072842,-0.7647058823529411,9.735294117647058,1.0
Kyle Buffkin,1.5,0.0,0.14705882352941177,0.058823529411764705,0.17647058823529413,0.11764705882352941,0.029411764705882353,0.14705882352941177,0.029411764705882353,0.029411764705882353,0.4117647058823529,0.0,0.0,0.029411764705882353,0.006669085684747677,0.0,0.008766695083830633,-0.17647058823529413,9.735294117647058,0.0
Marcus Freeman,10.529411764705882,67.67647058823529,12.117647058823529,4.088235294117647,1.8235294117647058,2.5588235294117645,0.23529411764705882,0.5,0.7352941176470589,0.38235294117647056,1.4705882352941178,0.3617360580595875,0.0,0.28275401069518713,0.07937900982234031,0.0,0.06403003775312435,1.2352941176470589,9.735294117647058,1.0
Michel Enanga,15.5,79.0,10.823529411764707,2.6176470588235294,1.2352941176470589,2.3529411764705883,0.8823529411764706,0.9705882352941176,0.23529411764705882,0.5588235294117647,1.7941176470588236,0.29803921568627456,0.17647058823529413,0.18872549019607843,0.03700727507399422,0.05322877672722874,0.03931617664267136,-0.35294117647058826,9.735294117647058,0.0
Shivaughn Wiggins,30.41176470588235,116.61764705882354,16.91176470588235,9.911764705882353,0.35294117647058826,2.323529411764706,3.1470588235294117,1.2058823529411764,0.08823529411764706,1.088235294117647,1.7352941176470589,0.479599567099567,0.2377450980392157,0.5823646125116713,0.14170323084421363,0.08091383053781555,0.2050448736656778,-0.058823529411764705,9.735294117647058,1.0
Tristian Curtis,20.205882352941178,90.94117647058823,11.323529411764707,4.352941176470588,2.3823529411764706,3.411764705882353,0.17647058823529413,0.8235294117647058,0.6764705882352942,0.23529411764705882,2.0294117647058822,0.4883753501400561,0.0,0.3288515406162465,0.08280906306553704,0.0,0.08279262009317827,0.17647058823529413,9.735294117647058,0.0
Uros Ljeskovic,2.676470588235294,18.441176470588236,3.2941176470588234,0.9411764705882353,0.38235294117647056,0.38235294117647056,0.058823529411764705,0.20588235294117646,0.0,0.08823529411764706,0.17647058823529413,0.1053921568627451,0.0,0.11764705882352941,0.016432517279357562,0.0,0.01841260472974028,-0.23529411764705882,9.735294117647058,0.0
Warren Gillis,30.294117647058822,104.70588235294117,23.764705882352942,12.735294117647058,0.5588235294117647,2.411764705882353,3.1470588235294117,2.5588235294117645,0.08823529411764706,1.3823529411764706,2.176470588235294,0.4501273236567354,0.27759103641456584,0.8285130718954248,0.21075488908813594,0.13592200769928905,0.16713333757641477,-2.176470588235294,9.735294117647058,1.0
