,MP,ORtg,%Ps,Pts,OR,DR,A,TO,Blk,Stl,PF,2Pt %,3Pt %,FT %,2Pt %Att,3Pt %Att,FT %Att,Pnts-Prev,Marg,Maj Cont
Braxton Huggins,6.323529411764706,35.85294117647059,7.764705882352941,2.2058823529411766,0.23529411764705882,0.3235294117647059,0.3235294117647059,0.4117647058823529,0.08823529411764706,0.23529411764705882,0.6764705882352942,0.18137254901960784,0.12401960784313726,0.1568627450980392,0.022319642806231683,0.09676775601015264,0.016463632073953596,-0.17647058823529413,8.882352941176471,0.0
D.K. Eldridge,25.323529411764707,95.55882352941177,19.705882352941178,7.882352941176471,0.7647058823529411,1.8823529411764706,2.176470588235294,1.7941176470588236,0.058823529411764705,1.0588235294117647,1.7647058823529411,0.4641690009337068,0.25315126050420167,0.3897058823529412,0.10044773852630544,0.26743596278061765,0.07564806785784481,-1.3529411764705883,8.882352941176471,1.0
Daniel Mullings,17.705882352941178,66.55882352941177,16.38235294117647,7.794117647058823,1.2058823529411764,1.8823529411764706,1.7352941176470589,1.4705882352941178,0.2647058823529412,1.2352941176470589,1.588235294117647,0.28259803921568627,0.20098039215686272,0.39882299073475547,0.11850913077277092,0.08115475627996116,0.17094747051027617,0.058823529411764705,8.882352941176471,1.0
Ian Baker,28.38235294117647,113.94117647058823,17.147058823529413,9.176470588235293,0.2647058823529412,2.1470588235294117,2.676470588235294,2.1176470588235294,0.029411764705882353,1.3823529411764706,1.5294117647058822,0.4661764705882353,0.49177170868347336,0.5292483660130719,0.0605709732036437,0.27806624464792373,0.1002942605030988,-1.411764705882353,8.882352941176471,1.0
Jalyn Pennie,6.647058823529412,27.852941176470587,6.205882352941177,1.6176470588235294,0.7941176470588235,1.2058823529411764,0.08823529411764706,0.5588235294117647,0.38235294117647056,0.058823529411764705,0.7352941176470589,0.1857843137254902,0.0,0.08088235294117647,0.033970211879293465,0.005971479500891267,0.025033174406011775,-0.23529411764705882,8.882352941176471,0.0
Jonathan Wilkins,17.0,78.67647058823529,10.911764705882353,2.9705882352941178,1.2647058823529411,1.1764705882352942,0.6470588235294118,0.9705882352941176,0.3235294117647059,0.2647058823529412,1.7352941176470589,0.40427170868347334,0.0,0.15441176470588236,0.06316684577843173,0.0022624434389140274,0.05733485474568078,-0.7647058823529411,8.882352941176471,0.0
Matt Taylor,6.4411764705882355,33.529411764705884,5.411764705882353,1.1764705882352942,0.47058823529411764,0.6764705882352942,0.4117647058823529,0.47058823529411764,0.029411764705882353,0.14705882352941177,0.7058823529411765,0.15245098039215688,0.029411764705882353,0.125,0.02186605537073699,0.013452694940584216,0.020592384223334204,-0.5882352941176471,8.882352941176471,0.0
Pascal Siakam,29.823529411764707,115.73529411764706,21.676470588235293,12.588235294117647,3.2058823529411766,4.264705882352941,1.2352941176470589,1.8235294117647058,1.7352941176470589,0.8235294117647058,2.5,0.5814425770308124,0.0,0.6907913165266106,0.21721659655019798,0.003460207612456747,0.17698366547475852,1.4705882352941178,8.882352941176471,1.0
Remi Barry,31.176470588235293,110.02941176470588,20.735294117647058,12.911764705882353,1.3529411764705883,3.323529411764706,1.0294117647058822,1.7941176470588236,0.14705882352941177,0.5588235294117647,1.7941176470588236,0.4631464124111182,0.4331932773109244,0.7558998599439777,0.18076164474365802,0.21041867640847792,0.16065412995627537,-2.176470588235294,8.882352941176471,1.0
Tanveer Bhullar,1.088235294117647,0.0,0.0,0.14705882352941177,0.0,0.058823529411764705,0.058823529411764705,0.08823529411764706,0.058823529411764705,0.029411764705882353,0.17647058823529413,0.03676470588235294,0.0,0.014705882352941176,0.007003832081231461,0.0,0.002028397565922921,0.0,8.882352941176471,0.0
Travon Landry,9.441176470588236,46.911764705882355,6.852941176470588,1.588235294117647,0.029411764705882353,1.0,0.7352941176470589,0.5,0.029411764705882353,0.20588235294117646,0.7352941176470589,0.18382352941176472,0.029411764705882353,0.20833333333333331,0.02946277112717533,0.011598013674138244,0.031682712652372304,-0.5294117647058824,8.882352941176471,0.0
Tshilidzi Nephawe,16.235294117647058,58.88235294117647,15.323529411764707,6.411764705882353,1.588235294117647,3.088235294117647,0.5882352941176471,1.411764705882353,0.4117647058823529,0.14705882352941177,1.5294117647058822,0.3157923775570835,0.0,0.3256652661064426,0.115292792454441,0.0,0.1329254853245884,-1.7058823529411764,8.882352941176471,1.0
