,MP,ORtg,%Ps,Pts,OR,DR,A,TO,Blk,Stl,PF,2Pt %,3Pt %,FT %,2Pt %Att,3Pt %Att,FT %Att,Pnts-Prev,Marg,Maj Cont
Chris Flemmings,30.696969696969695,122.42424242424242,19.78787878787879,15.606060606060606,1.303030303030303,4.454545454545454,1.5757575757575757,1.2727272727272727,0.6666666666666666,1.303030303030303,1.9393939393939394,0.6013994423085334,0.3299422799422799,0.7398689273689275,0.13783835012126938,0.22605687466097324,0.19024534095098214,1.393939393939394,7.545454545454546,1.0
Chuck Ogbodo,6.454545454545454,30.96969696969697,5.696969696969697,2.0,0.8181818181818182,1.0909090909090908,0.030303030303030304,0.6363636363636364,0.696969696969697,0.12121212121212122,1.5757575757575757,0.2702020202020202,0.0,0.10101010101010101,0.03337145121294559,0.0,0.016866130755399385,0.36363636363636365,7.545454545454546,0.0
CJ Bryce,22.21212121212121,92.06060606060606,18.484848484848484,9.606060606060606,1.121212121212121,2.787878787878788,0.696969696969697,1.6363636363636365,0.06060606060606061,0.9393939393939394,2.606060606060606,0.5185070079455105,0.2313131313131313,0.48282828282828283,0.1415297553927841,0.0459805662777024,0.14265521713754598,-1.2727272727272727,7.545454545454546,1.0
CJ Gettys,10.969696969696969,66.15151515151516,9.878787878787879,3.787878787878788,1.3333333333333333,2.242424242424242,0.3333333333333333,0.6363636363636364,0.9696969696969697,0.09090909090909091,2.090909090909091,0.3318422318422319,0.0,0.3737373737373737,0.06996035754431132,0.0,0.06811394840196792,0.8484848484848485,7.545454545454546,1.0
Craig Ponder,26.03030303030303,96.66666666666667,19.696969696969695,10.757575757575758,0.3939393939393939,2.606060606060606,2.1818181818181817,1.5151515151515151,0.18181818181818182,1.0,2.8181818181818183,0.4245069745069745,0.2651515151515152,0.5031746031746032,0.13351779813414322,0.15657204084652615,0.14238151500585663,-0.6666666666666666,7.545454545454546,1.0
Denzel Ingram,30.454545454545453,99.0909090909091,19.696969696969695,11.787878787878787,0.42424242424242425,1.6666666666666667,3.1818181818181817,1.7575757575757576,0.030303030303030304,1.393939393939394,2.090909090909091,0.3317340067340068,0.3408986636259364,0.569023569023569,0.10958929829119984,0.2909664293400225,0.11089536885577789,-0.6666666666666666,7.545454545454546,1.0
Devontae Cacok,7.787878787878788,39.18181818181818,5.454545454545454,2.878787878787879,0.9090909090909091,1.5757575757575757,0.06060606060606061,0.36363636363636365,0.18181818181818182,0.3333333333333333,1.606060606060606,0.40025252525252525,0.0,0.12121212121212122,0.04961919642774682,0.0,0.029507193649367266,0.30303030303030304,7.545454545454546,0.0
Dylan Sherwood,11.515151515151516,53.57575757575758,7.393939393939394,3.909090909090909,0.7878787878787878,1.393939393939394,0.36363636363636365,0.5151515151515151,0.24242424242424243,0.36363636363636365,1.2727272727272727,0.4772727272727273,0.20764790764790766,0.1590909090909091,0.030945891416426393,0.1014239536260323,0.01913820919972663,0.18181818181818182,7.545454545454546,0.0
Jordon Talley,23.363636363636363,99.45454545454545,19.727272727272727,8.090909090909092,0.8787878787878788,2.242424242424242,3.787878787878788,1.3636363636363635,0.0,0.9393939393939394,2.757575757575758,0.39178145087236,0.1893939393939394,0.5955463728191001,0.12169775415238919,0.0916944343902375,0.1389827101385409,-0.8484848484848485,7.545454545454546,1.0
Marcus Bryan,15.303030303030303,76.18181818181819,11.090909090909092,4.393939393939394,1.4242424242424243,2.5454545454545454,0.21212121212121213,0.36363636363636365,1.0606060606060606,0.30303030303030304,2.4545454545454546,0.3771699680790589,0.030303030303030304,0.3045454545454545,0.09362909414675569,0.002331002331002331,0.07899414829882712,2.0,7.545454545454546,1.0
Mark Matthews,6.181818181818182,30.363636363636363,4.303030303030303,2.303030303030303,0.36363636363636365,0.7575757575757576,0.3939393939393939,0.3333333333333333,0.030303030303030304,0.30303030303030304,0.42424242424242425,0.21717171717171715,0.08989898989898991,0.1313131313131313,0.027198313415303866,0.041883254302295975,0.019947065921091897,0.0,7.545454545454546,0.0
Trey Grundy,3.727272727272727,20.939393939393938,3.242424242424242,1.2727272727272727,0.2727272727272727,0.3333333333333333,0.12121212121212122,0.2727272727272727,0.09090909090909091,0.15151515151515152,0.8787878787878788,0.1919191919191919,0.015151515151515152,0.05952380952380953,0.020799709441694292,0.012788413922177184,0.011970121381886089,-0.06060606060606061,7.545454545454546,0.0
