,MP,ORtg,%Ps,Pts,OR,DR,A,TO,Blk,Stl,PF,2Pt %,3Pt %,FT %,2Pt %Att,3Pt %Att,FT %Att,Pnts-Prev,Marg
Andre Wesson,18.03125,85.125,10.0,2.96875,0.5625,1.15625,1.125,1.125,0.09375,0.3125,2.3125,0.34375,0.2270833333333333,0.25,0.0237248553978864,0.08143269267413561,0.029098972467254708,-1.4375,9.125
Andrew Dakich,18.65625,104.0625,10.3125,2.9375,0.34375,1.40625,2.09375,1.03125,0.03125,0.84375,1.09375,0.3989583333333333,0.23697916666666666,0.171875,0.029784426014905815,0.04749092955837951,0.026662667043101825,-0.3125,9.125
CJ Jackson,30.34375,110.96875,22.75,12.1875,0.5,3.25,3.875,2.15625,0.21875,1.03125,2.15625,0.44557291666666665,0.38494543650793656,0.6110491071428571,0.12791848847089807,0.25933405794379083,0.14613731080172987,-1.8125,9.125
Jae'Sean Tate,29.84375,108.84375,23.09375,12.46875,1.25,4.9375,2.875,2.28125,0.59375,1.03125,3.0625,0.6164789203851703,0.18229166666666666,0.4695932539682539,0.21291423680447957,0.05571499108510474,0.183906199353963,-1.3125,9.125
Joey Lane,0.84375,0.0,0.0,0.34375,0.0,0.125,0.0625,0.0625,0.0,0.03125,0.125,0.03125,0.0625,0.046875,0.003575252162949437,0.008910814806254183,0.010850694444444444,-0.0625,9.125
Kaleb Wesson,20.71875,119.4375,24.4375,10.46875,2.3125,2.6875,1.09375,0.96875,0.65625,0.5,2.75,0.5594742063492062,0.125,0.6127570346320348,0.15778958891314782,0.023445836831019314,0.23468368921325874,0.375,9.125
Kam Williams,20.75,97.90625,13.40625,7.40625,0.15625,1.625,0.625,0.53125,0.15625,0.4375,0.875,0.4470238095238095,0.35401785714285716,0.2645089285714286,0.0805884937653685,0.13621456912330596,0.040259731660618386,0.125,9.125
Keita Bates-Diop,32.8125,115.34375,27.53125,19.375,1.46875,7.3125,1.6875,1.78125,1.6875,0.96875,1.6875,0.5515282715650363,0.3282986111111111,0.6252976190476192,0.25316170225612916,0.27296056595476087,0.21849400854541876,1.75,9.125
Kyle Young,6.75,29.65625,4.6875,1.375,0.59375,0.65625,0.125,0.28125,0.09375,0.21875,0.59375,0.3052083333333333,0.010416666666666666,0.078125,0.026320629200879228,0.017322723572723575,0.021536703818029534,0.0625,9.125
Micah Potter,8.8125,46.8125,7.9375,3.59375,0.90625,1.25,0.3125,0.375,0.34375,0.15625,1.1875,0.3798363095238096,0.1328125,0.2171875,0.055122393803717785,0.029666916303779396,0.05673776584402383,0.25,9.125
Musa Jallow,14.15625,63.65625,8.9375,2.5625,0.46875,1.0,0.84375,0.90625,0.125,0.5,1.5,0.328125,0.09895833333333334,0.1328125,0.02909993320963833,0.06750590214674594,0.031632256808156914,-0.5625,9.125
