,MP,ORtg,%Ps,Pts,OR,DR,A,TO,Blk,Stl,PF,2Pt %,3Pt %,FT %,2Pt %Att,3Pt %Att,FT %Att,Pnts-Prev,Marg,Maj Cont
Braxton Huggins,26.61764705882353,108.41176470588235,19.0,13.176470588235293,0.4117647058823529,2.176470588235294,1.2941176470588236,1.411764705882353,0.23529411764705882,0.3235294117647059,1.8235294117647058,0.37832633053221293,0.37546685340802993,0.5537034044386986,0.08169142952002112,0.27409491231020594,0.1305025739281267,-1.7058823529411764,11.352941176470589,1.0
Chance Ellis,4.088235294117647,20.58823529411765,3.176470588235294,2.0,0.11764705882352941,0.17647058823529413,0.058823529411764705,0.23529411764705882,0.058823529411764705,0.0,0.38235294117647056,0.029411764705882353,0.15252100840336136,0.1323529411764706,0.0029055258467023176,0.07514915109982857,0.00900616924957696,-0.35294117647058826,11.352941176470589,1.0
Eli Chuha,25.235294117647058,113.82352941176471,20.794117647058822,12.029411764705882,3.5588235294117645,5.147058823529412,1.1176470588235294,1.6176470588235294,0.35294117647058826,0.5588235294117647,2.176470588235294,0.5756801205330618,0.014705882352941176,0.6499183006535949,0.19819052837577453,0.006421725017550444,0.18704679282434986,-1.411764705882353,11.352941176470589,1.0
Ian Baker,30.970588235294116,103.20588235294117,23.058823529411764,15.647058823529411,0.47058823529411764,3.588235294117647,3.8823529411764706,2.088235294117647,0.11764705882352941,1.1470588235294117,1.5,0.42209702062643245,0.29501633986928105,0.6879089048206696,0.17085836114942676,0.2706309651861125,0.2244635324926441,-1.6470588235294117,11.352941176470589,1.0
Jalyn Pennie,6.764705882352941,19.58823529411765,4.029411764705882,1.588235294117647,0.7058823529411765,0.7647058823529411,0.17647058823529413,0.47058823529411764,0.17647058823529413,0.058823529411764705,0.6176470588235294,0.2284313725490196,0.044117647058823525,0.03235294117647059,0.024474611555102065,0.026038953735719676,0.014695860836752677,-0.47058823529411764,11.352941176470589,0.0
Jemerrio Jones,23.794117647058822,103.29411764705883,23.0,9.588235294117647,2.8823529411764706,5.382352941176471,2.823529411764706,1.9705882352941178,0.7352941176470589,1.0294117647058822,2.6176470588235294,0.5010718592249734,0.09999999999999999,0.4550070028011204,0.19661535558628432,0.028235159166369945,0.11586769892918022,-0.4117647058823529,11.352941176470589,1.0
Jermaine Haley,18.88235294117647,61.11764705882353,11.617647058823529,3.5588235294117645,0.5882352941176471,1.9705882352941178,1.3529411764705883,1.411764705882353,0.11764705882352941,0.4117647058823529,1.7352941176470589,0.3063725490196078,0.12696078431372548,0.31078431372549026,0.03964114481202491,0.06779922839197701,0.06631631819929011,-1.7647058823529411,11.352941176470589,0.0
Joe Garza,6.205882352941177,25.735294117647058,2.2058823529411766,1.5294117647058822,0.029411764705882353,0.47058823529411764,0.4117647058823529,0.3235294117647059,0.0,0.11764705882352941,0.5588235294117647,0.10294117647058823,0.125,0.17647058823529413,0.007380657758267871,0.03397377345587064,0.01604415144485467,-0.4117647058823529,11.352941176470589,0.0
Johnathon Wilkins,17.470588235294116,87.91176470588235,14.352941176470589,5.323529411764706,1.2941176470588236,1.6176470588235294,0.9411764705882353,1.3823529411764706,0.8235294117647058,0.23529411764705882,2.8823529411764706,0.5257352941176471,0.1446078431372549,0.3431372549019608,0.08535644301582719,0.0389834032359159,0.04526259207948013,-0.6470588235294118,11.352941176470589,1.0
Marlon Jones,1.4705882352941178,7.5588235294117645,1.6470588235294117,0.5,0.14705882352941177,0.11764705882352941,0.029411764705882353,0.11764705882352941,0.029411764705882353,0.0,0.3235294117647059,0.05798319327731092,0.0,0.029411764705882353,0.008440285204991087,0.001278772378516624,0.008382352941176471,-0.17647058823529413,11.352941176470589,0.0
Matt Taylor,21.441176470588236,105.29411764705883,15.235294117647058,6.4411764705882355,0.8235294117647058,2.1176470588235294,1.6176470588235294,1.1764705882352942,0.6176470588235294,0.7058823529411765,2.0,0.4843837535014006,0.24705882352941172,0.3382352941176471,0.07849055820599615,0.09625870442426057,0.07269902980349227,0.29411764705882354,11.352941176470589,0.0
Sidy N'Dir,7.5588235294117645,30.0,5.911764705882353,3.6176470588235294,0.11764705882352941,0.5882352941176471,0.5588235294117647,0.5882352941176471,0.17647058823529413,0.11764705882352941,0.5882352941176471,0.15245098039215688,0.11715686274509803,0.18186274509803924,0.038683169371929664,0.051723486891789835,0.050861612257297864,-0.5882352941176471,11.352941176470589,0.0
Tanveer Bhullar,4.352941176470588,13.735294117647058,3.1176470588235294,1.6176470588235294,0.5882352941176471,0.8823529411764706,0.14705882352941177,0.3235294117647059,0.2647058823529412,0.0,0.7058823529411765,0.2333333333333333,0.0,0.13529411764705881,0.03786016489176974,0.0,0.0294395503078956,-0.11764705882352941,11.352941176470589,0.0
