,MP,ORtg,%Ps,Pts,OR,DR,A,TO,Blk,Stl,PF,2Pt %,3Pt %,FT %,2Pt %Att,3Pt %Att,FT %Att,Pnts-Prev,Marg,Maj Cont
Angelo Chol,12.833333333333334,73.72222222222223,15.694444444444445,4.166666666666667,1.1666666666666667,1.6944444444444444,0.1388888888888889,0.9722222222222222,0.5,0.2222222222222222,1.7777777777777777,0.469510582010582,0.0,0.27546296296296297,0.0839385041868146,0.0,0.07345358753497427,-0.5,8.166666666666666,0.0
Aqeel Quinn,22.916666666666668,91.75,19.333333333333332,9.555555555555555,0.5277777777777778,1.8888888888888888,1.2777777777777777,1.0555555555555556,0.027777777777777776,0.9166666666666666,1.6388888888888888,0.39768518518518514,0.2680555555555556,0.4398148148148148,0.10673273903545448,0.24061915750705737,0.1169619670596246,-0.2222222222222222,8.166666666666666,1.0
D'Erryl Williams,3.5833333333333335,15.5,1.8333333333333333,0.5277777777777778,0.08333333333333333,0.25,0.19444444444444445,0.2222222222222222,0.0,0.2777777777777778,0.3333333333333333,0.10185185185185185,0.041666666666666664,0.013888888888888888,0.009293000984177456,0.0060185185185185185,0.0019157088122605363,0.1111111111111111,8.166666666666666,0.0
Dakarai Allen,11.0,63.27777777777778,9.11111111111111,2.361111111111111,0.5277777777777778,1.0277777777777777,0.3888888888888889,0.5833333333333334,0.2222222222222222,0.5277777777777778,1.6111111111111112,0.3541666666666667,0.041666666666666664,0.2569444444444444,0.04878293423077098,0.0171233285977868,0.048577462320982714,0.3333333333333333,8.166666666666666,0.0
Dwayne Polee,10.305555555555555,48.611111111111114,10.88888888888889,3.7777777777777777,0.3333333333333333,0.9166666666666666,0.4444444444444444,0.5277777777777778,0.16666666666666666,0.6666666666666666,0.7222222222222222,0.14649470899470898,0.17199074074074072,0.24560185185185185,0.0500949450849409,0.1062741600568398,0.07421671277792276,0.6111111111111112,8.166666666666666,1.0
J.J. O'Brien,30.88888888888889,102.11111111111111,18.5,9.527777777777779,1.9722222222222223,2.9166666666666665,2.361111111111111,1.3055555555555556,0.19444444444444445,1.3611111111111112,1.2777777777777777,0.43352314920297386,0.17592592592592593,0.3958002645502645,0.1983366264585557,0.06454778777835193,0.1261904456854592,0.5,8.166666666666666,1.0
Kevin Zabo,4.861111111111111,23.694444444444443,5.583333333333333,1.1666666666666667,0.08333333333333333,0.3611111111111111,0.25,0.4166666666666667,0.0,0.1388888888888889,0.3333333333333333,0.11574074074074076,0.10648148148148148,0.08796296296296297,0.018529502904502906,0.022121469829588167,0.018376533534579513,-0.5555555555555556,8.166666666666666,0.0
Malik Pope,11.61111111111111,63.02777777777778,11.472222222222221,4.083333333333333,0.6666666666666666,1.4166666666666667,0.5,0.6388888888888888,0.6388888888888888,0.2222222222222222,0.8333333333333334,0.292526455026455,0.18796296296296297,0.24583333333333332,0.05452246803321894,0.07818290527268854,0.059138227578896946,0.4444444444444444,8.166666666666666,1.0
Matt Shrigley,16.27777777777778,69.25,11.916666666666666,3.75,0.16666666666666666,1.1388888888888888,0.8333333333333334,0.7222222222222222,0.2222222222222222,0.6111111111111112,1.0,0.18055555555555555,0.2119047619047619,0.08333333333333333,0.020855802012411207,0.20142844640071164,0.00988589599700711,0.2222222222222222,8.166666666666666,1.0
Skylar Spencer,22.0,94.02777777777777,10.166666666666666,3.361111111111111,1.8611111111111112,2.9444444444444446,0.3055555555555556,0.6944444444444444,2.361111111111111,0.4722222222222222,1.7222222222222223,0.4347222222222222,0.0,0.22337962962962965,0.06528006145540231,0.0,0.09059894331231128,4.277777777777778,8.166666666666666,1.0
Trey Kell,18.666666666666668,82.88888888888889,18.88888888888889,5.305555555555555,0.5,2.0277777777777777,1.4166666666666667,1.0277777777777777,0.08333333333333333,0.5555555555555556,0.8611111111111112,0.3528439153439154,0.18935185185185185,0.3633597883597883,0.0852845252759271,0.11733476011941783,0.10491154962432052,-0.7777777777777778,8.166666666666666,1.0
Winston Shepard,24.916666666666668,88.0,28.47222222222222,10.527777777777779,1.6666666666666667,3.3333333333333335,1.8333333333333333,2.25,0.2777777777777778,0.5555555555555556,1.3333333333333333,0.3858916546416547,0.24537037037037035,0.5993606701940035,0.20279333478226794,0.09079391036348379,0.220217410206105,-2.8333333333333335,8.166666666666666,1.0
