,MP,ORtg,%Ps,Pts,OR,DR,A,TO,Blk,Stl,PF,2Pt %,3Pt %,FT %,2Pt %Att,3Pt %Att,FT %Att,Pnts-Prev,Marg,Maj Cont
Carl Hall,19.974358974358974,82.05128205128206,15.76923076923077,8.846153846153847,2.3076923076923075,2.6666666666666665,0.48717948717948717,0.8205128205128205,1.1025641025641026,0.3076923076923077,1.564102564102564,0.36146026338334036,0.0,0.43933011433011426,0.16102408839360371,0.0029520917678812417,0.1905697983433446,1.1794871794871795,7.615384615384615,1.0
Chadrack Lufile,5.564102564102564,22.794871794871796,3.0,1.1282051282051282,0.41025641025641024,0.8717948717948718,0.23076923076923078,0.2564102564102564,0.20512820512820512,0.10256410256410256,0.5128205128205128,0.24743589743589745,0.0,0.06837606837606837,0.024215603328632658,0.0,0.023343138343138344,0.10256410256410256,7.615384615384615,0.0
Cleanthony Early,21.307692307692307,98.48717948717949,25.128205128205128,11.871794871794872,1.9230769230769231,2.5384615384615383,0.5384615384615384,1.435897435897436,0.7435897435897436,0.6666666666666666,2.230769230769231,0.4380915380915381,0.2152218152218152,0.6121082621082621,0.16020738963761874,0.17175752791559346,0.19166971964296453,-0.05128205128205128,7.615384615384615,1.0
Demetric Williams,23.666666666666668,85.76923076923077,16.102564102564102,7.17948717948718,0.38461538461538464,2.0,2.128205128205128,1.5897435897435896,0.02564102564102564,1.1025641025641026,1.9743589743589745,0.3798534798534799,0.2334147334147334,0.41915954415954415,0.09788792882800335,0.14619835371354883,0.10394774326781946,-0.9230769230769231,7.615384615384615,0.0
Ehimen Orukpe,12.692307692307692,54.05128205128205,9.974358974358974,2.2564102564102564,1.2307692307692308,2.3333333333333335,0.20512820512820512,1.0256410256410255,1.2820512820512822,0.28205128205128205,1.6153846153846154,0.276007326007326,0.0,0.16025641025641027,0.05482067212813323,0.0,0.04837510892166763,1.0769230769230769,7.615384615384615,0.0
Fred VanVleet,13.615384615384615,78.7948717948718,14.051282051282051,3.358974358974359,0.3076923076923077,1.3333333333333333,2.0,1.0512820512820513,0.05128205128205128,0.7948717948717948,0.9230769230769231,0.2692307692307692,0.22307692307692306,0.12072649572649574,0.06307970531525571,0.04867750877072455,0.0297673156880193,-0.41025641025641024,7.615384615384615,1.0
Jake White,9.717948717948717,48.8974358974359,9.205128205128204,3.2564102564102564,0.8205128205128205,1.8205128205128205,0.2564102564102564,0.6153846153846154,0.0,0.1794871794871795,1.1025641025641026,0.4658730158730158,0.013675213675213675,0.23646723646723644,0.05706827886726456,0.03404804842784383,0.039274631853817375,-0.8717948717948718,7.615384615384615,0.0
Malcolm Armstead,24.46153846153846,92.48717948717949,19.71794871794872,9.025641025641026,0.6410256410256411,2.5641025641025643,3.4615384615384617,1.9743589743589745,0.02564102564102564,1.6923076923076923,1.9487179487179487,0.3995273245273245,0.30397842897842897,0.3064102564102564,0.10763382590647147,0.20235812164809236,0.07543077163941327,-0.5128205128205128,7.615384615384615,1.0
Nick Wiggins,11.58974358974359,73.43589743589743,11.179487179487179,4.410256410256411,0.28205128205128205,1.2820512820512822,0.28205128205128205,0.5384615384615384,0.1282051282051282,0.2564102564102564,0.7435897435897436,0.30000000000000004,0.2598290598290598,0.23931623931623933,0.04224942976559532,0.09658793870938065,0.05435654808255839,-0.3076923076923077,7.615384615384615,0.0
Ron Baker,7.871794871794871,37.256410256410255,6.102564102564102,2.6153846153846154,0.38461538461538464,0.48717948717948717,0.5641025641025641,0.41025641025641024,0.07692307692307693,0.28205128205128205,0.6410256410256411,0.20512820512820512,0.10274725274725274,0.14743589743589744,0.013512899167427582,0.09580366005705372,0.023442185577464095,-0.10256410256410256,7.615384615384615,1.0
Tekele Cotton,20.0,90.35897435897436,15.256410256410257,5.461538461538462,1.2564102564102564,2.1794871794871793,1.4871794871794872,1.0512820512820513,0.1282051282051282,0.7948717948717948,1.794871794871795,0.4465811965811965,0.1786324786324786,0.3232905982905983,0.09009505045686547,0.07341162078475308,0.09161791043466483,-0.2564102564102564,7.615384615384615,1.0
