,MP,ORtg,%Ps,Pts,OR,DR,A,TO,Blk,Stl,PF,2Pt %,3Pt %,FT %,2Pt %Att,3Pt %Att,FT %Att,Pnts-Prev,Marg,Maj Cont
Andrew Rowsey,20.0,108.5625,19.3125,11.1875,0.1875,1.53125,2.21875,1.21875,0.03125,0.65625,1.96875,0.39196428571428577,0.41820531898656893,0.5829985119047618,0.06547957385031322,0.19214884275854294,0.14739942770173858,-1.0625,7.28125,1.0
Duane Wilson,14.65625,75.375,13.84375,4.375,0.0625,1.5,1.5,0.71875,0.09375,0.90625,1.75,0.4244791666666667,0.21614583333333334,0.2890625,0.0660144219605012,0.06304389508498491,0.05234752992105933,0.5625,7.28125,1.0
Haanif Cheatham,25.21875,97.5,17.3125,8.6875,0.6875,3.15625,2.21875,1.59375,0.125,0.71875,1.53125,0.4351337031024531,0.20104166666666665,0.5367018398268398,0.1456693627579277,0.05123723400213998,0.1598541416979564,-1.5,7.28125,0.0
JaJuan Johnson,24.40625,96.84375,22.96875,11.09375,0.65625,3.125,2.5,2.15625,0.4375,1.78125,1.5,0.46974683302808307,0.31994047619047616,0.53828125,0.17842607564367793,0.10269863247535738,0.13330932746132632,0.125,7.28125,1.0
Katin Reinhardt,22.8125,96.71875,18.21875,9.5625,0.65625,1.8125,1.84375,1.1875,0.0625,0.5625,1.25,0.3786458333333333,0.33059275793650794,0.43720238095238095,0.09633932706939569,0.19035577309390728,0.0804956332253974,-1.125,7.28125,1.0
Luke Fischer,23.15625,123.59375,19.5,10.6875,2.53125,3.1875,1.15625,1.15625,1.59375,0.5625,3.25,0.6234146062271062,0.0,0.47827380952380955,0.20212761384886732,0.0,0.1567650488313802,2.0,7.28125,1.0
Markus Howard,20.46875,102.71875,22.28125,12.40625,0.28125,1.84375,2.09375,1.78125,0.0625,0.8125,2.4375,0.36292613636363635,0.45078125,0.5872395833333334,0.10687057517557093,0.18601653657796577,0.11014266787538236,-1.8125,7.28125,1.0
Matt Heldt,12.625,84.59375,5.78125,2.3125,1.25,1.59375,0.1875,0.25,0.40625,0.1875,2.0,0.3932291666666667,0.0,0.20833333333333334,0.03603320938917258,0.0,0.061606532825320685,0.6875,7.28125,1.0
Sam Hauser,25.46875,120.3125,13.25,8.40625,0.84375,4.0,1.3125,0.6875,0.59375,0.78125,2.375,0.4296875,0.4056175595238095,0.30598958333333337,0.05839928671471648,0.17428739245871466,0.05459010712710537,1.375,7.28125,1.0
Traci Carter,4.0625,22.59375,3.03125,1.0625,0.09375,0.4375,0.90625,0.34375,0.0,0.125,0.46875,0.140625,0.07291666666666667,0.0625,0.013390553589856996,0.008961693548387096,0.012239583333333333,-0.4375,7.28125,0.0
