,MP,ORtg,%Ps,Pts,OR,DR,A,TO,Blk,Stl,PF,2Pt %,3Pt %,FT %,2Pt %Att,3Pt %Att,FT %Att,Pnts-Prev,Marg,Maj Cont
Ahmaad Rorie,18.61111111111111,81.30555555555556,11.305555555555555,4.111111111111111,0.3611111111111111,1.75,1.7777777777777777,1.0,0.1111111111111111,0.16666666666666666,1.25,0.3912037037037037,0.22685185185185183,0.28703703703703703,0.05451863518834313,0.06538270962657183,0.056560875740742644,-1.4444444444444444,4.555555555555555,0.0
Casey Benson,18.77777777777778,104.22222222222223,10.13888888888889,3.5,0.2222222222222222,1.6111111111111112,1.9166666666666667,0.6388888888888888,0.027777777777777776,0.6111111111111112,1.4722222222222223,0.3148148148148148,0.31111111111111106,0.1875,0.02429303449995777,0.09846770635264974,0.036117145095473265,0.0,4.555555555555555,0.0
Dillon Brooks,26.666666666666668,96.38888888888889,21.38888888888889,10.88888888888889,1.6944444444444444,2.9722222222222223,1.6944444444444444,2.0,0.5555555555555556,0.5,2.888888888888889,0.45616782908449566,0.25,0.5458002645502646,0.16841234721571283,0.10369596600950884,0.1606675824738539,-1.8888888888888888,4.555555555555555,1.0
Dwayne Benjamin,20.416666666666668,96.5,16.583333333333332,7.583333333333333,1.5555555555555556,3.5555555555555554,0.9444444444444444,0.6388888888888888,0.3888888888888889,0.75,1.8055555555555556,0.42820767195767195,0.26792328042328045,0.2777777777777778,0.0950711943652728,0.13370884829014684,0.09432766420161973,1.0,4.555555555555555,1.0
Elgin Cook,27.583333333333332,101.25,22.27777777777778,12.444444444444445,1.3611111111111112,3.5555555555555554,1.5277777777777777,2.0277777777777777,0.1388888888888889,0.9722222222222222,3.111111111111111,0.4999165186665187,0.06944444444444445,0.6299913820747154,0.2051967222507942,0.026776872809435373,0.2759316348980401,-1.8333333333333333,4.555555555555555,1.0
Jalil Abdul-Bassit,18.083333333333332,92.52777777777777,16.916666666666668,7.527777777777778,0.5277777777777778,1.1111111111111112,0.6666666666666666,0.9444444444444444,0.3333333333333333,0.5277777777777778,2.111111111111111,0.3648148148148148,0.33455687830687825,0.30853174603174605,0.06416779578487002,0.1755128403579967,0.05411666469145912,-0.16666666666666666,4.555555555555555,1.0
Jordan Bell,21.52777777777778,99.38888888888889,11.61111111111111,4.527777777777778,1.7777777777777777,3.8333333333333335,1.2777777777777777,0.9444444444444444,2.388888888888889,0.75,2.5,0.4696097883597883,0.0,0.10802469135802469,0.09220384438853861,0.0,0.035838862220815684,4.388888888888889,4.555555555555555,1.0
Joseph Young,34.5,107.36111111111111,25.694444444444443,19.11111111111111,0.4722222222222222,3.7777777777777777,3.5277777777777777,2.2777777777777777,0.027777777777777776,1.0833333333333333,1.3333333333333333,0.4789378060211394,0.35462962962962963,0.7175925925925926,0.2208710359559825,0.3408995009981352,0.2002077500870917,-2.3333333333333335,4.555555555555555,1.0
Michael Chandler,2.8055555555555554,1.8611111111111112,0.75,1.1666666666666667,0.4166666666666667,0.3055555555555556,0.0,0.3055555555555556,0.05555555555555555,0.05555555555555555,0.5833333333333334,0.1222222222222222,0.0,0.13425925925925924,0.019709834794972653,0.0,0.03067626503534823,-0.3888888888888889,4.555555555555555,0.0
