,MP,ORtg,%Ps,Pts,OR,DR,A,TO,Blk,Stl,PF,2Pt %,3Pt %,FT %,2Pt %Att,3Pt %Att,FT %Att,Pnts-Prev,Marg,Maj Cont
Brayden Carlson,33.457142857142856,113.14285714285714,14.428571428571429,8.485714285714286,0.3142857142857143,3.3142857142857145,2.3714285714285714,1.1142857142857143,0.3142857142857143,0.8,1.8,0.38095238095238093,0.3342403628117913,0.4819727891156463,0.08324260926406687,0.19546129517231117,0.11589346021640247,0.0,8.085714285714285,1.0
Chad White,30.62857142857143,116.4,15.485714285714286,9.714285714285714,0.8285714285714286,3.057142857142857,1.2285714285714286,1.1428571428571428,0.4857142857142857,0.5428571428571428,1.8857142857142857,0.4231972789115646,0.39718820861678006,0.41333333333333333,0.06061596529433936,0.25149325068905176,0.06765349742946593,-0.22857142857142856,8.085714285714285,1.0
Jake Bittle,8.2,29.37142857142857,6.6571428571428575,1.7428571428571429,0.2,0.5428571428571428,0.6285714285714286,0.8,0.0,0.4,0.9428571428571428,0.20952380952380953,0.10476190476190476,0.12857142857142856,0.025419303906412134,0.030026898424628128,0.026809258374475765,-0.8,8.085714285714285,0.0
Jordan Dykstra,31.37142857142857,106.31428571428572,21.857142857142858,12.114285714285714,1.8857142857142857,5.771428571428571,1.3714285714285714,1.8857142857142857,0.5428571428571428,0.5428571428571428,2.5428571428571427,0.4315532879818595,0.37992063492063494,0.4984126984126985,0.1638277577548643,0.19036852920611222,0.14113030723203315,-1.6,8.085714285714285,1.0
Marcus Heemstra,11.428571428571429,82.14285714285714,15.257142857142858,4.057142857142857,1.1142857142857143,1.542857142857143,0.7714285714285715,0.7428571428571429,0.45714285714285713,0.2857142857142857,1.5714285714285714,0.3899319727891156,0.0,0.4119047619047619,0.08079740597628185,0.0,0.05418207204650825,0.0,8.085714285714285,0.0
Nate Wolters,34.74285714285714,117.68571428571428,29.0,20.714285714285715,1.0,4.114285714285714,5.3428571428571425,2.1142857142857143,0.11428571428571428,1.6,1.457142857142857,0.5073589505732362,0.3140136054421769,0.7467966160823304,0.2607934051932047,0.24802236113390908,0.37167504395523593,-0.8,8.085714285714285,1.0
Taevaunn Prince,10.057142857142857,49.31428571428572,10.657142857142857,3.1142857142857143,0.6571428571428571,0.8571428571428571,0.4,0.6,0.0,0.22857142857142856,1.1428571428571428,0.23619047619047617,0.05714285714285714,0.38190476190476186,0.056149733466148606,0.02441667645492425,0.08601866287886906,-0.7428571428571429,8.085714285714285,0.0
Tony Fiegen,30.8,110.08571428571429,18.428571428571427,9.857142857142858,1.9428571428571428,3.3714285714285714,1.457142857142857,1.3428571428571427,0.2,0.42857142857142855,1.7428571428571429,0.5360894660894662,0.0,0.42761904761904757,0.2239805872027465,0.0,0.10616150739081893,-1.4285714285714286,8.085714285714285,1.0
Zach Horstman,4.314285714285714,25.2,3.742857142857143,1.3142857142857143,0.22857142857142856,0.5428571428571428,0.4,0.05714285714285714,0.11428571428571428,0.05714285714285714,0.6,0.12142857142857143,0.09523809523809523,0.02857142857142857,0.01660180337050712,0.03163956034763488,0.0019047619047619052,0.22857142857142856,8.085714285714285,0.0
