,MP,ORtg,%Ps,Pts,OR,DR,A,TO,Blk,Stl,PF,2Pt %,3Pt %,FT %,2Pt %Att,3Pt %Att,FT %Att,Pnts-Prev,Marg,Maj Cont
Austin Burgett,3.6578947368421053,22.05263157894737,2.8684210526315788,0.8947368421052632,0.18421052631578946,0.5526315789473685,0.18421052631578946,0.18421052631578946,0.02631578947368421,0.15789473684210525,0.5526315789473685,0.25,0.02631578947368421,0.039473684210526314,0.012866852464083575,0.012953934188250629,0.0070920053757582355,0.0,11.789473684210526,0.0
Austin Torres,4.894736842105263,33.526315789473685,3.3684210526315788,1.394736842105263,0.4473684210526316,0.7105263157894737,0.07894736842105263,0.15789473684210525,0.0,0.07894736842105263,0.5263157894736842,0.31140350877192985,0.0,0.09868421052631579,0.024608905101464275,0.0,0.01335077890805445,-0.15789473684210525,11.789473684210526,0.0
Bonzie Colson,9.026315789473685,58.578947368421055,9.052631578947368,4.315789473684211,0.6052631578947368,1.4473684210526316,0.34210526315789475,0.3157894736842105,0.5,0.4473684210526316,0.8947368421052632,0.4450292397660819,0.02631578947368421,0.2858918128654971,0.07011869097308454,0.007829993801152348,0.06969750041666818,1.263157894736842,11.789473684210526,1.0
Demetrius Jackson,30.526315789473685,108.8157894736842,17.473684210526315,11.210526315789474,1.131578947368421,2.210526315789474,2.6052631578947367,1.3421052631578947,0.23684210526315788,1.4736842105263157,1.6578947368421053,0.5148809523809523,0.3526315789473684,0.6319548872180452,0.14509516469245903,0.1467436945310021,0.13712234042888802,0.7368421052631579,11.789473684210526,1.0
Eric Katenda,0.8421052631578947,0.0,0.0,0.34210526315789475,0.02631578947368421,0.15789473684210525,0.02631578947368421,0.02631578947368421,0.02631578947368421,0.02631578947368421,0.07894736842105263,0.07456140350877193,0.0,0.05701754385964912,0.013702241860151206,0.0,0.011695906432748537,0.05263157894736842,11.789473684210526,0.0
Jerian Grant,32.71052631578947,112.0,23.18421052631579,15.026315789473685,0.2631578947368421,2.4473684210526314,5.947368421052632,1.9210526315789473,0.5,1.5,1.8421052631578947,0.527690438216754,0.2627192982456141,0.6056789701526545,0.18599779032850883,0.18069685578779562,0.25058849501504,0.15789473684210525,11.789473684210526,1.0
Martinas Geben,5.105263157894737,21.44736842105263,3.3421052631578947,0.9473684210526315,0.23684210526315788,0.6842105263157895,0.23684210526315788,0.34210526315789475,0.21052631578947367,0.02631578947368421,0.6052631578947368,0.13815789473684212,0.0,0.10964912280701755,0.01585813441566521,0.0,0.03324029771398193,-0.21052631578947367,11.789473684210526,0.0
Matt Farrell,1.631578947368421,0.0,0.0,0.3684210526315789,0.0,0.15789473684210525,0.18421052631578946,0.07894736842105263,0.0,0.05263157894736842,0.07894736842105263,0.05263157894736842,0.02631578947368421,0.09210526315789473,0.0058490151379700815,0.006506893383624685,0.011990615537526292,-0.05263157894736842,11.789473684210526,0.0
Pat Connaughton,31.31578947368421,112.39473684210526,15.18421052631579,11.447368421052632,0.9736842105263158,5.684210526315789,1.3157894736842106,1.0,0.7368421052631579,0.6052631578947368,1.736842105263158,0.5055137844611528,0.36489139515455304,0.425438596491228,0.09220556585848094,0.25386743297600284,0.07415632417484157,0.6842105263157895,11.789473684210526,1.0
Steve Vasturia,28.42105263157895,109.07894736842105,13.236842105263158,8.657894736842104,0.4473684210526316,2.236842105263158,1.5263157894736843,1.105263157894737,0.13157894736842105,0.9210526315789473,1.9210526315789473,0.49868421052631584,0.3875,0.4003759398496241,0.08386877344017811,0.16896555783607595,0.06795076882195905,-0.10526315789473684,11.789473684210526,1.0
VJ Beachem,12.210526315789474,83.26315789473684,11.710526315789474,5.052631578947368,0.23684210526315788,0.9210526315789473,0.3684210526315789,0.3684210526315789,0.21052631578947367,0.21052631578947367,0.6842105263157895,0.2736842105263158,0.2989974937343359,0.2565789473684211,0.03162078382323634,0.11717247960135896,0.039714792563886804,0.10526315789473684,11.789473684210526,0.0
Zach Auguste,20.68421052631579,93.26315789473684,22.394736842105264,10.763157894736842,1.868421052631579,3.5526315789473686,0.7105263157894737,1.4473684210526316,0.6052631578947368,0.6578947368421053,2.1315789473684212,0.5058904545746652,0.0,0.4323099415204678,0.21294492400998097,0.0,0.17813701671591006,-0.3684210526315789,11.789473684210526,1.0
