,MP,ORtg,%Ps,Pts,OR,DR,A,TO,Blk,Stl,PF,2Pt %,3Pt %,FT %,2Pt %Att,3Pt %Att,FT %Att,Pnts-Prev,Marg
Ahmed Hill,25.625,105.4375,16.0,10.84375,0.53125,2.46875,0.9375,0.78125,0.0625,0.375,1.40625,0.49033978174603177,0.34361584595959593,0.3729166666666666,0.08934512457677468,0.21717030966790543,0.05378262547618442,-0.6875,7.96875
Chris Clarke,24.75,109.5625,20.5,8.28125,1.0625,5.40625,3.0,2.28125,0.125,0.9375,1.6875,0.5652529761904761,0.2604166666666667,0.5473958333333334,0.1351126042664433,0.04656317775906418,0.12304169397656602,-2.4375,7.96875
Devin Wilson,16.15625,101.75,9.9375,2.9375,0.21875,1.71875,1.75,0.59375,0.0625,0.4375,1.6875,0.475,0.0625,0.2265625,0.041308043824653584,0.02527874771128144,0.06054262144941989,-0.1875,7.96875
Justin Bibbs,30.65625,107.78125,16.5625,12.3125,0.125,2.1875,1.5,1.0625,0.15625,0.59375,1.4375,0.5501488095238096,0.35742807539682536,0.32031249999999994,0.14160811642841367,0.22251279334607318,0.06313749665053575,-0.625,7.96875
Justin Robinson,30.9375,113.3125,25.71875,13.84375,0.71875,2.0625,5.5625,2.53125,0.0625,1.1875,2.21875,0.49111652236652237,0.33824404761904764,0.6798363095238096,0.1794895819651239,0.17482713290224833,0.2185124461429252,-2.5625,7.96875
Kerry Blackshear,25.40625,116.34375,23.59375,12.59375,1.75,4.3125,1.25,1.5,0.90625,0.8125,3.03125,0.6021070942945943,0.2598958333333333,0.6589488636363636,0.17845849719970114,0.06664469479171503,0.25944185745526077,0.4375,7.96875
Nickeil Alexander-Walker,25.375,99.65625,20.5,10.53125,0.71875,3.1875,1.4375,1.59375,0.5625,0.875,1.53125,0.514484126984127,0.3363467261904762,0.4019097222222222,0.11630219911764902,0.18281577625083503,0.07116238366855705,-0.3125,7.96875
PJ Horne,9.59375,57.21875,8.9375,3.84375,0.875,1.09375,0.0625,0.53125,0.21875,0.09375,1.21875,0.4507440476190476,0.046875,0.2459077380952381,0.0620113495778882,0.0076269066078848684,0.0684529410291684,-0.4375,7.96875
Tyrie Jackson,6.25,25.125,4.9375,2.53125,0.34375,0.9375,0.34375,0.46875,0.03125,0.21875,0.6875,0.278125,0.1328125,0.2942708333333333,0.02893233934280848,0.03507153600224252,0.05755060430930072,-0.4375,7.96875
Wabissa Bede,6.96875,34.90625,5.25,1.90625,0.125,0.625,0.65625,0.28125,0.09375,0.21875,0.6875,0.19010416666666669,0.140625,0.09895833333333333,0.027432143700543896,0.021488924960749903,0.02437532984208176,0.0625,7.96875
