,MP,ORtg,%Ps,Pts,OR,DR,A,TO,Blk,Stl,PF,2Pt %,3Pt %,FT %,2Pt %Att,3Pt %Att,FT %Att,Pnts-Prev,Marg,Maj Cont
Caris LeVert,30.513513513513512,99.29729729729729,19.216216216216218,11.864864864864865,0.40540540540540543,3.5675675675675675,2.4864864864864864,1.4864864864864864,0.24324324324324326,1.027027027027027,1.4594594594594594,0.430019305019305,0.3353281853281853,0.6184977184977184,0.17207726546837607,0.17029173631067626,0.16220697341997953,-0.43243243243243246,8.054054054054054,1.0
Derrick Walton,23.405405405405407,92.72972972972973,16.2972972972973,7.243243243243243,0.32432432432432434,2.3513513513513513,2.5405405405405403,1.3783783783783783,0.02702702702702703,0.4864864864864865,1.5135135135135136,0.3684684684684685,0.3093307593307594,0.4325611325611326,0.08694618935374714,0.11444449745282947,0.11474547534416593,-1.7297297297297298,8.054054054054054,1.0
Glenn Robinson,28.2972972972973,97.05405405405405,18.7027027027027,11.594594594594595,1.2432432432432432,2.6216216216216215,1.0810810810810811,1.135135135135135,0.2702702702702703,0.8108108108108109,1.4054054054054055,0.5082153582153583,0.2187902187902188,0.5807271557271557,0.1987712078716218,0.12114808685070978,0.14815114462148915,-0.10810810810810811,8.054054054054054,1.0
Jon Horford,12.783783783783784,86.0,10.91891891891892,3.5135135135135136,1.2432432432432432,2.6486486486486487,0.4594594594594595,0.4594594594594595,0.7027027027027027,0.21621621621621623,1.837837837837838,0.4722651222651222,0.0,0.20945945945945946,0.08727621670723043,0.0024024024024024023,0.03277646710042354,0.918918918918919,8.054054054054054,1.0
Jordan Morgan,16.89189189189189,93.0,10.891891891891891,4.972972972972973,1.6216216216216217,2.5405405405405403,0.4864864864864865,0.6756756756756757,0.3783783783783784,0.32432432432432434,2.2972972972972974,0.5397147147147148,0.0,0.3532175032175032,0.09550818828058652,0.0,0.07356649565798476,0.05405405405405406,8.054054054054054,1.0
Max Bielfeldt,2.27027027027027,2.4864864864864864,0.43243243243243246,0.40540540540540543,0.1891891891891892,0.2972972972972973,0.0,0.05405405405405406,0.05405405405405406,0.05405405405405406,0.3783783783783784,0.05405405405405406,0.08108108108108109,0.0,0.010407731371353663,0.010797826949959611,0.0010395010395010396,0.10810810810810811,8.054054054054054,0.0
Mitch McGary,5.351351351351352,24.72972972972973,4.756756756756757,2.054054054054054,0.6216216216216216,1.162162162162162,0.32432432432432434,0.35135135135135137,0.16216216216216217,0.40540540540540543,0.6756756756756757,0.13384813384813385,0.0,0.13963963963963963,0.03950335850599909,0.0021760891326108715,0.040149039873094254,0.43243243243243246,8.054054054054054,0.0
Nik Stauskas,30.594594594594593,106.70270270270271,20.675675675675677,15.135135135135135,0.40540540540540543,2.2972972972972974,2.810810810810811,1.6216216216216217,0.2702702702702703,0.5135135135135135,1.135135135135135,0.4375053625053624,0.35674603174603176,0.6517052767052768,0.13794183775938554,0.22664616330768472,0.2583755362421099,-1.6756756756756757,8.054054054054054,1.0
Spike Albrecht,13.783783783783784,106.78378378378379,11.486486486486486,3.081081081081081,0.13513513513513514,0.8918918918918919,1.945945945945946,0.43243243243243246,0.02702702702702703,0.4594594594594595,1.1891891891891893,0.23873873873873871,0.3603603603603604,0.2054054054054054,0.024257588343285726,0.0752233781428235,0.03483661633282643,0.10810810810810811,8.054054054054054,0.0
Zak Irvin,13.91891891891892,84.43243243243244,14.0,6.081081081081081,0.3783783783783784,0.918918918918919,0.35135135135135137,0.40540540540540543,0.08108108108108109,0.24324324324324326,0.8648648648648649,0.24710424710424714,0.3256864006864007,0.12972972972972974,0.03920230823030588,0.16876171134219511,0.02604464226031732,-0.16216216216216217,8.054054054054054,1.0
