,MP,ORtg,%Ps,Pts,OR,DR,A,TO,Blk,Stl,PF,2Pt %,3Pt %,FT %,2Pt %Att,3Pt %Att,FT %Att,Pnts-Prev,Marg,Maj Cont
Aaron Valdes,25.264705882352942,91.44117647058823,17.11764705882353,12.058823529411764,1.2352941176470589,3.323529411764706,2.0294117647058822,1.2058823529411764,0.5294117647058824,1.0,1.6470588235294117,0.47231559290382813,0.2407096171802054,0.4640639589169001,0.13411549150213095,0.1768958123148181,0.14787886806050915,0.6470588235294118,10.441176470588236,1.0
Brocke Stepteau,1.2352941176470589,2.176470588235294,0.11764705882352941,0.08823529411764706,0.0,0.058823529411764705,0.08823529411764706,0.058823529411764705,0.0,0.029411764705882353,0.14705882352941177,0.0,0.0,0.04411764705882353,0.0012942314256456935,0.00786681822487449,0.006158873805932629,-0.058823529411764705,10.441176470588236,0.0
Isaac Fleming,15.941176470588236,65.05882352941177,11.911764705882353,6.4411764705882355,0.47058823529411764,1.2058823529411764,1.588235294117647,1.0588235294117647,0.029411764705882353,0.8529411764705882,1.4411764705882353,0.3556956115779645,0.17247899159663865,0.3387254901960784,0.059969909741851436,0.12392833810374766,0.07071701954055273,-0.35294117647058826,10.441176470588236,0.0
Mike Thomas,20.147058823529413,91.6470588235294,18.294117647058822,7.117647058823529,1.7352941176470589,3.323529411764706,0.8235294117647058,1.3529411764705883,0.3235294117647059,0.3235294117647059,2.6470588235294117,0.5229108309990663,0.0784313725490196,0.41462418300653586,0.12636781091879237,0.0389917835050582,0.1195349570798735,-1.411764705882353,10.441176470588236,1.0
Niko Filipovich,3.3823529411764706,10.852941176470589,1.911764705882353,0.7647058823529411,0.029411764705882353,0.29411764705882354,0.2647058823529412,0.35294117647058826,0.0,0.17647058823529413,0.5,0.08823529411764706,0.0196078431372549,0.16176470588235295,0.005335047340401714,0.023766042364658277,0.016152957646365353,-0.35294117647058826,10.441176470588236,0.0
Quincy Smith,24.735294117647058,93.11764705882354,16.470588235294116,7.235294117647059,0.7941176470588235,2.2058823529411766,2.3823529411764706,1.3529411764705883,0.11764705882352941,1.6176470588235294,1.911764705882353,0.46834733893557423,0.1762254901960784,0.3265917905623788,0.12611449873767738,0.0709217600152569,0.11893606342041725,0.7647058823529411,10.441176470588236,1.0
Roderick Bobbitt,31.0,96.88235294117646,20.705882352941178,12.088235294117647,0.9705882352941176,2.823529411764706,4.970588235294118,2.6470588235294117,0.17647058823529413,2.0,2.3823529411764706,0.4322245564892624,0.26160873440285204,0.6520111832611832,0.12635297183107722,0.20736686589780187,0.16595224966686775,-0.9411764705882353,10.441176470588236,1.0
Sai Tummala,16.705882352941178,95.52941176470588,14.382352941176471,6.147058823529412,1.0294117647058822,1.8823529411764706,0.7647058823529411,0.7647058823529411,0.23529411764705882,0.2647058823529412,2.4411764705882355,0.36323529411764705,0.36708683473389353,0.2450980392156863,0.05088511810257708,0.14256592980952215,0.03306008856784735,-0.5294117647058824,10.441176470588236,1.0
Sheriff Drammeh,11.323529411764707,58.3235294117647,3.7941176470588234,1.5,0.11764705882352941,0.7941176470588235,0.4117647058823529,0.2647058823529412,0.0,0.23529411764705882,1.3529411764705883,0.14705882352941177,0.14705882352941174,0.06985294117647059,0.016327089489331707,0.03712649182255573,0.018369706605000726,-0.058823529411764705,10.441176470588236,0.0
Stefan Jankovic,22.61764705882353,108.58823529411765,23.235294117647058,14.294117647058824,1.5294117647058822,4.5,1.1176470588235294,1.6470588235294117,1.1176470588235294,0.5882352941176471,2.7058823529411766,0.5521897220426633,0.2872549019607843,0.6859943977591039,0.18553515824660846,0.10799312712938171,0.1891249162084606,0.11764705882352941,10.441176470588236,1.0
Stefan Jovanovic,14.441176470588236,75.1470588235294,13.058823529411764,4.735294117647059,0.7647058823529411,3.0588235294117645,0.23529411764705882,1.0294117647058822,1.0,0.23529411764705882,1.6470588235294117,0.5500700280112045,0.0,0.3543417366946779,0.10451166567770478,0.0,0.053560666180179926,0.4117647058823529,10.441176470588236,1.0
Zach Buscher,1.1470588235294117,6.088235294117647,0.23529411764705882,0.29411764705882354,0.0,0.17647058823529413,0.11764705882352941,0.058823529411764705,0.0,0.029411764705882353,0.14705882352941177,0.10294117647058823,0.0,0.0,0.004367477574436417,0.0037535014005602245,0.001730103806228374,-0.058823529411764705,10.441176470588236,0.0
