,MP,ORtg,%Ps,Pts,OR,DR,A,TO,Blk,Stl,PF,2Pt %,3Pt %,FT %,2Pt %Att,3Pt %Att,FT %Att,Pnts-Prev,Marg,Maj Cont
Brison White,18.03125,99.15625,22.875,7.8125,0.53125,1.15625,2.1875,1.3125,0.125,1.5625,1.78125,0.4868303571428572,0.22864583333333333,0.37890625,0.1122718016720299,0.11358407532136541,0.0801527283518956,0.75,9.5625,1.0
DeQuan Hicks,17.5625,102.15625,29.09375,12.3125,2.15625,2.90625,1.5,2.0625,0.5625,1.40625,2.21875,0.5297070117382616,0.0,0.5335633116883117,0.18934795349597086,0.001488095238095238,0.15754052246036004,-0.1875,9.5625,1.0
Gary Roberson,15.125,90.09375,17.5,6.125,1.1875,1.625,0.59375,0.84375,0.15625,0.40625,1.90625,0.43884154040404033,0.171875,0.3463541666666667,0.08560652010310218,0.05544021515452101,0.06798411646063272,-0.5625,9.5625,1.0
Gary Stewart,17.375,81.0625,16.21875,5.34375,0.78125,2.0,0.875,1.40625,0.25,0.46875,1.1875,0.3713541666666667,0.24479166666666669,0.34375,0.0508748819104885,0.14179766182898967,0.05557349948772659,-1.375,9.5625,1.0
Jalan West,24.34375,121.96875,21.25,10.0,0.53125,1.9375,5.03125,1.8125,0.125,2.3125,2.0,0.49270833333333325,0.3378968253968255,0.5244791666666666,0.07846480228906023,0.24667724002629857,0.09254308255977343,1.25,9.5625,1.0
James Hulbin,21.0625,119.4375,23.71875,11.71875,1.78125,3.90625,0.875,1.1875,0.875,0.59375,1.75,0.5898685515873016,0.35989583333333336,0.5454727564102564,0.12648428707001166,0.1697037377630745,0.1253651348095183,0.5625,9.5625,1.0
Marvin Frazier,15.4375,103.9375,13.5,4.78125,1.25,2.75,0.28125,0.6875,1.21875,0.5625,1.875,0.48802083333333335,0.078125,0.2828125,0.0846432732023031,0.02047378960642228,0.0527746362538465,2.1875,9.5625,0.0
O.J. Evans,15.03125,86.375,12.75,3.375,1.34375,2.28125,0.3125,0.6875,0.59375,0.3125,1.5625,0.3644717261904762,0.0,0.22447916666666667,0.073028245617202,0.0,0.0499746400126391,0.4375,9.5625,1.0
Patrick Robinson,17.1875,93.875,12.375,3.4375,1.3125,1.75,1.0,1.15625,0.5625,0.8125,2.03125,0.44687499999999997,0.171875,0.3296875,0.03696328153801311,0.056024446401000697,0.0499327888955536,0.4375,9.5625,1.0
Shamir Davis,24.625,104.03125,23.75,12.09375,0.65625,1.375,2.09375,1.71875,0.0,0.78125,1.53125,0.4170353084415584,0.2260416666666667,0.7250372023809525,0.13106495310181843,0.16356073866023263,0.23690885070805406,-1.875,9.5625,1.0
