,MP,ORtg,%Ps,Pts,OR,DR,A,TO,Blk,Stl,PF,2Pt %,3Pt %,FT %,2Pt %Att,3Pt %Att,FT %Att,Pnts-Prev,Marg,Maj Cont
Austin Chatman,28.17142857142857,105.14285714285714,15.971428571428572,7.285714285714286,0.5142857142857142,2.6857142857142855,4.228571428571429,1.6285714285714286,0.02857142857142857,0.5142857142857142,2.085714285714286,0.43163265306122456,0.3271428571428572,0.5325396825396825,0.1084217425983823,0.09854317896496333,0.12955557887490657,-2.1714285714285713,11.428571428571429,1.0
Avery Dingman,13.628571428571428,73.34285714285714,8.714285714285714,3.0,0.42857142857142855,1.7142857142857142,0.8285714285714286,0.5714285714285714,0.11428571428571428,0.3142857142857143,1.6285714285714286,0.28714285714285714,0.1357142857142857,0.27380952380952384,0.043996837312827934,0.050386846812808306,0.04501126604487948,-0.2857142857142857,11.428571428571429,1.0
Devin Brooks,15.542857142857143,93.0,25.771428571428572,6.257142857142857,1.1714285714285715,2.2285714285714286,2.5714285714285716,1.7142857142857142,0.05714285714285714,0.6285714285714286,1.0,0.36710368996083276,0.10952380952380951,0.4182993197278912,0.1209719435852904,0.03204194340894411,0.13469020497890108,-2.057142857142857,11.428571428571429,1.0
Doug McDermott,31.685714285714287,116.88571428571429,31.771428571428572,25.4,1.542857142857143,5.0285714285714285,1.4857142857142858,1.7428571428571429,0.11428571428571428,0.22857142857142856,1.7428571428571429,0.527355856095352,0.4161945990517419,0.7921768707482995,0.36107197929170143,0.2422552178690555,0.3125984453786027,-2.8,11.428571428571429,1.0
Ethan Wragge,25.314285714285713,123.8,13.2,9.885714285714286,0.4857142857142857,3.2857142857142856,0.7714285714285715,0.5428571428571428,0.11428571428571428,0.42857142857142855,2.4571428571428573,0.04285714285714286,0.45295299938157085,0.28619047619047616,0.006547599685035304,0.25109306289834904,0.04999205402892038,0.0,11.428571428571429,1.0
Geoff Groselle,1.3142857142857143,0.0,0.0,0.5714285714285714,0.11428571428571428,0.2857142857142857,0.05714285714285714,0.02857142857142857,0.11428571428571428,0.0,0.22857142857142856,0.1657142857142857,0.0,0.02857142857142857,0.010625763756988196,0.0,0.006629560915275201,0.17142857142857143,11.428571428571429,0.0
Grant Gibbs,20.17142857142857,91.88571428571429,13.057142857142857,5.542857142857143,0.7428571428571429,1.8,2.942857142857143,1.4285714285714286,0.2857142857142857,0.4,2.2285714285714286,0.4757936507936508,0.2833333333333333,0.33891156462585037,0.07561592166149537,0.04931280891453746,0.10121925318740174,-1.4857142857142858,11.428571428571429,1.0
Isaiah Zierden,8.685714285714285,49.6,6.8,2.5714285714285716,0.02857142857142857,0.5714285714285714,0.7428571428571429,0.11428571428571428,0.0,0.08571428571428572,0.6,0.2214285714285714,0.18870748299319726,0.12285714285714285,0.030306633281330153,0.058694877240418386,0.017012840101075396,-0.05714285714285714,11.428571428571429,0.0
Jahenns Manigat,26.542857142857144,116.08571428571429,11.714285714285714,6.771428571428571,0.4,2.342857142857143,2.7142857142857144,0.7142857142857143,0.0,1.0,2.2285714285714286,0.33095238095238094,0.36385487528344673,0.20714285714285716,0.039599170521623504,0.15766490313188347,0.02761518593451367,0.5714285714285714,11.428571428571429,1.0
Will Artino,12.628571428571428,99.91428571428571,16.314285714285713,5.428571428571429,1.0571428571428572,2.142857142857143,0.22857142857142856,0.6285714285714286,0.3142857142857143,0.2571428571428571,1.7714285714285714,0.6395238095238097,0.0,0.31857142857142856,0.11345988108055385,0.0,0.08312304827186907,-0.11428571428571428,11.428571428571429,1.0
Zach Hanson,3.1142857142857143,7.714285714285714,0.9428571428571428,1.8285714285714285,0.3142857142857143,0.4,0.02857142857142857,0.08571428571428572,0.17142857142857143,0.0,0.5142857142857142,0.3119047619047619,0.0,0.17857142857142858,0.032239670081914466,0.002864303616183315,0.03540970514079758,0.17142857142857143,11.428571428571429,0.0
