,MP,ORtg,%Ps,Pts,OR,DR,A,TO,Blk,Stl,PF,2Pt %,3Pt %,FT %,2Pt %Att,3Pt %Att,FT %Att,Pnts-Prev,Marg,Maj Cont
Anas Mahmoud,16.11764705882353,89.02941176470588,12.735294117647058,4.970588235294118,1.2941176470588236,2.1176470588235294,0.7352941176470589,0.9411764705882353,1.7647058823529411,0.7941176470588235,2.2941176470588234,0.4866596638655462,0.0,0.17100840336134454,0.08518842350049999,0.0,0.06359917580204928,3.235294117647059,11.0,1.0
David Levitch,8.617647058823529,41.64705882352941,3.676470588235294,1.7352941176470589,0.3235294117647059,0.7647058823529411,0.8529411764705882,0.20588235294117646,0.0,0.29411764705882354,0.9411764705882353,0.16176470588235295,0.17107843137254902,0.07843137254901962,0.013549757939484227,0.05132327897420778,0.014573241061130334,0.17647058823529413,11.0,0.0
Deng Adel,27.235294117647058,100.94117647058823,18.470588235294116,10.823529411764707,0.6764705882352942,3.4705882352941178,1.9705882352941178,1.2352941176470589,0.3235294117647059,0.5588235294117647,1.6470588235294117,0.3965372862431686,0.28284313725490196,0.5159430438842204,0.13751260261635695,0.18170470525346688,0.1223252023123354,-0.7058823529411765,11.0,1.0
Donovan Mitchell,30.058823529411764,105.02941176470588,22.264705882352942,14.735294117647058,0.9411764705882353,3.411764705882353,2.4411764705882355,1.6176470588235294,0.4411764705882353,1.9411764705882353,2.411764705882353,0.4719187675070028,0.3246031746031746,0.6178221288515406,0.14714266626043407,0.31901328662164585,0.15868140054001503,1.5294117647058822,11.0,1.0
Jay Henderson,1.0294117647058822,0.0,0.0,0.4411764705882353,0.0,0.08823529411764706,0.08823529411764706,0.029411764705882353,0.0,0.08823529411764706,0.17647058823529413,0.10294117647058823,0.029411764705882353,0.058823529411764705,0.005346315907235943,0.012011870138805125,0.005825518613242398,0.11764705882352941,11.0,0.0
Jaylen Johnson,19.352941176470587,103.82352941176471,17.764705882352942,7.617647058823529,2.5,2.9705882352941178,0.5294117647058824,1.2352941176470589,0.5,0.4411764705882353,2.3529411764705883,0.5043141499023852,0.11764705882352941,0.4126050420168067,0.11289472603994555,0.011025111799105607,0.12457631459465489,-0.5882352941176471,11.0,1.0
Mangok Mathiang,18.764705882352942,91.8529411764706,16.352941176470587,6.705882352941177,2.3529411764705883,3.2058823529411766,0.6764705882352942,1.0588235294117647,1.0294117647058822,0.47058823529411764,2.235294117647059,0.4071075310694688,0.0,0.4377450980392157,0.12262873471283442,0.0,0.09134032394566428,0.8823529411764706,11.0,1.0
Matz Stockman,2.176470588235294,7.0588235294117645,1.3823529411764706,0.9117647058823529,0.35294117647058826,0.2647058823529412,0.08823529411764706,0.20588235294117646,0.058823529411764705,0.058823529411764705,0.47058823529411764,0.1122549019607843,0.0,0.075,0.011009806166297596,0.0,0.0219849523255096,-0.17647058823529413,11.0,0.0
Quentin Snider,24.029411764705884,89.70588235294117,15.882352941176471,9.735294117647058,0.6176470588235294,1.4411764705882353,3.1470588235294117,1.1470588235294117,0.0,0.47058823529411764,1.1764705882352942,0.2857582776700424,0.2950396825396826,0.46374458874458874,0.10179131290275173,0.20016227394323363,0.1050444017590059,-1.3529411764705883,11.0,1.0
Ray Spalding,18.0,89.05882352941177,14.264705882352942,5.529411764705882,1.8235294117647058,3.5588235294117645,0.7647058823529411,1.2352941176470589,0.8529411764705882,0.6176470588235294,2.5294117647058822,0.4881185807656396,0.0,0.37149859943977587,0.0904077659261749,0.005065359477124183,0.10012673358549615,0.47058823529411764,11.0,1.0
Ryan McMahon,5.176470588235294,22.5,3.323529411764706,2.088235294117647,0.058823529411764705,0.35294117647058826,0.5,0.29411764705882354,0.058823529411764705,0.17647058823529413,0.8823529411764706,0.029411764705882353,0.1685574229691877,0.1568627450980392,0.005466795027296906,0.07653099609368959,0.022281639928698752,-0.11764705882352941,11.0,0.0
Tony Hicks,6.264705882352941,29.58823529411765,7.529411764705882,2.323529411764706,0.058823529411764705,0.6176470588235294,0.5294117647058824,0.5882352941176471,0.029411764705882353,0.23529411764705882,0.4117647058823529,0.2,0.053921568627450976,0.15196078431372548,0.03809242771518905,0.02741391090849295,0.029190957049013318,-0.6470588235294118,11.0,1.0
VJ King,12.558823529411764,67.20588235294117,12.441176470588236,5.294117647058823,0.5,1.3823529411764706,0.4411764705882353,0.6470588235294118,0.08823529411764706,0.20588235294117646,0.7352941176470589,0.30828664799253036,0.25049019607843137,0.38480392156862747,0.07014513587373404,0.056925677378463754,0.08162660907141993,-0.7058823529411765,11.0,0.0
