,MP,ORtg,%Ps,Pts,OR,DR,A,TO,Blk,Stl,PF,2Pt %,3Pt %,FT %,2Pt %Att,3Pt %Att,FT %Att,Pnts-Prev,Marg,Maj Cont
Bennett Koch,3.257142857142857,6.314285714285714,1.1428571428571428,1.1142857142857143,0.2,0.2571428571428571,0.0,0.2571428571428571,0.08571428571428572,0.0,0.6571428571428571,0.1476190476190476,0.0,0.10952380952380952,0.024801261082029877,0.0,0.02628609195105359,-0.34285714285714286,10.428571428571429,0.0
Deon Mitchell,19.62857142857143,87.28571428571429,23.714285714285715,6.9714285714285715,0.17142857142857143,1.7428571428571429,2.2857142857142856,1.6571428571428573,0.05714285714285714,0.9428571428571428,0.7142857142857143,0.3289063317634746,0.32142857142857145,0.355504019789734,0.13522176405273875,0.09441312787371503,0.10353448033578556,-1.3142857142857143,10.428571428571429,1.0
Jeremy Morgan,22.4,101.2,13.485714285714286,5.628571428571429,0.7428571428571429,2.2285714285714286,0.8285714285714286,0.4857142857142857,0.5428571428571428,1.1142857142857143,1.5714285714285714,0.48761904761904773,0.25047619047619046,0.3385714285714286,0.05661877786803664,0.13405692297749683,0.08926147138813913,2.342857142857143,10.428571428571429,0.0
Klint Carlson,1.6857142857142857,7.285714285714286,0.7142857142857143,0.34285714285714286,0.08571428571428572,0.17142857142857143,0.05714285714285714,0.05714285714285714,0.0,0.02857142857142857,0.08571428571428572,0.02857142857142857,0.05714285714285714,0.04285714285714286,0.006653819422505844,0.0026466165413533836,0.006082432973189274,-0.05714285714285714,10.428571428571429,0.0
Marvin Singleton,24.0,109.05714285714286,13.057142857142857,4.714285714285714,1.9714285714285715,2.8,0.6571428571428571,0.9142857142857143,0.14285714285714285,0.2857142857142857,1.5714285714285714,0.5932426303854876,0.05714285714285714,0.2904761904761905,0.1132718361118814,0.02216846805611877,0.0609705396634516,-0.9714285714285714,10.428571428571429,0.0
Matt Bohannon,24.742857142857144,98.68571428571428,10.114285714285714,5.371428571428571,0.0,1.6285714285714286,0.8285714285714286,0.4,0.02857142857142857,0.5714285714285714,1.457142857142857,0.24285714285714285,0.334750566893424,0.2119047619047619,0.01832135778728705,0.20584931903245207,0.03552867339224161,0.4,10.428571428571429,0.0
Max Martino,0.9142857142857143,0.0,0.0,0.05714285714285714,0.02857142857142857,0.05714285714285714,0.02857142857142857,0.0,0.0,0.0,0.11428571428571428,0.0,0.0,0.02857142857142857,0.0019420671494404212,0.005351076102955802,0.0057422969187675066,0.0,10.428571428571429,0.0
Nate Buss,16.057142857142857,100.6,19.685714285714287,6.9714285714285715,0.6857142857142857,1.9428571428571428,0.05714285714285714,0.6,0.4,0.08571428571428572,1.4857142857142858,0.4118367346938775,0.2985714285714286,0.39666666666666667,0.09773492681282211,0.13915290805500125,0.0915455036025633,-0.22857142857142856,10.428571428571429,1.0
Paul Jesperson,16.82857142857143,91.97142857142858,10.057142857142857,5.114285714285714,0.2857142857142857,1.7142857142857142,0.2857142857142857,0.37142857142857144,0.05714285714285714,0.3142857142857143,1.3142857142857143,0.2904761904761905,0.32795918367346943,0.14285714285714285,0.02928388121331141,0.1594661254291793,0.02216367706502891,0.0,10.428571428571429,1.0
Seth Tuttle,28.4,112.45714285714286,28.885714285714286,14.457142857142857,1.2285714285714286,5.171428571428572,3.142857142857143,2.6285714285714286,0.5428571428571428,0.8285714285714286,2.057142857142857,0.6087899402185117,0.3019047619047619,0.6736446886446886,0.25715885466393723,0.06960551137397664,0.29394021314318525,-2.5142857142857142,10.428571428571429,1.0
Wes Washpun,20.62857142857143,91.91428571428571,23.62857142857143,7.257142857142857,0.22857142857142856,2.2285714285714286,2.4285714285714284,1.7714285714285714,0.4857142857142857,0.9142857142857143,1.5714285714285714,0.3891383219954648,0.20476190476190478,0.46393424036281183,0.13195110724120404,0.05816985241733384,0.16168049705329385,-0.7428571428571429,10.428571428571429,1.0
Wyatt Lohaus,12.457142857142857,75.02857142857142,12.285714285714286,3.6285714285714286,0.05714285714285714,1.0,0.6571428571428571,0.5142857142857142,0.0,0.5142857142857142,0.9142857142857143,0.3105442176870748,0.2976190476190476,0.3142857142857143,0.06989748945194812,0.05197721499755998,0.046121265370443296,0.0,10.428571428571429,1.0
