,MP,ORtg,%Ps,Pts,OR,DR,A,TO,Blk,Stl,PF,2Pt %,3Pt %,FT %,2Pt %Att,3Pt %Att,FT %Att,Pnts-Prev,Marg,Maj Cont
Gary Clark,26.833333333333332,113.97222222222223,18.194444444444443,10.083333333333334,2.861111111111111,4.583333333333333,1.8888888888888888,1.0277777777777777,1.1111111111111112,0.9444444444444444,1.75,0.5315416065416065,0.19212962962962965,0.5204199735449735,0.16117537853048838,0.05746577185352524,0.16340491995105674,2.0555555555555554,12.88888888888889,1.0
Jacob Evans,29.52777777777778,119.19444444444444,19.25,12.916666666666666,1.4444444444444444,2.4722222222222223,2.5,1.1111111111111112,0.75,1.1944444444444444,2.0555555555555554,0.5191247795414462,0.38744989578322914,0.5310626102292768,0.1355012657664974,0.20683252696291504,0.15630987309651656,1.6666666666666667,12.88888888888889,1.0
Jarron Cumberland,17.38888888888889,88.75,16.22222222222222,7.444444444444445,0.9444444444444444,1.25,1.4166666666666667,0.9444444444444444,0.25,0.9444444444444444,1.5833333333333333,0.5291335978835979,0.24107142857142858,0.40800264550264553,0.05941022835735235,0.13545963726380048,0.13150237454028865,0.5,12.88888888888889,1.0
Justin Jenifer,12.277777777777779,69.41666666666667,7.694444444444445,2.7222222222222223,0.2222222222222222,0.75,1.8611111111111112,0.4444444444444444,0.0,0.4444444444444444,0.8888888888888888,0.22585978835978832,0.19583333333333333,0.1111111111111111,0.031605870008874645,0.0629041917989448,0.02500078936566575,0.0,12.88888888888889,0.0
Kevin Johnson,26.52777777777778,90.0,14.333333333333334,7.527777777777778,0.6111111111111112,1.4166666666666667,1.25,1.0277777777777777,0.1111111111111111,1.2222222222222223,1.6111111111111112,0.3650462962962962,0.2582671957671958,0.3370370370370371,0.07236604944292949,0.20691300948957583,0.061688203136238795,0.6111111111111112,12.88888888888889,1.0
Kyle Washington,23.305555555555557,99.86111111111111,23.694444444444443,12.333333333333334,2.111111111111111,4.361111111111111,0.8333333333333334,1.4166666666666667,1.1666666666666667,0.3611111111111111,2.4166666666666665,0.49561684457517796,0.13657407407407407,0.5552910052910052,0.2316594296112757,0.045292104967694806,0.1514539163274635,0.2222222222222222,12.88888888888889,1.0
Nysier Brooks,7.166666666666667,34.416666666666664,5.611111111111111,2.111111111111111,0.5555555555555556,0.8611111111111112,0.05555555555555555,0.5277777777777778,0.6111111111111112,0.1111111111111111,1.4722222222222223,0.3027777777777778,0.0,0.24074074074074078,0.0356680733407927,0.0,0.048210285045176424,0.3888888888888889,12.88888888888889,0.0
Quadri Moore,5.944444444444445,19.0,6.027777777777778,2.1666666666666665,0.3333333333333333,0.6944444444444444,0.19444444444444445,0.5555555555555556,0.08333333333333333,0.16666666666666666,0.9444444444444444,0.2082010582010582,0.1273148148148148,0.18055555555555555,0.03321277553950644,0.03953819154709808,0.0259755542364238,-0.6111111111111112,12.88888888888889,0.0
Tre Scott,9.805555555555555,43.05555555555556,7.5,2.9722222222222223,0.6666666666666666,1.75,0.5555555555555556,0.4444444444444444,0.4166666666666667,0.4722222222222222,0.6944444444444444,0.3055776014109347,0.027777777777777776,0.1712962962962963,0.06144587338979273,0.00392691798941799,0.045933908156105895,0.8888888888888888,12.88888888888889,0.0
Troy Caupain,30.166666666666668,107.69444444444444,18.22222222222222,9.583333333333334,0.5833333333333334,3.6666666666666665,4.305555555555555,1.1388888888888888,0.3055555555555556,1.1388888888888888,1.4166666666666667,0.43167989417989416,0.30486111111111114,0.4626543209876543,0.12239950045693461,0.1861120925714722,0.1349646205895084,0.6111111111111112,12.88888888888889,1.0
