,MP,ORtg,%Ps,Pts,OR,DR,A,TO,Blk,Stl,PF,2Pt %,3Pt %,FT %,2Pt %Att,3Pt %Att,FT %Att,Pnts-Prev,Marg,Maj Cont
Cody Ellis,24.485714285714284,99.77142857142857,20.085714285714285,9.685714285714285,0.2571428571428571,3.085714285714286,0.8285714285714286,0.8,0.2857142857142857,1.0,1.7142857142857142,0.24523809523809526,0.3104483611626469,0.560294784580499,0.0875778222040118,0.2930319869756057,0.13729144049463052,0.9714285714285714,9.971428571428572,1.0
Cory Remekun,16.114285714285714,72.37142857142857,11.085714285714285,3.8857142857142857,1.0285714285714285,1.4,0.3142857142857143,0.7714285714285715,1.0571428571428572,0.2857142857142857,1.9428571428571428,0.4209297052154194,0.0,0.26000000000000006,0.0842331737435215,0.0,0.07084077092451181,1.1428571428571428,9.971428571428572,1.0
Dwayne Evans,27.65714285714286,109.77142857142857,23.914285714285715,12.885714285714286,2.2857142857142856,5.0,1.0285714285714285,1.6571428571428573,0.6857142857142857,1.2285714285714286,2.5428571428571427,0.5054997383568812,0.09523809523809525,0.6545279323850752,0.21859250769263547,0.02987969120961448,0.23309821504957645,0.5142857142857142,9.971428571428572,1.0
Grandy Glaze,7.942857142857143,41.94285714285714,7.457142857142857,2.085714285714286,0.5714285714285714,1.1714285714285715,0.34285714285714286,0.3142857142857143,0.08571428571428572,0.34285714285714286,0.7714285714285715,0.3004761904761905,0.0,0.02857142857142857,0.05356843161992901,0.0,0.011477411477411478,0.22857142857142856,9.971428571428572,0.0
Jake Barnett,14.628571428571428,71.68571428571428,10.628571428571428,3.5142857142857142,0.6857142857142857,1.9714285714285715,0.8285714285714286,0.7714285714285715,0.05714285714285714,0.37142857142857144,0.8,0.3190476190476191,0.2252380952380952,0.24285714285714285,0.029840617091541788,0.11251411022981891,0.03584368797859979,-0.6857142857142857,9.971428571428572,0.0
John Manning,3.9714285714285715,20.257142857142856,4.085714285714285,1.2285714285714286,0.08571428571428572,0.34285714285714286,0.11428571428571428,0.22857142857142856,0.2857142857142857,0.05714285714285714,0.6,0.16428571428571428,0.0,0.1261904761904762,0.0277785784846658,0.0,0.023037482131078188,0.22857142857142856,9.971428571428572,0.0
Jordair Jett,25.0,93.65714285714286,21.142857142857142,8.628571428571428,0.4,2.342857142857143,3.0,2.057142857142857,0.17142857142857143,1.1428571428571428,1.9142857142857144,0.4791051805337519,0.22857142857142856,0.49632653061224496,0.1521608170670136,0.05278107754599495,0.14816520604158884,-1.4857142857142858,9.971428571428572,1.0
Kwamain Mitchell,18.914285714285715,62.77142857142857,14.114285714285714,6.542857142857143,0.2,1.2857142857142858,1.9142857142857144,1.2571428571428571,0.02857142857142857,0.9428571428571428,1.5714285714285714,0.2604421768707483,0.1661904761904762,0.363015873015873,0.08955726416743938,0.12726063000451018,0.08057184041808359,-0.5714285714285714,9.971428571428572,1.0
Mike McCall,27.65714285714286,108.68571428571428,18.62857142857143,9.114285714285714,0.6,1.7714285714285714,2.6,1.4,0.05714285714285714,1.2571428571428571,1.8,0.43469387755102046,0.35047619047619044,0.5233333333333333,0.11371810364081644,0.1814081531755512,0.09773554619451685,-0.17142857142857143,9.971428571428572,1.0
Rob Loe,21.97142857142857,93.05714285714286,18.285714285714285,6.828571428571428,1.0571428571428572,2.2857142857142856,1.0857142857142856,1.2571428571428571,0.2571428571428571,0.4,2.6285714285714286,0.4974149659863945,0.2733333333333333,0.40210884353741494,0.08582982714556808,0.1459814937160475,0.10479554214714538,-1.2,9.971428571428572,1.0
