,MP,ORtg,%Ps,Pts,OR,DR,A,TO,Blk,Stl,PF,2Pt %,3Pt %,FT %,2Pt %Att,3Pt %Att,FT %Att,Pnts-Prev,Marg,Maj Cont
Aqeel Quinn,13.583333333333334,71.80555555555556,13.166666666666666,4.277777777777778,0.3055555555555556,1.0277777777777777,0.8611111111111112,0.6388888888888888,0.05555555555555555,0.6111111111111112,1.0555555555555556,0.27810846560846564,0.19894179894179898,0.2981481481481481,0.04183006350099599,0.15175123306250757,0.04260334079351976,0.05555555555555555,12.805555555555555,0.0
D'Erryl Williams,3.4722222222222223,18.61111111111111,1.1944444444444444,0.3611111111111111,0.08333333333333333,0.2222222222222222,0.2222222222222222,0.08333333333333333,0.05555555555555555,0.0,0.4722222222222222,0.05555555555555555,0.027777777777777776,0.05092592592592592,0.0072587264366767885,0.0018518518518518521,0.007495895399121206,-0.05555555555555555,12.805555555555555,0.0
Dakarai Allen,8.472222222222221,42.388888888888886,7.111111111111111,2.0277777777777777,0.4166666666666667,0.5277777777777778,0.3055555555555556,0.3888888888888889,0.2777777777777778,0.5,1.1944444444444444,0.21005291005291005,0.0,0.21180555555555555,0.039329060911261655,0.0,0.04246263919145255,0.7777777777777778,12.805555555555555,0.0
Dwayne Polee,14.055555555555555,80.86111111111111,16.52777777777778,6.611111111111111,0.5833333333333334,2.0,0.3611111111111111,0.8333333333333334,0.4444444444444444,0.9444444444444444,1.6111111111111112,0.40710978835978845,0.28240740740740744,0.3420965608465608,0.07233145392493093,0.16048924296473316,0.04997767333222897,1.1111111111111112,12.805555555555555,1.0
J.J. O'Brien,24.666666666666668,86.97222222222223,15.583333333333334,7.138888888888889,1.8611111111111112,2.3055555555555554,1.0555555555555556,1.2777777777777777,0.3055555555555556,0.6666666666666666,1.8333333333333333,0.4461199294532628,0.06944444444444445,0.456146785313452,0.12912051133818342,0.03343701732182124,0.1127251070216286,-0.6111111111111112,12.805555555555555,1.0
James Johnson,4.25,21.555555555555557,1.6388888888888888,0.8611111111111112,0.19444444444444445,0.5,0.05555555555555555,0.1388888888888889,0.1388888888888889,0.1388888888888889,1.0,0.1435185185185185,0.0,0.09722222222222222,0.012690666757749963,0.0,0.012706272905513892,0.2777777777777778,12.805555555555555,0.0
Josh Davis,25.72222222222222,83.44444444444444,15.5,6.638888888888889,2.8333333333333335,5.527777777777778,0.6666666666666666,1.1666666666666667,0.4166666666666667,0.8888888888888888,1.6666666666666667,0.3730870210036877,0.0,0.25212742504409175,0.14230502213515914,0.0,0.10765395971787202,0.2777777777777778,12.805555555555555,1.0
Matt Shrigley,14.666666666666666,92.02777777777777,13.38888888888889,5.055555555555555,0.19444444444444445,1.2222222222222223,0.5,0.4444444444444444,0.3055555555555556,0.3888888888888889,1.4444444444444444,0.31481481481481477,0.2680114638447971,0.287037037037037,0.03320942658783594,0.20693351900459744,0.03869616957348699,0.5,12.805555555555555,1.0
Skylar Spencer,21.52777777777778,92.5,10.36111111111111,4.583333333333333,1.6388888888888888,2.2222222222222223,0.19444444444444445,0.7222222222222222,2.2777777777777777,0.5833333333333334,1.9166666666666667,0.4789682539682539,0.0,0.2013888888888889,0.08516005176735955,0.0,0.07026430859709379,4.277777777777778,12.805555555555555,0.0
Winston Shepard,23.944444444444443,87.16666666666667,26.27777777777778,10.777777777777779,1.6111111111111112,3.0,1.9444444444444444,2.0,0.3333333333333333,0.9722222222222222,1.1111111111111112,0.4130229338562672,0.09953703703703703,0.5173581048581047,0.1824335663581479,0.07036434879572134,0.20261611611113362,-1.3888888888888888,12.805555555555555,1.0
Xavier Thames,28.13888888888889,111.63888888888889,24.75,15.416666666666666,0.5833333333333334,2.1944444444444446,2.9166666666666665,1.2777777777777777,0.08333333333333333,1.5277777777777777,1.75,0.4177553927553927,0.33148148148148154,0.6775974025974026,0.17099811694836545,0.29183945366543407,0.22946518402361532,0.6666666666666666,12.805555555555555,1.0
