,MP,ORtg,%Ps,Pts,OR,DR,A,TO,Blk,Stl,PF,2Pt %,3Pt %,FT %,2Pt %Att,3Pt %Att,FT %Att,Pnts-Prev,Marg,Maj Cont
Canyon Barry,18.833333333333332,93.16666666666667,19.36111111111111,10.38888888888889,0.8055555555555556,1.75,0.5277777777777778,0.75,0.3055555555555556,0.4722222222222222,0.9722222222222222,0.4089836860670194,0.2808862433862434,0.5488095238095237,0.11318553942422274,0.15501570815392074,0.12254481633911712,0.05555555555555555,10.416666666666666,1.0
Chris Chiozza,19.22222222222222,91.27777777777777,16.194444444444443,6.138888888888889,0.3611111111111111,2.5,3.2777777777777777,1.3055555555555556,0.0,1.1666666666666667,1.9166666666666667,0.3787037037037037,0.21527777777777773,0.4180555555555555,0.06342559350420293,0.1122181941316158,0.08558493283025624,-0.2777777777777778,10.416666666666666,1.0
Devin Robinson,23.166666666666668,102.25,17.694444444444443,9.722222222222221,1.6111111111111112,3.8333333333333335,0.5833333333333334,0.9722222222222222,0.6944444444444444,0.8611111111111112,2.0833333333333335,0.4548961840628507,0.3173611111111111,0.5372354497354497,0.1251394519148725,0.12195137908185615,0.12135654238979593,1.1666666666666667,10.416666666666666,1.0
Eric Hester,3.0555555555555554,25.75,1.4444444444444444,1.1944444444444444,0.027777777777777776,0.25,0.16666666666666666,0.08333333333333333,0.0,0.16666666666666666,0.3611111111111111,0.08333333333333333,0.13425925925925927,0.027777777777777776,0.0028938713149239464,0.021180149473867642,0.004267310789049919,0.16666666666666666,10.416666666666666,0.0
Gorjok Gak,1.3333333333333333,0.0,0.0,0.3611111111111111,0.08333333333333333,0.3055555555555556,0.0,0.1388888888888889,0.08333333333333333,0.027777777777777776,0.3055555555555556,0.125,0.0,0.013888888888888888,0.007210464640805199,0.0,0.007971014492753623,-0.05555555555555555,10.416666666666666,0.0
John Egbunu,14.833333333333334,61.80555555555556,12.5,5.222222222222222,1.6388888888888888,2.75,0.19444444444444445,1.1666666666666667,1.0,0.2222222222222222,1.6944444444444444,0.37070707070707065,0.027777777777777776,0.35714285714285715,0.09302052912849837,0.001736111111111111,0.11335464602185412,0.1111111111111111,10.416666666666666,0.0
Justin Leon,19.333333333333332,95.16666666666667,13.222222222222221,6.25,1.1666666666666667,2.0833333333333335,0.4166666666666667,0.6666666666666666,0.1388888888888889,0.3888888888888889,2.0277777777777777,0.3938492063492063,0.29821428571428577,0.287037037037037,0.05967620946207846,0.13535730462544293,0.046056823321036604,-0.2777777777777778,10.416666666666666,1.0
Kasey Hill,25.72222222222222,81.19444444444444,21.97222222222222,8.722222222222221,0.3888888888888889,2.2222222222222223,4.055555555555555,2.7222222222222223,0.1111111111111111,1.5,1.9722222222222223,0.39952917452917447,0.10185185185185186,0.42678571428571427,0.17765752169715585,0.046568009569368664,0.14205866247686508,-2.2222222222222223,10.416666666666666,1.0
Keith Stone,10.527777777777779,55.05555555555556,9.11111111111111,3.138888888888889,0.75,1.1666666666666667,0.5,0.5277777777777778,0.19444444444444445,0.2777777777777778,1.1666666666666667,0.3046296296296296,0.1875,0.18333333333333332,0.03830127895304757,0.06251127491634911,0.030484966422466415,-0.1111111111111111,10.416666666666666,0.0
Kevarrius Hayes,15.0,100.02777777777777,13.083333333333334,5.333333333333333,1.5833333333333333,2.1944444444444446,0.16666666666666666,0.5555555555555556,1.4444444444444444,0.4722222222222222,2.0833333333333335,0.5352693602693602,0.0,0.45257936507936514,0.08486848033991698,0.0,0.09681129397488598,2.7222222222222223,10.416666666666666,1.0
KeVaughn Allen,25.13888888888889,105.69444444444444,18.11111111111111,12.38888888888889,0.2222222222222222,2.138888888888889,1.2777777777777777,1.1944444444444444,0.2222222222222222,1.1388888888888888,1.3611111111111112,0.5019450456950456,0.3364423385256719,0.6007936507936509,0.10800753305501948,0.2310280065026053,0.10512459854986382,0.3333333333333333,10.416666666666666,1.0
Schuyler Rimmer,3.0277777777777777,20.694444444444443,1.3888888888888888,0.7222222222222222,0.25,0.25,0.05555555555555555,0.1388888888888889,0.1111111111111111,0.027777777777777776,0.5555555555555556,0.17592592592592593,0.0,0.13425925925925927,0.015502415454144873,0.0013227513227513227,0.013273281280944118,0.0,10.416666666666666,0.0
