,MP,ORtg,%Ps,Pts,OR,DR,A,TO,Blk,Stl,PF,2Pt %,3Pt %,FT %,2Pt %Att,3Pt %Att,FT %Att,Pnts-Prev,Marg,Maj Cont
Ben Bentil,32.17142857142857,104.82857142857142,26.428571428571427,20.0,2.5714285714285716,4.742857142857143,1.0571428571428572,1.8857142857142857,1.0285714285714285,0.7714285714285715,2.5714285714285716,0.4907599846465392,0.25627071341357055,0.7134620981259638,0.2658724366857627,0.1841988341873429,0.2935429070986574,-0.17142857142857143,4.0,1.0
Drew Edwards,8.942857142857143,46.57142857142857,7.0285714285714285,2.142857142857143,0.45714285714285713,0.9714285714285714,0.5428571428571428,0.17142857142857143,0.11428571428571428,0.34285714285714286,1.1428571428571428,0.22857142857142856,0.09682539682539684,0.21428571428571427,0.031035776353577387,0.04390357989885963,0.03264863174940371,0.5714285714285714,4.0,1.0
Jalen Lindsey,22.514285714285716,83.34285714285714,11.771428571428572,6.428571428571429,1.2571428571428571,2.657142857142857,0.6571428571428571,0.6285714285714286,0.08571428571428572,0.4857142857142857,1.3142857142857143,0.4001360544217687,0.20764172335600908,0.30782312925170074,0.04997654289465567,0.17416950806254491,0.06335968973581665,-0.11428571428571428,4.0,0.0
Junior Lomomba,23.542857142857144,93.54285714285714,13.228571428571428,5.2,0.8,1.6285714285714286,1.8857142857142857,1.1714285714285715,0.02857142857142857,0.37142857142857144,1.7142857142857142,0.3866481137909709,0.21,0.4257142857142857,0.07814745586799919,0.05553775291538559,0.08247257736225919,-1.542857142857143,4.0,1.0
Kris Dunn,29.571428571428573,91.2,25.885714285714286,14.2,1.0,3.8285714285714287,5.685714285714286,3.142857142857143,0.5714285714285714,2.257142857142857,2.4285714285714284,0.4399319727891158,0.2675170068027211,0.4813265306122448,0.20932849107244839,0.1356076820348804,0.23186741839738478,-0.6285714285714286,4.0,1.0
Kyron Cartwright,22.8,87.22857142857143,14.914285714285715,5.371428571428571,0.2857142857142857,1.8,3.7714285714285714,1.3714285714285714,0.05714285714285714,0.8857142857142857,1.9428571428571428,0.31081632653061225,0.21952380952380954,0.3134920634920635,0.1053865804735324,0.06247706706335178,0.06203821998309128,-0.8571428571428571,4.0,1.0
Quadree Smith,2.657142857142857,8.857142857142858,1.457142857142857,0.9142857142857143,0.17142857142857143,0.37142857142857144,0.02857142857142857,0.14285714285714285,0.02857142857142857,0.08571428571428572,0.5428571428571428,0.16428571428571428,0.0,0.09428571428571428,0.0142344017294233,0.0,0.021855969974196574,-0.05714285714285714,4.0,0.0
Ricky Council,1.2571428571428571,0.0,0.0,0.4,0.0,0.17142857142857143,0.02857142857142857,0.11428571428571428,0.05714285714285714,0.05714285714285714,0.08571428571428572,0.02857142857142857,0.04523809523809524,0.02857142857142857,0.0009216589861751152,0.01971949679841532,0.002857142857142857,0.0,4.0,0.0
Rodney Bullock,30.6,92.6,17.34285714285714,10.857142857142858,2.142857142857143,4.314285714285714,0.9428571428571428,1.6857142857142857,1.2571428571428571,0.6,2.8285714285714287,0.42668521954236244,0.2441496598639456,0.5219727891156462,0.16259967540274955,0.12548617347271396,0.12387760722964171,0.34285714285714286,4.0,1.0
Ryan Fazekas,15.0,73.37142857142857,8.057142857142857,4.057142857142857,0.6,1.3142857142857143,0.2571428571428571,0.22857142857142856,0.17142857142857143,0.3142857142857143,1.0285714285714285,0.2357142857142857,0.24119047619047623,0.18571428571428572,0.023355869158054966,0.14175704842364834,0.025566042508957606,0.5142857142857142,4.0,0.0
Tom Planek,0.8857142857142857,0.0,0.0,0.17142857142857143,0.05714285714285714,0.0,0.02857142857142857,0.0,0.0,0.02857142857142857,0.11428571428571428,0.05714285714285714,0.0,0.02857142857142857,0.0019982542327641557,0.0,0.0027709359605911327,0.05714285714285714,4.0,0.0
