,MP,ORtg,%Ps,Pts,OR,DR,A,TO,Blk,Stl,PF,2Pt %,3Pt %,FT %,2Pt %Att,3Pt %Att,FT %Att,Pnts-Prev,Marg,Maj Cont
Anthony Lawrence,25.303030303030305,94.63636363636364,14.393939393939394,6.696969696969697,0.7878787878787878,2.878787878787879,1.7272727272727273,1.393939393939394,0.45454545454545453,1.2727272727272727,2.272727272727273,0.34473304473304467,0.3005050505050505,0.4242424242424243,0.05939869277948123,0.166341652442498,0.0925773808318871,0.6666666666666666,5.515151515151516,1.0
Bruce Brown,30.87878787878788,106.84848484848484,21.363636363636363,11.515151515151516,1.4545454545454546,4.121212121212121,3.090909090909091,2.0,0.5454545454545454,1.393939393939394,2.4242424242424243,0.4738816738816739,0.29545454545454547,0.5858378994742631,0.15859354748412244,0.15735108348316418,0.1675537616033503,-0.12121212121212122,5.515151515151516,1.0
Davon Reed,34.18181818181818,110.0909090909091,21.0,14.515151515151516,0.8181818181818182,3.878787878787879,2.393939393939394,2.0,0.48484848484848486,1.2424242424242424,1.5757575757575757,0.4564454064454065,0.37065897065897063,0.6949494949494951,0.14112813591584972,0.33038187117822826,0.1917469341155489,-0.5454545454545454,5.515151515151516,1.0
Dejan Vasiljevic,17.0,84.84848484848484,14.06060606060606,5.909090909090909,0.15151515151515152,1.121212121212121,0.42424242424242425,0.36363636363636365,0.030303030303030304,0.30303030303030304,0.9090909090909091,0.2398989898989899,0.31831955922865013,0.24242424242424243,0.030341351590929655,0.2474613893052383,0.03700850992693567,-0.06060606060606061,5.515151515151516,1.0
Dewan Huell,16.606060606060606,88.96969696969697,15.515151515151516,5.424242424242424,1.3636363636363635,1.6363636363636365,0.18181818181818182,0.8787878787878788,0.7575757575757576,0.3939393939393939,1.7575757575757576,0.5227272727272728,0.0,0.3964646464646464,0.11185459458185176,0.0029581529581529584,0.08430820567582929,0.5454545454545454,5.515151515151516,0.0
Ebuka Izundu,12.090909090909092,66.9090909090909,12.363636363636363,3.9393939393939394,1.3636363636363635,1.4848484848484849,0.18181818181818182,0.8181818181818182,0.7575757575757576,0.21212121212121213,2.1515151515151514,0.3627705627705628,0.0,0.2833333333333333,0.07750463877789825,0.0,0.06944852827766633,0.30303030303030304,5.515151515151516,1.0
Ja'Quan Newton,27.515151515151516,85.18181818181819,24.12121212121212,11.757575757575758,0.5454545454545454,2.5757575757575757,3.0,2.9393939393939394,0.030303030303030304,0.9393939393939394,1.4242424242424243,0.41770283588465407,0.11414141414141414,0.5588383838383838,0.22529036946838712,0.06368766881453648,0.21148363328083877,-3.9393939393939394,5.515151515151516,1.0
Kamari Murphy,28.636363636363637,96.51515151515152,14.666666666666666,7.0606060606060606,2.3636363636363638,4.878787878787879,0.5454545454545454,1.4545454545454546,0.6666666666666666,0.3939393939393939,2.3333333333333335,0.4975959225959226,0.0,0.43282828282828284,0.15736861261843602,0.0015151515151515152,0.10671785804184634,-0.7878787878787878,5.515151515151516,1.0
Rodney Miller,1.696969696969697,9.06060606060606,1.2424242424242424,0.42424242424242425,0.12121212121212122,0.12121212121212122,0.0,0.030303030303030304,0.030303030303030304,0.0,0.18181818181818182,0.07828282828282827,0.0,0.030303030303030304,0.008217026480013491,0.0,0.008852157943067034,0.0,5.515151515151516,0.0
