,MP,ORtg,%Ps,Pts,OR,DR,A,TO,Blk,Stl,PF,2Pt %,3Pt %,FT %,2Pt %Att,3Pt %Att,FT %Att,Pnts-Prev,Marg,Maj Cont
AJ English,10.411764705882353,51.61764705882353,6.294117647058823,3.411764705882353,0.3235294117647059,0.8823529411764706,0.6176470588235294,0.2647058823529412,0.17647058823529413,0.4117647058823529,0.8823529411764706,0.15147058823529413,0.16602049910873443,0.14705882352941177,0.022900827016097032,0.07313926049142999,0.02539971185606859,0.6470588235294118,4.794117647058823,0.0
Curtis Dennis,9.823529411764707,61.705882352941174,7.617647058823529,3.176470588235294,0.47058823529411764,0.6176470588235294,0.29411764705882354,0.29411764705882354,0.20588235294117646,0.2647058823529412,0.8529411764705882,0.21323529411764702,0.19534313725490193,0.08823529411764706,0.018862065054575595,0.09744748432264971,0.01042946647924882,0.35294117647058826,4.794117647058823,0.0
DaShawn Gomez,8.941176470588236,42.61764705882353,4.705882352941177,1.588235294117647,0.17647058823529413,0.4411764705882353,1.5588235294117647,0.4117647058823529,0.0,0.29411764705882354,0.5882352941176471,0.04411764705882353,0.19166666666666665,0.08823529411764706,0.008375748506357538,0.05748767250475956,0.013492389962978201,-0.23529411764705882,4.794117647058823,0.0
David Laury,21.941176470588236,81.32352941176471,16.676470588235293,9.235294117647058,2.2058823529411766,5.147058823529412,1.2941176470588236,1.3529411764705883,1.1470588235294117,0.7941176470588235,2.1176470588235294,0.3737630161073068,0.0,0.349036584330702,0.17168335259912443,0.001730103806228374,0.1614031873557938,1.1764705882352942,4.794117647058823,1.0
Lamont Jones,34.588235294117645,109.44117647058823,30.0,22.029411764705884,0.7058823529411765,2.235294117647059,3.3529411764705883,3.1176470588235294,0.058823529411764705,1.1470588235294117,2.0294117647058822,0.4738041634451669,0.289810924369748,0.7937934614405203,0.2799417927864776,0.2268001791603702,0.33573928453796,-3.823529411764706,4.794117647058823,1.0
Sean Armand,34.14705882352941,117.02941176470588,20.529411764705884,15.588235294117647,1.2647058823529411,3.411764705882353,2.8823529411764706,1.8529411764705883,0.4411764705882353,1.1176470588235294,2.8823529411764706,0.46033443680502506,0.37512520159578977,0.5813725490196078,0.1102579628021161,0.3318403808525811,0.12968055102708143,-0.5882352941176471,4.794117647058823,1.0
Shawn Jackson,4.4411764705882355,14.823529411764707,1.7941176470588236,0.5882352941176471,0.38235294117647056,0.4411764705882353,0.0,0.14705882352941177,0.17647058823529413,0.14705882352941177,0.8823529411764706,0.11470588235294117,0.0,0.029411764705882353,0.01879086852033578,0.0,0.009396485867074103,0.35294117647058826,4.794117647058823,0.0
Taaj Ridley,21.352941176470587,91.20588235294117,14.029411764705882,7.235294117647059,1.8823529411764706,2.911764705882353,0.8235294117647058,1.1470588235294117,0.29411764705882354,0.38235294117647056,2.676470588235294,0.4492807845749022,0.11764705882352941,0.4392156862745098,0.1290874798584071,0.025811468978408435,0.10334812023506426,-0.9411764705882353,4.794117647058823,1.0
Tavon Sledge,23.441176470588236,89.38235294117646,14.411764705882353,5.088235294117647,0.7352941176470589,2.0294117647058822,3.0294117647058822,1.588235294117647,0.17647058823529413,1.1176470588235294,1.4411764705882353,0.4020721925133689,0.0784313725490196,0.19607843137254902,0.10420363412172243,0.018677620360742903,0.062480044946510944,-0.5882352941176471,4.794117647058823,1.0
Tre Bowman,20.529411764705884,96.79411764705883,12.617647058823529,7.588235294117647,0.7941176470588235,2.4705882352941178,0.7058823529411765,0.7941176470588235,0.17647058823529413,0.5294117647058824,1.2647058823529411,0.4004201680672269,0.29558823529411765,0.4598039215686274,0.07707273932302178,0.10824230011106512,0.08980722832045523,-0.17647058823529413,4.794117647058823,1.0
