,MP,ORtg,%Ps,Pts,OR,DR,A,TO,Blk,Stl,PF,2Pt %,3Pt %,FT %,2Pt %Att,3Pt %Att,FT %Att,Pnts-Prev,Marg
Caleb Martin,32.088235294117645,113.05882352941177,24.764705882352942,18.5,0.9117647058823529,4.205882352941177,2.5,1.6470588235294117,0.5294117647058824,1.2058823529411764,2.5294117647058822,0.5091200466200467,0.4114522732169792,0.6154402786755728,0.18334562426693038,0.2732064074342184,0.22163693883104263,0.17647058823529413,10.205882352941176
Cody Martin,34.14705882352941,112.97058823529412,20.176470588235293,13.235294117647058,1.7941176470588236,4.352941176470588,4.4411764705882355,1.9411764705882353,1.411764705882353,1.6176470588235294,2.323529411764706,0.5244503862150923,0.17801120448179272,0.4966959511077158,0.23014871161142983,0.05705510232098582,0.17462498991481276,2.176470588235294,10.205882352941176
Darien Williams,2.8823529411764706,12.235294117647058,3.323529411764706,0.9411764705882353,0.11764705882352941,0.6470588235294118,0.058823529411764705,0.29411764705882354,0.058823529411764705,0.08823529411764706,0.5,0.14215686274509806,0.014705882352941176,0.14215686274509806,0.01657088583226865,0.009103675229435879,0.01983947425123896,-0.29411764705882354,10.205882352941176
Elijah Foster,6.0588235294117645,19.529411764705884,2.9411764705882355,1.5588235294117647,0.29411764705882354,1.1176470588235294,0.29411764705882354,0.20588235294117646,0.08823529411764706,0.23529411764705882,0.9117647058823529,0.2184873949579832,0.0,0.22205882352941175,0.03313441367110421,0.0023680969972530073,0.038023405957960915,0.23529411764705882,10.205882352941176
Hallice Cooke,20.029411764705884,109.5,10.411764705882353,4.9411764705882355,0.23529411764705882,1.8529411764705883,1.588235294117647,0.6176470588235294,0.11764705882352941,0.5882352941176471,2.1176470588235294,0.25,0.4245098039215686,0.2426470588235294,0.02974621106080084,0.10131314943705069,0.028612367704088454,0.17647058823529413,10.205882352941176
Jordan Caroline,34.38235294117647,111.58823529411765,25.676470588235293,17.941176470588236,2.6470588235294117,6.117647058823529,2.088235294117647,1.9705882352941178,0.14705882352941177,0.6470588235294118,2.2941176470588234,0.5109532072118577,0.2666666666666667,0.7261281250468103,0.27322138360993475,0.12624548033981092,0.3096070260049796,-2.3529411764705883,10.205882352941176
Josh Hall,21.38235294117647,89.1470588235294,13.382352941176471,5.970588235294118,1.1470588235294117,2.4411764705882355,1.411764705882353,1.1470588235294117,0.35294117647058826,0.5294117647058824,1.5588235294117647,0.4414565826330532,0.08431372549019607,0.3299019607843137,0.08975148077298396,0.05869596675210952,0.0671151747998545,-0.5294117647058824,10.205882352941176
Kendall Stephens,26.941176470588236,115.58823529411765,17.735294117647058,13.176470588235293,0.4411764705882353,1.588235294117647,0.6176470588235294,0.8235294117647058,0.6764705882352942,0.5,2.4411764705882355,0.41911764705882354,0.4063212522771345,0.392156862745098,0.04458507912231509,0.3191882949430116,0.06324695711765815,0.7058823529411765,10.205882352941176
Lindsey Drew,23.205882352941178,100.29411764705883,12.441176470588236,6.470588235294118,0.7352941176470589,2.5294117647058822,3.4411764705882355,1.0294117647058822,0.7058823529411765,0.7647058823529411,2.1176470588235294,0.39763071895424834,0.21764705882352942,0.4215686274509804,0.09949621005223232,0.05282382654612414,0.07729366541836394,0.8823529411764706,10.205882352941176
