,MP,ORtg,%Ps,Pts,OR,DR,A,TO,Blk,Stl,PF,2Pt %,3Pt %,FT %,2Pt %Att,3Pt %Att,FT %Att,Pnts-Prev,Marg
Demetrius Troy,25.58823529411765,102.94117647058823,20.029411764705884,7.5,0.11764705882352941,2.1176470588235294,3.823529411764706,2.176470588235294,0.029411764705882353,1.3235294117647058,1.1176470588235294,0.3397058823529412,0.35532212885154063,0.30392156862745096,0.08704618240246863,0.1488478803798807,0.0520329622180081,-1.6470588235294117,11.088235294117647
Francis Alonso,29.235294117647058,110.23529411764706,26.11764705882353,15.617647058823529,0.4411764705882353,1.911764705882353,2.9705882352941178,2.5294117647058822,0.058823529411764705,1.0588235294117647,2.2941176470588234,0.42500000000000004,0.3996940323178713,0.6149255156608098,0.1298441569075097,0.2910977284294641,0.1799068514466438,-2.823529411764706,11.088235294117647
Garrett Collins,6.764705882352941,26.029411764705884,4.205882352941177,2.6470588235294117,0.4117647058823529,0.7058823529411765,0.11764705882352941,0.17647058823529413,0.058823529411764705,0.20588235294117646,0.5588235294117647,0.3137254901960784,0.19838935574229694,0.17647058823529413,0.011575014361078077,0.061474878978019155,0.023474356223152675,0.17647058823529413,11.088235294117647
Isaiah Miller,16.294117647058822,102.58823529411765,24.235294117647058,8.470588235294118,1.3823529411764706,1.8235294117647058,1.5,1.3235294117647058,0.058823529411764705,1.3823529411764706,2.2941176470588234,0.5785502079619725,0.014705882352941176,0.3833333333333333,0.1995090029100999,0.008585936153590634,0.10633133846801665,0.23529411764705882,11.088235294117647
James Dickey,26.764705882352942,97.32352941176471,19.88235294117647,8.617647058823529,2.7941176470588234,5.294117647058823,1.2941176470588236,2.323529411764706,2.088235294117647,0.7647058823529411,2.3823529411764706,0.5347126729479671,0.0,0.49089635854341734,0.19825905436306135,0.0,0.20916248310749583,1.0588235294117647,11.088235294117647
Jordy Kuiper,26.264705882352942,99.55882352941177,14.941176470588236,6.882352941176471,1.588235294117647,2.9705882352941178,1.088235294117647,1.1176470588235294,0.29411764705882354,0.5882352941176471,2.3529411764705883,0.40154061624649856,0.2743697478991597,0.2928921568627451,0.09278512982519259,0.12023224391467054,0.07026961930301782,-0.47058823529411764,11.088235294117647
Justin Jordan,4.911764705882353,37.14705882352941,3.0,0.6176470588235294,0.058823529411764705,0.5588235294117647,0.6764705882352942,0.3235294117647059,0.0,0.20588235294117646,0.4411764705882353,0.14705882352941177,0.0,0.022058823529411766,0.015487688939697526,0.0,0.007352941176470588,-0.23529411764705882,11.088235294117647
Kylia Sykes,10.323529411764707,67.0,5.529411764705882,2.0294117647058822,0.6176470588235294,0.7058823529411765,0.6176470588235294,0.5882352941176471,0.2647058823529412,0.5882352941176471,1.5588235294117647,0.37254901960784315,0.12254901960784312,0.1323529411764706,0.024987351733014168,0.02335356847707804,0.024754911771611036,0.5294117647058824,11.088235294117647
Kyrin Galloway,19.705882352941178,112.29411764705883,14.676470588235293,5.735294117647059,1.4705882352941178,2.9705882352941178,0.3235294117647059,0.9117647058823529,0.5882352941176471,0.29411764705882354,1.8235294117647058,0.6246498599439776,0.18627450980392157,0.28368347338935573,0.08948532377863659,0.04889743982025628,0.08675829450709095,-0.058823529411764705,11.088235294117647
Malik Massey,10.882352941176471,53.23529411764706,10.058823529411764,2.823529411764706,0.029411764705882353,0.6176470588235294,0.8529411764705882,0.6764705882352942,0.0,0.5,1.0,0.24215686274509807,0.18333333333333335,0.22058823529411764,0.03922477478589683,0.04737269438430335,0.042416727191813705,-0.35294117647058826,11.088235294117647
Marvin Smith,26.705882352941178,108.05882352941177,22.294117647058822,12.264705882352942,1.6176470588235294,3.764705882352941,0.8529411764705882,1.2058823529411764,0.4117647058823529,0.8235294117647058,2.4411764705882355,0.44614845938375347,0.3156270200387848,0.5290149393090569,0.1117963199933446,0.25013762946273727,0.1975395145866787,0.058823529411764705,11.088235294117647
