,MP,ORtg,%Ps,Pts,OR,DR,A,TO,Blk,Stl,PF,2Pt %,3Pt %,FT %,2Pt %Att,3Pt %Att,FT %Att,Pnts-Prev,Marg,Maj Cont
Austin Burgett,2.6944444444444446,9.555555555555555,0.6944444444444444,0.8888888888888888,0.08333333333333333,0.3333333333333333,0.08333333333333333,0.1111111111111111,0.1111111111111111,0.05555555555555555,0.3611111111111111,0.125,0.046296296296296294,0.05555555555555555,0.005041617786715825,0.014714857207250714,0.008190813362381989,0.1111111111111111,4.555555555555555,0.0
Austin Torres,3.3055555555555554,3.5833333333333335,0.5555555555555556,0.6666666666666666,0.4166666666666667,0.2777777777777778,0.08333333333333333,0.16666666666666666,0.1388888888888889,0.25,0.5555555555555556,0.1712962962962963,0.0,0.06944444444444445,0.015538768470682517,0.0,0.013971908939014201,0.4444444444444444,4.555555555555555,0.0
Bonzie Colson,23.11111111111111,105.77777777777777,19.444444444444443,10.222222222222221,2.1944444444444446,4.0,0.9444444444444444,0.8888888888888888,0.9166666666666666,0.7777777777777778,2.138888888888889,0.48116146970313634,0.06018518518518518,0.6023148148148149,0.1818777411919785,0.016132918539527738,0.18418260742843642,1.6111111111111112,4.555555555555555,1.0
Demetrius Jackson,30.666666666666668,95.94444444444444,20.38888888888889,13.38888888888889,0.8333333333333334,2.1666666666666665,4.166666666666667,1.8333333333333333,0.25,1.0555555555555556,1.6944444444444444,0.41673835423835426,0.2438492063492063,0.5092923280423282,0.1663312182666755,0.20948578984700916,0.17213050417614736,-1.0555555555555556,4.555555555555555,1.0
Martinas Geben,1.3333333333333333,0.0,0.0,0.6111111111111112,0.1388888888888889,0.2777777777777778,0.0,0.1111111111111111,0.05555555555555555,0.027777777777777776,0.3055555555555556,0.1527777777777778,0.0,0.1111111111111111,0.008938879177256786,0.0,0.013904368765049878,-0.05555555555555555,4.555555555555555,0.0
Matt Farrell,7.416666666666667,38.916666666666664,5.222222222222222,1.2777777777777777,0.1388888888888889,0.3611111111111111,0.8611111111111112,0.3333333333333333,0.0,0.1111111111111111,0.5833333333333334,0.11574074074074073,0.11342592592592594,0.1001984126984127,0.014889799046954819,0.03464642613109305,0.02052053038121149,-0.4444444444444444,4.555555555555555,1.0
Matt Ryan,13.777777777777779,91.83333333333333,10.916666666666666,5.055555555555555,0.1111111111111111,1.4444444444444444,0.4722222222222222,0.16666666666666666,0.08333333333333333,0.25,1.5277777777777777,0.25462962962962965,0.2758487654320988,0.20833333333333334,0.01576142556212614,0.16646614661298303,0.035095047866786994,0.3333333333333333,4.555555555555555,0.0
Rex Pflueger,10.055555555555555,51.611111111111114,4.75,1.8333333333333333,0.2222222222222222,0.7777777777777778,0.8611111111111112,0.19444444444444445,0.1388888888888889,0.4722222222222222,0.9722222222222222,0.2175925925925926,0.10648148148148147,0.18055555555555555,0.020074447879634475,0.03532731355809271,0.026221301711067794,0.8333333333333334,4.555555555555555,0.0
Steve Vasturia,32.166666666666664,98.86111111111111,16.0,10.5,0.5555555555555556,1.8333333333333333,2.7777777777777777,1.5833333333333333,0.16666666666666666,0.6666666666666666,1.9722222222222223,0.4542989417989418,0.3048941798941799,0.5912037037037038,0.13754393969356254,0.16194693123410075,0.10197764384873649,-1.5,4.555555555555555,1.0
VJ Beachem,27.27777777777778,103.55555555555556,14.38888888888889,10.083333333333334,0.7222222222222222,2.6944444444444446,0.6944444444444444,0.7222222222222222,0.7222222222222222,0.6944444444444444,1.4722222222222223,0.40119047619047615,0.348291446208113,0.22685185185185183,0.08940924933469992,0.25016850575883176,0.056438225825686375,1.3888888888888888,4.555555555555555,1.0
Zach Auguste,26.416666666666668,93.19444444444444,24.25,12.777777777777779,2.9722222222222223,6.583333333333333,1.0277777777777777,2.25,0.8888888888888888,0.6111111111111112,2.1944444444444446,0.47379803838137174,0.0,0.4769861311527978,0.23348180247860195,0.0,0.25625593658436974,-1.5,4.555555555555555,1.0
