,MP,ORtg,%Ps,Pts,OR,DR,A,TO,Blk,Stl,PF,2Pt %,3Pt %,FT %,2Pt %Att,3Pt %Att,FT %Att,Pnts-Prev,Marg
Asbjorn Midtgaard,1.53125,6.25,0.1875,0.34375,0.09375,0.4375,0.0,0.09375,0.0625,0.03125,0.21875,0.0859375,0.0,0.015625,0.008231434136039398,0.0,0.003125,0.0,11.65625
Austin Reaves,21.53125,125.4375,16.40625,8.34375,0.40625,2.78125,2.03125,1.15625,0.25,0.46875,1.53125,0.3500000000000001,0.3710272366522366,0.36354166666666665,0.0494992651010119,0.1563581043242912,0.06682397556335594,-0.875,11.65625
CJ Keyser,3.96875,20.90625,2.15625,0.96875,0.125,0.3125,0.34375,0.1875,0.0625,0.1875,0.8125,0.09322916666666667,0.0,0.125,0.01467036985949609,0.007417022233832578,0.019811869569559572,0.125,11.65625
Conner Frankamp,22.09375,114.53125,16.4375,9.4375,0.09375,1.5625,2.125,0.3125,0.15625,0.71875,1.21875,0.48511904761904756,0.28446631493506497,0.46875,0.10346102098359948,0.19036968646539523,0.04339517288060035,1.125,11.65625
Darral Willis,18.09375,107.46875,28.34375,10.375,1.78125,4.1875,1.03125,1.59375,0.4375,0.1875,1.75,0.5298239087301586,0.26822916666666663,0.6232514880952382,0.16283650785432108,0.05894905624442064,0.1746441987812204,-1.9375,11.65625
Kaelen Malone,0.875,0.0,0.0,0.09375,0.0,0.125,0.1875,0.125,0.0,0.0,0.15625,0.015625,0.0,0.015625,0.004012161084529505,0.0024003623188405794,0.0036764705882352936,-0.25,11.65625
Landry Shamet,30.59375,127.28125,20.15625,14.5625,0.40625,2.6875,4.9375,1.96875,0.15625,0.71875,1.8125,0.5005580357142857,0.44398561507936507,0.6799479166666667,0.10351736238450354,0.24288842547479303,0.14126678588025746,-2.1875,11.65625
Markis McDuffie,12.46875,66.15625,13.6875,5.5625,0.625,1.5,0.78125,0.9375,0.0625,0.28125,1.125,0.27083333333333337,0.184375,0.3609375,0.07018453181221966,0.07391002754024621,0.07684166868018966,-1.1875,11.65625
Rashard Kelly,24.0,112.0625,17.1875,5.65625,3.09375,4.40625,2.46875,1.34375,0.5625,0.5625,1.71875,0.5039434523809524,0.046875,0.46874999999999994,0.1037132589350941,0.02495863874547012,0.13079848103305192,-0.4375,11.65625
Rauno Nurger,13.65625,82.40625,10.625,4.5625,0.9375,1.875,0.46875,0.40625,0.40625,0.15625,1.6875,0.41454613095238096,0.16145833333333331,0.275,0.06811483863974031,0.03572520217566884,0.04967063845042619,0.3125,11.65625
Samajae Haynes-Jones,8.21875,40.125,9.03125,4.0,0.125,0.65625,0.9375,0.5625,0.0,0.1875,0.75,0.21155303030303027,0.15848214285714285,0.2421875,0.061142604940064495,0.04317546830853294,0.047804385391313826,-0.75,11.65625
Shaquille Morris,23.6875,117.84375,25.1875,14.03125,1.625,3.90625,1.375,1.4375,1.59375,0.5625,2.4375,0.5555402930402932,0.31510416666666663,0.6380265567765568,0.22126248659248463,0.06169473914736715,0.19033243898331537,1.4375,11.65625
Zach Brown,19.8125,99.40625,12.78125,4.59375,0.875,2.09375,1.78125,1.15625,0.1875,0.625,2.28125,0.37499999999999994,0.28125,0.3458333333333333,0.029354157676895802,0.10215326702114143,0.051808914198473936,-0.6875,11.65625
