,MP,ORtg,%Ps,Pts,OR,DR,A,TO,Blk,Stl,PF,2Pt %,3Pt %,FT %,2Pt %Att,3Pt %Att,FT %Att,Pnts-Prev,Marg,Maj Cont
BillyDee Williams,3.5428571428571427,14.742857142857142,2.657142857142857,0.6285714285714286,0.2857142857142857,0.45714285714285713,0.17142857142857143,0.11428571428571428,0.02857142857142857,0.11428571428571428,0.6,0.03238095238095238,0.08571428571428572,0.0,0.01849684345117208,0.01794376212023271,0.002597402597402598,0.05714285714285714,6.485714285714286,0.0
Brandon Watkins,4.114285714285714,11.114285714285714,2.8,1.2571428571428571,0.5714285714285714,0.34285714285714286,0.11428571428571428,0.42857142857142855,0.37142857142857144,0.14285714285714285,0.6857142857142857,0.19557823129251703,0.0,0.07142857142857142,0.02765743933877003,0.0,0.018130478620191747,0.17142857142857143,6.485714285714286,0.0
Chase Connor,3.4285714285714284,26.37142857142857,2.342857142857143,1.4,0.02857142857142857,0.08571428571428572,0.05714285714285714,0.08571428571428572,0.0,0.3142857142857143,0.4,0.05714285714285714,0.15904761904761905,0.0,0.001175115207373272,0.053331798508518415,0.0,0.45714285714285713,6.485714285714286,0.0
Daxter Miles,18.771428571428572,94.48571428571428,15.514285714285714,6.6571428571428575,1.0571428571428572,1.0571428571428572,0.9142857142857143,0.7142857142857143,0.05714285714285714,1.0857142857142856,2.3714285714285714,0.3928571428571429,0.29492063492063486,0.2195238095238095,0.07039994035558107,0.1456226883290945,0.058617959252142145,0.8571428571428571,6.485714285714286,1.0
Devin Williams,21.885714285714286,89.45714285714286,22.62857142857143,10.028571428571428,2.4857142857142858,4.742857142857143,1.1714285714285715,1.8857142857142857,0.22857142857142856,0.6857142857142857,2.6285714285714286,0.390607091321377,0.0,0.5583176347462063,0.18400222486908926,0.0012422360248447205,0.1919549295902401,-1.9428571428571428,6.485714285714286,1.0
Elijah Macon,11.285714285714286,66.71428571428571,15.2,3.9714285714285715,1.1428571428571428,1.1714285714285715,0.7142857142857143,1.0857142857142856,0.45714285714285713,0.2571428571428571,1.6,0.40680272108843535,0.0,0.3007142857142857,0.08262459025761958,0.0,0.0740491711377781,-0.7428571428571429,6.485714285714286,0.0
Gary Browne,16.514285714285716,77.74285714285715,14.371428571428572,5.8,0.5714285714285714,0.9142857142857143,1.2285714285714286,1.0571428571428572,0.0,0.9428571428571428,1.4,0.2629931972789115,0.256530612244898,0.4215986394557823,0.053213670454088674,0.09723347536846258,0.10050706040781698,-0.22857142857142856,6.485714285714286,1.0
Jaysean Paige,12.285714285714286,70.14285714285714,14.314285714285715,5.371428571428571,1.0,0.7428571428571429,0.6285714285714286,0.8857142857142857,0.14285714285714285,1.0285714285714285,2.057142857142857,0.2795238095238095,0.3058956916099773,0.19523809523809524,0.055540783457210675,0.12317422416178453,0.04422961384537739,0.5714285714285714,6.485714285714286,0.0
Jevon Carter,21.97142857142857,95.62857142857143,15.971428571428572,7.742857142857143,1.0857142857142856,1.1428571428571428,1.7142857142857142,1.0,0.08571428571428572,1.6857142857142857,1.7142857142857142,0.2848185941043084,0.27705128205128204,0.4565986394557823,0.06823628333637784,0.19837410246486847,0.0659874385804299,1.542857142857143,6.485714285714286,1.0
Jonathan Holton,19.714285714285715,88.71428571428571,16.6,7.0285714285714285,2.7142857142857144,2.742857142857143,1.1428571428571428,1.4,0.8,1.0857142857142856,3.0,0.49905689548546683,0.16666666666666666,0.38204081632653064,0.09730657953084844,0.08226560400685336,0.08982300058062596,0.9714285714285714,6.485714285714286,1.0
Juwan Staten,23.942857142857143,84.31428571428572,19.257142857142856,11.2,0.37142857142857144,1.7714285714285714,3.5714285714285716,1.5142857142857142,0.02857142857142857,0.8285714285714286,1.3142857142857143,0.3326321214291139,0.20714285714285716,0.522233560090703,0.1784440229269299,0.07128373765114583,0.17822091702002058,-1.3142857142857143,6.485714285714286,1.0
Nathan Adrian,14.085714285714285,67.4,10.771428571428572,2.742857142857143,1.3428571428571427,0.9714285714285714,0.9714285714285714,0.6857142857142857,0.37142857142857144,0.8,2.142857142857143,0.2642857142857143,0.1438095238095238,0.2238095238095238,0.03724636356553114,0.08831636452004872,0.028059599758237835,0.9714285714285714,6.485714285714286,0.0
Tarik Phillip,11.4,60.25714285714286,9.82857142857143,3.4,0.5142857142857142,0.6857142857142857,0.7428571428571429,0.8857142857142857,0.02857142857142857,1.0285714285714285,1.2857142857142858,0.41680272108843536,0.09047619047619047,0.33,0.039941857535122305,0.03549772112986039,0.06210814289545092,0.34285714285714286,6.485714285714286,1.0
