,MP,ORtg,%Ps,Pts,OR,DR,A,TO,Blk,Stl,PF,2Pt %,3Pt %,FT %,2Pt %Att,3Pt %Att,FT %Att,Pnts-Prev,Marg,Maj Cont
Amida Brimah,13.527777777777779,79.05555555555556,9.055555555555555,4.277777777777778,1.1666666666666667,1.7777777777777777,0.08333333333333333,0.5277777777777778,1.6388888888888888,0.1388888888888889,1.5833333333333333,0.44057539682539687,0.0,0.29074074074074074,0.0676964282103154,0.0,0.060644316649218606,2.5,9.75,0.0
Daniel Hamilton,30.11111111111111,97.61111111111111,24.61111111111111,11.75,0.8888888888888888,7.527777777777778,4.555555555555555,2.25,0.3888888888888889,1.0,1.75,0.40974014638230327,0.33187830687830694,0.5400132275132274,0.18370904522829493,0.1947006476112921,0.13898465842199859,-1.7222222222222223,9.75,1.0
Jalen Adams,22.0,84.94444444444444,19.22222222222222,6.888888888888889,0.75,1.6944444444444444,2.3055555555555554,1.6111111111111112,0.4166666666666667,0.9722222222222222,1.6388888888888888,0.42358312983312985,0.13425925925925927,0.48287037037037034,0.13144198346235672,0.059697011997630584,0.09643646794382088,-0.4444444444444444,9.75,1.0
Kentan Facey,11.88888888888889,79.11111111111111,10.0,2.9722222222222223,1.5833333333333333,1.8333333333333333,0.2777777777777778,0.7222222222222222,0.8055555555555556,0.19444444444444445,1.9444444444444444,0.5263888888888889,0.0,0.2222222222222222,0.05841525637314867,0.0,0.03732409191168781,0.5555555555555556,9.75,0.0
Omar Calhoun,13.916666666666666,78.05555555555556,11.277777777777779,4.111111111111111,0.4166666666666667,1.3055555555555556,0.8333333333333334,0.5555555555555556,0.2222222222222222,0.3333333333333333,0.8888888888888888,0.31018518518518523,0.2486772486772487,0.14814814814814814,0.033823191226735945,0.10022528598140877,0.039405768345985734,0.0,9.75,0.0
Phillip Nolan,8.722222222222221,45.47222222222222,3.7777777777777777,1.4722222222222223,0.4444444444444444,0.8333333333333334,0.1111111111111111,0.3611111111111111,0.2222222222222222,0.1111111111111111,1.8055555555555556,0.3032407407407407,0.0,0.11805555555555555,0.029959343795445934,0.0,0.01785213243546577,-0.05555555555555555,9.75,0.0
Rodney Purvis,27.27777777777778,97.77777777777777,21.88888888888889,11.86111111111111,0.4444444444444444,2.3055555555555554,2.0,1.5277777777777777,0.1111111111111111,0.8055555555555556,1.8333333333333333,0.44253154253154253,0.3425925925925926,0.4774140211640211,0.13059208201763223,0.24923389628598555,0.15424377200938366,-1.2222222222222223,9.75,1.0
Sam Cassell,2.888888888888889,17.52777777777778,1.8888888888888888,1.0833333333333333,0.05555555555555555,0.1388888888888889,0.1388888888888889,0.08333333333333333,0.027777777777777776,0.05555555555555555,0.19444444444444445,0.06481481481481483,0.0949074074074074,0.05555555555555555,0.00630407960118105,0.0379520321653238,0.003472222222222222,0.0,9.75,0.0
Shonn Miller,24.416666666666668,120.72222222222223,19.0,12.055555555555555,1.2222222222222223,3.8333333333333335,0.5277777777777778,0.6111111111111112,0.8055555555555556,0.9166666666666666,2.8055555555555554,0.5738776655443322,0.14814814814814814,0.6412147266313933,0.19398029241873507,0.03423714715098918,0.1974616699291678,2.2222222222222223,9.75,1.0
Sterling Gibbs,31.02777777777778,105.75,17.86111111111111,11.305555555555555,0.3055555555555556,1.75,2.2222222222222223,1.4444444444444444,0.027777777777777776,0.8333333333333334,1.4166666666666667,0.3416666666666667,0.3456790123456791,0.631712962962963,0.08388330699781127,0.2683984232518144,0.1842920437898592,-1.1666666666666667,9.75,1.0
Steven Enoch,4.888888888888889,21.97222222222222,2.1666666666666665,1.2222222222222223,0.3333333333333333,0.75,0.027777777777777776,0.16666666666666666,0.08333333333333333,0.027777777777777776,0.9166666666666666,0.20833333333333334,0.0,0.06481481481481483,0.024639435112787145,0.0,0.01432730078563412,-0.1111111111111111,9.75,0.0
