,MP,ORtg,%Ps,Pts,OR,DR,A,TO,Blk,Stl,PF,2Pt %,3Pt %,FT %,2Pt %Att,3Pt %Att,FT %Att,Pnts-Prev,Marg,Maj Cont
Brice Johnson,22.81578947368421,101.84210526315789,21.57894736842105,12.18421052631579,2.1578947368421053,4.973684210526316,0.8421052631578947,1.4210526315789473,1.0,0.631578947368421,2.6052631578947367,0.51695878510894,0.0,0.5230889724310778,0.19101827971655472,0.0,0.128230677723842,0.42105263157894735,8.763157894736842,1.0
Desmond Hubert,2.1315789473684212,3.289473684210526,0.5789473684210527,0.18421052631578946,0.2631578947368421,0.3157894736842105,0.02631578947368421,0.15789473684210525,0.02631578947368421,0.02631578947368421,0.3684210526315789,0.021929824561403508,0.0,0.039473684210526314,0.0026061530638189674,0.0,0.00984673102224633,-0.21052631578947367,8.763157894736842,0.0
Isaiah Hicks,13.526315789473685,89.60526315789474,17.342105263157894,6.184210526315789,1.3421052631578947,1.3421052631578947,0.2894736842105263,0.8947368421052632,0.3684210526315789,0.23684210526315788,2.236842105263158,0.5138680033416877,0.0,0.362861699703805,0.0956791716161981,0.002392344497607656,0.09917308601409214,-0.5789473684210527,8.763157894736842,1.0
J.P. Tokoto,26.5,93.97368421052632,18.44736842105263,7.684210526315789,1.4736842105263157,3.710526315789474,3.8947368421052633,2.1578947368421053,0.34210526315789475,1.368421052631579,2.210526315789474,0.393175172780436,0.15350877192982457,0.4650689223057644,0.12171989877809884,0.057045678910162684,0.13708103648320497,-0.8947368421052632,8.763157894736842,1.0
Jackson Simmons,2.6578947368421053,0.0,0.0,0.5526315789473685,0.18421052631578946,0.13157894736842105,0.02631578947368421,0.05263157894736842,0.0,0.05263157894736842,0.4473684210526316,0.23684210526315788,0.0,0.039473684210526314,0.007065371668727189,0.0,0.005488319729805798,0.0,8.763157894736842,0.0
Joel Berry,9.31578947368421,62.921052631578945,7.552631578947368,2.789473684210526,0.05263157894736842,0.5526315789473685,1.105263157894737,0.47368421052631576,0.02631578947368421,0.3157894736842105,1.0263157894736843,0.23684210526315788,0.17587719298245616,0.2131578947368421,0.022182929633149214,0.08201134267673826,0.044177340373996676,-0.2631578947368421,8.763157894736842,1.0
Joel James,9.236842105263158,44.68421052631579,7.7894736842105265,2.263157894736842,0.6052631578947368,1.1578947368421053,0.15789473684210525,0.4473684210526316,0.23684210526315788,0.07894736842105263,1.2894736842105263,0.26209273182957393,0.0,0.15789473684210525,0.04667713883048205,0.0,0.021189552135843698,-0.2631578947368421,8.763157894736842,0.0
Justin Jackson,24.394736842105264,106.0,17.736842105263158,9.552631578947368,1.236842105263158,2.210526315789474,2.1578947368421053,1.1842105263157894,0.5,0.47368421052631576,1.2894736842105263,0.5338512364828155,0.20964912280701756,0.5692355889724311,0.11988369661037412,0.16171407868933926,0.1069433912269096,-0.42105263157894735,8.763157894736842,1.0
Kennedy Meeks,21.157894736842106,103.15789473684211,20.57894736842105,10.447368421052632,2.3421052631578947,4.368421052631579,1.0,1.2894736842105263,1.2105263157894737,0.6052631578947368,2.3421052631578947,0.5013103124945231,0.0,0.4883354218880535,0.15753441755317482,0.0021929824561403508,0.15756420658498502,1.0526315789473684,8.763157894736842,1.0
Marcus Paige,30.263157894736842,111.15789473684211,18.63157894736842,12.842105263157896,0.34210526315789475,2.3157894736842106,4.2368421052631575,1.7894736842105263,0.21052631578947367,1.5,1.5263157894736843,0.4429302422723474,0.35875579099263316,0.6304093567251463,0.08919061453415704,0.44671508688700384,0.11454446914257037,-0.15789473684210525,8.763157894736842,1.0
Nate Britt,14.447368421052632,91.26315789473684,14.842105263157896,5.105263157894737,0.23684210526315788,1.0263157894736843,1.4736842105263157,0.9473684210526315,0.02631578947368421,0.4473684210526316,1.6842105263157894,0.32850877192982453,0.2701754385964913,0.48157894736842105,0.044638025260983025,0.1205073656411231,0.07853465315920646,-0.9473684210526315,8.763157894736842,0.0
Theo Pinson,7.526315789473684,51.026315789473685,7.2631578947368425,1.763157894736842,0.5526315789473685,1.3157894736842106,0.9473684210526315,0.42105263157894735,0.10526315789473684,0.3684210526315789,0.5526315789473685,0.23684210526315788,0.12719298245614033,0.12280701754385963,0.022856934313229427,0.04847375182083225,0.018279167982244198,0.10526315789473684,8.763157894736842,0.0
