,MP,ORtg,%Ps,Pts,OR,DR,A,TO,Blk,Stl,PF,2Pt %,3Pt %,FT %,2Pt %Att,3Pt %Att,FT %Att,Pnts-Prev,Marg,Maj Cont
Adam Woodbury,23.515151515151516,102.18181818181819,15.393939393939394,7.2727272727272725,2.9393939393939394,5.090909090909091,0.8484848484848485,1.2727272727272727,0.2727272727272727,0.45454545454545453,2.303030303030303,0.5035353535353535,0.0,0.4428571428571428,0.12493992845051106,0.0,0.1303601738284564,-1.0909090909090908,8.818181818181818,1.0
Ahmad Wagner,9.06060606060606,65.45454545454545,5.606060606060606,2.393939393939394,0.9393939393939394,1.393939393939394,0.18181818181818182,0.3333333333333333,0.36363636363636365,0.2727272727272727,1.4545454545454546,0.44696969696969696,0.0,0.18080808080808078,0.03272462544553111,0.0012626262626262623,0.05257771291768007,0.6060606060606061,8.818181818181818,0.0
Andrew Fleming,2.3636363636363638,10.303030303030303,1.9393939393939394,0.6666666666666666,0.06060606060606061,0.21212121212121213,0.3333333333333333,0.2727272727272727,0.030303030303030304,0.0,0.18181818181818182,0.08585858585858586,0.051515151515151514,0.045454545454545456,0.00756371890897123,0.015057443885195079,0.014923672818409658,-0.48484848484848486,8.818181818181818,0.0
Anthony Clemmons,27.90909090909091,97.06060606060606,16.727272727272727,8.484848484848484,0.36363636363636365,2.0606060606060606,3.3636363636363638,1.4848484848484849,0.18181818181818182,0.9090909090909091,1.9696969696969697,0.47032227032227025,0.2656565656565657,0.3729797979797979,0.11652288864426107,0.11834635205066864,0.11479307496622108,-0.7878787878787878,8.818181818181818,1.0
Brady Ellingson,7.454545454545454,47.666666666666664,4.818181818181818,2.272727272727273,0.06060606060606061,0.48484848484848486,0.36363636363636365,0.3333333333333333,0.0,0.15151515151515152,0.6363636363636364,0.2727272727272727,0.14949494949494951,0.045454545454545456,0.013446564597459739,0.0597322633723797,0.015758722415069166,-0.36363636363636365,8.818181818181818,0.0
Christian Williams,2.727272727272727,7.03030303030303,1.4848484848484849,0.6666666666666666,0.2727272727272727,0.18181818181818182,0.18181818181818182,0.12121212121212122,0.0,0.12121212121212122,0.18181818181818182,0.0601010101010101,0.030303030303030304,0.08484848484848484,0.015832480688114017,0.004984705756030619,0.014898876302385075,0.0,8.818181818181818,0.0
Dale Jones,2.3636363636363638,11.636363636363637,2.3333333333333335,1.0,0.06060606060606061,0.48484848484848486,0.09090909090909091,0.12121212121212122,0.06060606060606061,0.030303030303030304,0.3333333333333333,0.030303030303030304,0.0707070707070707,0.0,0.007510963252590047,0.0254711618347982,0.0,-0.06060606060606061,8.818181818181818,0.0
Dom Uhl,16.303030303030305,89.72727272727273,15.818181818181818,5.7272727272727275,1.121212121212121,2.3636363636363638,0.7878787878787878,0.7272727272727273,0.36363636363636365,0.3939393939393939,1.2121212121212122,0.30436507936507945,0.3136363636363636,0.32676767676767676,0.07845861589041565,0.07746726778902921,0.08126565836468193,0.06060606060606061,8.818181818181818,1.0
Jarrod Uthoff,29.272727272727273,109.15151515151516,24.515151515151516,17.727272727272727,1.4242424242424243,4.575757575757576,1.0303030303030303,1.0909090909090908,2.4242424242424243,0.8484848484848485,1.4545454545454546,0.4532227452681997,0.3583213083213084,0.7666786916786917,0.2280540836023839,0.2284396932960879,0.21523808448200846,4.363636363636363,8.818181818181818,1.0
Mike Gesell,28.060606060606062,101.66666666666667,18.09090909090909,7.787878787878788,0.45454545454545453,2.5757575757575757,5.878787878787879,1.7878787878787878,0.15151515151515152,1.303030303030303,1.878787878787879,0.3502219161310071,0.3131313131313131,0.45315795315795315,0.13363927747639237,0.05871819502756286,0.13290522203410007,-0.6666666666666666,8.818181818181818,1.0
Nicholas Baer,13.424242424242424,82.36363636363636,9.878787878787879,4.2727272727272725,1.0,1.393939393939394,0.48484848484848486,0.48484848484848486,0.5757575757575758,0.6363636363636364,1.3333333333333333,0.3954545454545455,0.2949494949494949,0.13636363636363635,0.03611738182037272,0.08732346280096118,0.023998142619843503,1.4545454545454546,8.818181818181818,1.0
Peter Jok,24.696969696969695,103.03030303030303,23.90909090909091,14.757575757575758,0.7575757575757576,2.242424242424242,1.393939393939394,1.3636363636363635,0.030303030303030304,1.2121212121212122,2.1515151515151514,0.420789059425423,0.37867200139927404,0.5252754820936639,0.1445834106169365,0.26259076731859976,0.14267459864508403,-0.24242424242424243,8.818181818181818,1.0
