,MP,ORtg,%Ps,Pts,OR,DR,A,TO,Blk,Stl,PF,2Pt %,3Pt %,FT %,2Pt %Att,3Pt %Att,FT %Att,Pnts-Prev,Marg,Maj Cont
Brice Johnson,10.277777777777779,70.80555555555556,14.666666666666666,5.305555555555555,0.9166666666666666,2.2222222222222223,0.2777777777777778,0.5,0.5277777777777778,0.4722222222222222,1.5,0.43127204585537915,0.0,0.18981481481481483,0.10649697619113566,0.0,0.0443974708960089,1.0,7.638888888888889,0.0
Desmond Hubert,9.055555555555555,52.55555555555556,4.5,1.1388888888888888,0.6944444444444444,0.9444444444444444,0.1111111111111111,0.3611111111111111,0.8333333333333334,0.2222222222222222,0.6944444444444444,0.3472222222222222,0.0,0.041666666666666664,0.021425328170182535,0.0,0.024150532384966512,1.3888888888888888,7.638888888888889,0.0
Dexter Strickland,26.11111111111111,102.38888888888889,16.36111111111111,7.527777777777778,0.5,1.8333333333333333,3.9722222222222223,1.1944444444444444,0.08333333333333333,1.1111111111111112,1.4444444444444444,0.41504228795895465,0.034722222222222224,0.4958333333333333,0.1322169182104077,0.029965891807997063,0.1391411686210504,0.0,7.638888888888889,1.0
J.P. Tokoto,8.13888888888889,42.72222222222222,9.11111111111111,2.4722222222222223,0.7222222222222222,0.8888888888888888,0.6944444444444444,0.8055555555555556,0.1111111111111111,0.4444444444444444,0.7222222222222222,0.3689814814814815,0.013888888888888888,0.11574074074074076,0.03937716321769772,0.017791028356885133,0.03805104690444237,-0.5,7.638888888888889,0.0
Jackson Simmons,6.083333333333333,31.083333333333332,2.8333333333333335,1.6111111111111112,0.75,0.6944444444444444,0.2222222222222222,0.16666666666666666,0.1111111111111111,0.05555555555555555,0.6111111111111112,0.30462962962962964,0.0,0.1111111111111111,0.02265930913500621,0.0,0.01863709849820961,0.0,7.638888888888889,0.0
James Michael McAdoo,28.11111111111111,91.33333333333333,26.833333333333332,13.61111111111111,2.3055555555555554,4.722222222222222,1.0833333333333333,2.4722222222222223,0.3611111111111111,1.3333333333333333,2.1944444444444446,0.43317413485112155,0.0,0.4938832772166106,0.27758935066374346,0.003267973856209151,0.24538872306261,-1.5555555555555556,7.638888888888889,1.0
Joel James,7.777777777777778,46.75,5.305555555555555,1.8611111111111112,0.7222222222222222,1.25,0.16666666666666666,0.5555555555555556,0.2777777777777778,0.19444444444444445,0.9722222222222222,0.36203703703703716,0.0,0.1111111111111111,0.03355753722006569,0.0,0.025892928498707654,-0.16666666666666666,7.638888888888889,0.0
Leslie McDonald,14.055555555555555,82.61111111111111,15.444444444444445,5.777777777777778,0.5555555555555556,1.0555555555555556,0.9444444444444444,0.5555555555555556,0.08333333333333333,0.4166666666666667,1.0833333333333333,0.23981481481481484,0.21984126984126984,0.2569444444444444,0.04895307041935518,0.15102646423443067,0.057042642981755466,-0.1111111111111111,7.638888888888889,1.0
Marcus Paige,26.5,91.80555555555556,17.416666666666668,7.305555555555555,0.2222222222222222,2.2777777777777777,4.277777777777778,2.1944444444444446,0.1388888888888889,1.1111111111111112,1.5833333333333333,0.3153218694885362,0.3234788359788359,0.37407407407407406,0.08115221545308396,0.17193703395319115,0.08278929736446078,-1.8888888888888888,7.638888888888889,1.0
P.J. Hairston,20.61111111111111,111.94444444444444,24.75,12.694444444444445,1.6666666666666667,2.0277777777777777,1.1666666666666667,1.0555555555555556,0.3611111111111111,1.0555555555555556,1.6666666666666667,0.43480639730639725,0.3536384140550808,0.5488425925925926,0.08628761080814797,0.29312519144107796,0.15949113092487965,0.7222222222222222,7.638888888888889,1.0
Reggie Bullock,28.666666666666668,128.86111111111111,18.083333333333332,13.0,1.9444444444444444,4.083333333333333,2.6666666666666665,1.0277777777777777,0.2777777777777778,1.1666666666666667,1.25,0.5596255596255596,0.4027116402116402,0.41501322751322756,0.09472896495561851,0.2773308607946533,0.10946240430735316,0.8333333333333334,7.638888888888889,1.0
