,MP,ORtg,%Ps,Pts,OR,DR,A,TO,Blk,Stl,PF,2Pt %,3Pt %,FT %,2Pt %Att,3Pt %Att,FT %Att,Pnts-Prev,Marg,Maj Cont
Bryan Alberts,3.58974358974359,14.487179487179487,2.1538461538461537,1.0769230769230769,0.02564102564102564,0.28205128205128205,0.6153846153846154,0.10256410256410256,0.05128205128205128,0.23076923076923078,0.28205128205128205,0.10897435897435898,0.05341880341880341,0.04487179487179487,0.010642395862176081,0.03727227383474262,0.00745920745920746,0.358974358974359,19.82051282051282,0.0
Dustin Triano,1.9487179487179487,3.1538461538461537,0.20512820512820512,0.38461538461538464,0.05128205128205128,0.23076923076923078,0.02564102564102564,0.0,0.0,0.05128205128205128,0.1794871794871795,0.0,0.1111111111111111,0.0,0.0,0.01092471850394884,0.0,0.10256410256410256,19.82051282051282,0.0
Jeremy Jones,2.1538461538461537,0.0,0.0,0.38461538461538464,0.20512820512820512,0.4358974358974359,0.1282051282051282,0.1282051282051282,0.07692307692307693,0.1282051282051282,0.15384615384615385,0.12179487179487179,0.0,0.038461538461538464,0.008101358610929685,0.004753086419753087,0.005497280497280497,0.15384615384615385,19.82051282051282,0.0
Johnathan Williams,20.0,100.2051282051282,17.025641025641026,8.58974358974359,1.435897435897436,4.0256410256410255,0.717948717948718,1.1282051282051282,0.7692307692307693,0.5897435897435898,1.7179487179487178,0.5212148962148961,0.20512820512820512,0.3838319088319089,0.12059192128172633,0.045430621010917924,0.11804232418445434,0.46153846153846156,19.82051282051282,1.0
Jordan Mathews,23.256410256410255,98.23076923076923,14.205128205128204,8.794871794871796,0.5384615384615384,2.128205128205128,1.3333333333333333,0.6666666666666666,0.1282051282051282,0.6666666666666666,1.1538461538461537,0.39786324786324784,0.2995365745365745,0.4297008547008547,0.05953602002731545,0.22798283144688583,0.0844428465868984,0.2564102564102564,19.82051282051282,1.0
Josh Perkins,23.692307692307693,85.33333333333333,13.615384615384615,6.897435897435898,0.20512820512820512,1.564102564102564,2.8205128205128207,1.7179487179487178,0.07692307692307693,0.7692307692307693,1.6153846153846154,0.3512820512820513,0.30659340659340656,0.35299145299145307,0.044349355562667454,0.17991458126454427,0.05924869898838798,-1.7435897435897436,19.82051282051282,1.0
Killian Tillie,8.846153846153847,62.12820512820513,9.051282051282051,3.1794871794871793,0.5641025641025641,1.6153846153846154,0.48717948717948717,0.46153846153846156,0.20512820512820512,0.5897435897435898,1.2820512820512822,0.268986568986569,0.17521367521367523,0.2632478632478632,0.038890159061051234,0.033103197303403706,0.03387702523605161,0.6666666666666666,19.82051282051282,0.0
Nigel Williams-Goss,26.102564102564102,101.41025641025641,20.358974358974358,13.846153846153847,0.41025641025641024,4.282051282051282,3.923076923076923,1.7435897435897436,0.02564102564102564,1.435897435897436,1.205128205128205,0.45406075406075413,0.2658119658119658,0.6168498168498169,0.17229869221251018,0.11998512811071868,0.1626561974547811,-0.5641025641025641,19.82051282051282,1.0
Przemek Karnowski,19.53846153846154,98.07692307692308,22.025641025641026,10.666666666666666,1.1282051282051282,3.9743589743589745,1.6666666666666667,1.4102564102564104,0.8717948717948718,0.358974358974359,1.641025641025641,0.5197874774797852,0.0,0.3324786324786325,0.19087078725754272,0.0010256410256410256,0.12672428922090856,-0.358974358974359,19.82051282051282,1.0
Rui Hachimura,3.128205128205128,5.102564102564102,1.3076923076923077,1.794871794871795,0.3076923076923077,0.6410256410256411,0.05128205128205128,0.20512820512820512,0.10256410256410256,0.15384615384615385,0.358974358974359,0.2678876678876679,0.07692307692307693,0.11538461538461539,0.02463012083198723,0.019075761173034715,0.0296609350105667,0.10256410256410256,19.82051282051282,0.0
Ryan Edwards,1.205128205128205,0.0,0.0,0.8717948717948718,0.1794871794871795,0.3076923076923077,0.10256410256410256,0.02564102564102564,0.02564102564102564,0.0,0.20512820512820512,0.21367521367521364,0.0,0.05128205128205128,0.014260776479847729,0.0009496676163342829,0.009997409997409997,0.0,19.82051282051282,0.0
Silas Melson,20.564102564102566,100.61538461538461,11.974358974358974,6.435897435897436,0.358974358974359,1.641025641025641,1.3076923076923077,0.6410256410256411,0.1282051282051282,0.6410256410256411,1.7692307692307692,0.39914529914529917,0.31752136752136756,0.4094017094017094,0.05961189782706354,0.1369721483151204,0.05415107729865211,0.2564102564102564,19.82051282051282,1.0
Zach Collins,14.461538461538462,100.15384615384616,20.102564102564102,8.615384615384615,1.358974358974359,3.4871794871794872,0.3333333333333333,1.1794871794871795,1.3076923076923077,0.4358974358974359,2.1794871794871793,0.5804362304362304,0.16666666666666666,0.5012210012210012,0.10237036113902845,0.02876419012880075,0.15439655421924736,1.1282051282051282,19.82051282051282,1.0
