,MP,ORtg,%Ps,Pts,OR,DR,A,TO,Blk,Stl,PF,2Pt %,3Pt %,FT %,2Pt %Att,3Pt %Att,FT %Att,Pnts-Prev,Marg,Maj Cont
Brian Rohleder,0.9393939393939394,0.0,0.0,0.06060606060606061,0.030303030303030304,0.06060606060606061,0.030303030303030304,0.030303030303030304,0.0,0.030303030303030304,0.030303030303030304,0.030303030303030304,0.0,0.0,0.0016233766233766233,0.001443001443001443,0.0,0.0,3.878787878787879,0.0
DJ Johnson,13.787878787878787,57.03030303030303,9.878787878787879,3.4242424242424243,1.5757575757575757,1.9393939393939394,0.09090909090909091,0.7575757575757576,0.5151515151515151,0.30303030303030304,2.303030303030303,0.40331890331890335,0.0,0.24074074074074078,0.06980003405722716,0.0,0.06164014283330224,0.12121212121212122,3.878787878787879,0.0
Jevon Thomas,10.212121212121213,35.60606060606061,8.878787878787879,1.5454545454545454,0.3333333333333333,0.9090909090909091,1.6666666666666667,0.6363636363636364,0.0,0.36363636363636365,1.1515151515151516,0.09163059163059163,0.06060606060606061,0.12373737373737373,0.044780169359243456,0.021293689475507655,0.07385380842814805,-0.5454545454545454,3.878787878787879,0.0
Marcus Foster,28.181818181818183,100.57575757575758,26.181818181818183,15.090909090909092,0.7575757575757576,2.3636363636363638,2.393939393939394,2.212121212121212,0.21212121212121213,0.5454545454545454,2.3333333333333335,0.40037496173859816,0.3747431020158294,0.6276575276575276,0.16487445929616953,0.3315192811639477,0.1470585800999295,-2.909090909090909,3.878787878787879,1.0
Nigel Johnson,11.969696969696969,64.51515151515152,12.272727272727273,3.757575757575758,0.42424242424242425,0.8181818181818182,1.4545454545454546,0.7272727272727273,0.030303030303030304,0.6363636363636364,1.1818181818181819,0.3464646464646465,0.13939393939393938,0.22979797979797978,0.040363836717174036,0.10397173051033638,0.04386299913036404,-0.12121212121212122,3.878787878787879,1.0
Nino Williams,15.848484848484848,78.0,15.878787878787879,6.242424242424242,1.8484848484848484,1.5454545454545454,0.6363636363636364,0.8787878787878788,0.12121212121212122,0.42424242424242425,2.696969696969697,0.4424256571315395,0.0,0.49250841750841756,0.11799321240850813,0.0,0.09806493966608384,-0.6666666666666666,3.878787878787879,0.0
Omari Lawrence,12.727272727272727,68.42424242424242,10.06060606060606,3.121212121212121,0.42424242424242425,1.3636363636363635,0.8787878787878788,0.696969696969697,0.21212121212121213,0.6363636363636364,1.7878787878787878,0.3994949494949495,0.07575757575757576,0.26515151515151514,0.052507396697781664,0.041054868937409505,0.04883166105422202,0.30303030303030304,3.878787878787879,0.0
Ryan Schultz,1.0909090909090908,0.0,0.0,0.3939393939393939,0.09090909090909091,0.12121212121212122,0.09090909090909091,0.15151515151515152,0.0,0.12121212121212122,0.21212121212121213,0.030303030303030304,0.03787878787878788,0.07575757575757576,0.0022274022274022275,0.015876602280111052,0.01386593204775023,-0.06060606060606061,3.878787878787879,0.0
Shane Southwell,24.393939393939394,88.87878787878788,19.78787878787879,8.93939393939394,1.0303030303030303,2.9393939393939394,2.5454545454545454,1.4848484848484849,0.9696969696969697,0.7272727272727273,2.0303030303030303,0.3849534304079759,0.22296777296777293,0.41865079365079355,0.12462921922024803,0.1964397222066797,0.10394598473681077,0.42424242424242425,3.878787878787879,1.0
Thomas Gipson,23.90909090909091,91.33333333333333,21.0,10.727272727272727,2.090909090909091,3.8181818181818183,0.5454545454545454,1.9696969696969697,0.45454545454545453,0.3333333333333333,2.4242424242424243,0.4871629212538303,0.0,0.575132275132275,0.19834040899117883,0.0,0.159720575970414,-2.3636363636363638,3.878787878787879,1.0
Wesley Iwundu,22.696969696969695,102.18181818181819,16.78787878787879,6.454545454545454,1.303030303030303,2.8181818181818183,1.7878787878787878,1.2424242424242424,0.3333333333333333,0.5454545454545454,2.0303030303030303,0.4199658926931655,0.09595959595959595,0.47767939131575493,0.1095259350013175,0.027265727804005314,0.14167037895172402,-0.7272727272727273,3.878787878787879,1.0
Will Spradling,29.363636363636363,117.81818181818181,13.212121212121213,7.606060606060606,0.5151515151515151,2.484848484848485,2.8484848484848486,0.9393939393939394,0.030303030303030304,1.3333333333333333,2.787878787878788,0.32626262626262625,0.34902597402597396,0.4183621933621933,0.043031519097342506,0.23083234587597098,0.07718196677822096,0.8484848484848485,3.878787878787879,1.0
