,MP,ORtg,%Ps,Pts,OR,DR,A,TO,Blk,Stl,PF,2Pt %,3Pt %,FT %,2Pt %Att,3Pt %Att,FT %Att,Pnts-Prev,Marg,Maj Cont
Assane Diop,2.6944444444444446,4.888888888888889,0.3611111111111111,0.4722222222222222,0.16666666666666666,0.4166666666666667,0.3055555555555556,0.25,0.05555555555555555,0.027777777777777776,0.5555555555555556,0.09027777777777779,0.027777777777777776,0.0,0.01826068905723785,0.001736111111111111,0.0,-0.3333333333333333,0.027777777777777776,0.0
Chris Horton,32.69444444444444,114.11111111111111,26.5,18.38888888888889,4.805555555555555,6.888888888888889,1.5,2.6944444444444446,1.75,1.3055555555555556,2.0,0.5940894041029492,0.0,0.5907976282976283,0.29442800831089816,0.0,0.3056347119973077,0.7222222222222222,0.027777777777777776,1.0
Chris Porter-Bunton,12.11111111111111,69.97222222222223,9.222222222222221,4.083333333333333,0.6388888888888888,1.2222222222222223,0.5555555555555556,0.5,0.08333333333333333,0.3888888888888889,2.111111111111111,0.344212962962963,0.2222222222222222,0.2939814814814815,0.055945977768627565,0.03712866451653944,0.0440674397495919,-0.05555555555555555,0.027777777777777776,0.0
Jared Savage,18.944444444444443,103.80555555555556,11.555555555555555,6.305555555555555,0.5277777777777778,2.361111111111111,0.8055555555555556,0.5,0.027777777777777776,0.6666666666666666,1.5,0.35416666666666674,0.3158509700176367,0.3201058201058201,0.03110010354133354,0.1923062545077051,0.035822225128366365,0.3888888888888889,0.027777777777777776,1.0
John Murry,7.638888888888889,42.02777777777778,9.083333333333334,3.5833333333333335,0.2222222222222222,0.9722222222222222,0.25,0.6388888888888888,0.0,0.2222222222222222,0.6111111111111112,0.25416666666666665,0.17129629629629628,0.27546296296296297,0.03681071603214464,0.06064064958591656,0.06000531588989296,-0.8333333333333334,0.027777777777777776,1.0
Josh Robinson,33.083333333333336,101.55555555555556,24.055555555555557,16.22222222222222,0.3888888888888889,2.6944444444444446,2.5277777777777777,2.638888888888889,0.0,0.9722222222222222,1.3055555555555556,0.44646765271765276,0.31998456790123453,0.676466049382716,0.17509340325916342,0.3231232984081573,0.1952556618821583,-3.3333333333333335,0.027777777777777776,1.0
Kenny Jones,23.333333333333332,86.25,18.333333333333332,7.722222222222222,1.4166666666666667,3.7777777777777777,1.25,1.5277777777777777,0.4722222222222222,0.7777777777777778,2.361111111111111,0.5046792328042328,0.05555555555555555,0.260978835978836,0.15703088116477018,0.019745219854868976,0.10368878109635404,-0.5555555555555556,0.027777777777777776,1.0
Khalil Davis,30.444444444444443,95.13888888888889,20.694444444444443,10.86111111111111,1.3055555555555556,2.5555555555555554,2.6944444444444446,2.5277777777777777,0.3333333333333333,1.1111111111111112,2.6666666666666665,0.47140652557319235,0.2585648148148148,0.5383267195767195,0.13645040502939784,0.19442809530098135,0.16518181694778653,-2.1666666666666665,0.027777777777777776,1.0
Terrell Thompson,15.5,51.05555555555556,8.722222222222221,2.388888888888889,0.25,0.8888888888888888,1.5277777777777777,1.0833333333333333,0.05555555555555555,0.5,1.6111111111111112,0.18207671957671956,0.1527777777777778,0.1820987654320988,0.046771874932305085,0.03465130505507182,0.0354884006351036,-1.0555555555555556,0.027777777777777776,0.0
Tre' Ivory,5.611111111111111,18.47222222222222,2.25,0.5833333333333334,0.027777777777777776,0.3611111111111111,0.6111111111111112,0.3888888888888889,0.0,0.2222222222222222,0.6944444444444444,0.10648148148148147,0.0,0.10416666666666667,0.0106939516754014,0.00600393555437415,0.019280202821869492,-0.3333333333333333,0.027777777777777776,0.0
Zach Glotta,13.472222222222221,62.52777777777778,6.194444444444445,2.8333333333333335,0.1111111111111111,0.8333333333333334,1.0833333333333333,0.6388888888888888,0.0,0.4444444444444444,1.4166666666666667,0.19444444444444445,0.2268518518518519,0.1111111111111111,0.009636211450942669,0.10245868832749637,0.00779766607379117,-0.3888888888888889,0.027777777777777776,0.0
