,MP,ORtg,%Ps,Pts,OR,DR,A,TO,Blk,Stl,PF,2Pt %,3Pt %,FT %,2Pt %Att,3Pt %Att,FT %Att,Pnts-Prev,Marg,Maj Cont
Cady Lalanne,28.060606060606062,103.6969696969697,18.333333333333332,11.090909090909092,3.090909090909091,4.636363636363637,0.18181818181818182,1.7575757575757576,2.121212121212121,0.5151515151515151,2.5454545454545454,0.5785174841993024,0.06060606060606061,0.5351010101010101,0.16632042292955984,0.014708748042081375,0.17150615317919607,1.7575757575757576,5.181818181818182,1.0
Chaz Williams,34.09090909090909,102.51515151515152,25.393939393939394,15.272727272727273,0.7878787878787878,1.9696969696969697,6.787878787878788,3.272727272727273,0.21212121212121213,1.5151515151515151,2.8484848484848486,0.38943396670669395,0.3252886002886003,0.7085257335257336,0.1686534429926252,0.2876916367301712,0.23215405662719457,-3.090909090909091,5.181818181818182,1.0
Clyde Santee,1.2121212121212122,3.6363636363636362,0.48484848484848486,0.8181818181818182,0.030303030303030304,0.18181818181818182,0.06060606060606061,0.09090909090909091,0.06060606060606061,0.030303030303030304,0.12121212121212122,0.10606060606060606,0.05808080808080807,0.06060606060606061,0.005314162875138486,0.01286765541151506,0.00885040885040885,0.0,5.181818181818182,0.0
Demetrius Denzel-Dyson,2.1818181818181817,2.121212121212121,0.6060606060606061,0.5454545454545454,0.030303030303030304,0.18181818181818182,0.030303030303030304,0.09090909090909091,0.0,0.030303030303030304,0.3939393939393939,0.015151515151515152,0.07070707070707072,0.015151515151515152,0.003005444865909982,0.02515382765382765,0.003367003367003367,-0.12121212121212122,5.181818181818182,1.0
Derrick Gordon,27.90909090909091,92.15151515151516,17.757575757575758,9.06060606060606,1.0909090909090908,2.3636363636363638,2.0,1.606060606060606,0.30303030303030304,1.4545454545454546,1.878787878787879,0.4599390508481417,0.0,0.3128427128427128,0.18217886424368196,0.008365273286221903,0.10966538645101094,0.30303030303030304,5.181818181818182,1.0
Maxie Esho,19.78787878787879,87.63636363636364,18.272727272727273,8.242424242424242,1.2121212121212122,3.4545454545454546,0.36363636363636365,1.5454545454545454,0.8484848484848485,0.9696969696969697,2.757575757575758,0.5472659495386769,0.0,0.33763828763828757,0.12858569595426717,0.005231664470794906,0.11946964794548262,0.5454545454545454,5.181818181818182,1.0
Raphiael Putney,23.727272727272727,93.12121212121212,17.727272727272727,8.787878787878787,1.0606060606060606,4.2727272727272725,1.4242424242424243,1.696969696969697,1.1818181818181819,0.6363636363636364,2.6363636363636362,0.5428932178932179,0.2696969696969697,0.4409090909090909,0.10302157213300144,0.18385191871934042,0.06851763299104831,0.24242424242424243,5.181818181818182,1.0
Sampson Carter,27.0,92.57575757575758,18.545454545454547,10.212121212121213,1.3636363636363635,3.3636363636363638,1.1818181818181819,1.7272727272727273,0.3939393939393939,0.48484848484848486,2.272727272727273,0.4672471467926013,0.285930735930736,0.541883116883117,0.11867421381693267,0.19650518465272884,0.13771549147511994,-1.696969696969697,5.181818181818182,1.0
Seth Berger,1.1515151515151516,3.1515151515151514,0.6666666666666666,0.18181818181818182,0.09090909090909091,0.15151515151515152,0.06060606060606061,0.030303030303030304,0.0,0.030303030303030304,0.21212121212121213,0.015151515151515152,0.0,0.030303030303030304,0.0032760032760032766,0.005671797338464004,0.001409443269908386,0.0,5.181818181818182,0.0
Trey Davis,22.575757575757574,104.48484848484848,18.696969696969695,8.909090909090908,0.3333333333333333,2.212121212121212,2.4545454545454546,1.0909090909090908,0.0,0.8484848484848485,1.8484848484848484,0.3294612794612795,0.35098605098605096,0.5297979797979798,0.0782269732368248,0.2296492633918243,0.10376983226868339,-0.48484848484848486,5.181818181818182,1.0
Tyler Bergantino,7.0,20.21212121212121,1.2424242424242424,0.7272727272727273,0.42424242424242425,1.0,0.21212121212121213,0.09090909090909091,0.24242424242424243,0.09090909090909091,1.5151515151515151,0.21212121212121213,0.0,0.030303030303030304,0.012440173373024865,0.0,0.013271913271913271,0.48484848484848486,5.181818181818182,0.0
