,MP,ORtg,%Ps,Pts,OR,DR,A,TO,Blk,Stl,PF,2Pt %,3Pt %,FT %,2Pt %Att,3Pt %Att,FT %Att,Pnts-Prev,Marg,Maj Cont
Anson Winder,21.0,91.97142857142858,16.37142857142857,10.457142857142857,0.45714285714285713,2.4,1.4857142857142858,0.8857142857142857,0.17142857142857143,1.1142857142857143,1.6285714285714286,0.42979591836734693,0.31850340136054417,0.4746520146520146,0.10853872745333029,0.1506831533598299,0.11103546510686442,0.8,10.685714285714285,0.0
Chase Fischer,25.142857142857142,103.0,19.6,12.142857142857142,0.2857142857142857,1.6857142857142857,1.8571428571428572,1.3714285714285714,0.05714285714285714,0.7142857142857143,1.3714285714285714,0.36309523809523814,0.35168529882815597,0.4623809523809524,0.07494713181191152,0.31048226723583217,0.07352105071348256,-1.2,10.685714285714285,1.0
Corbin Kaufusi,15.085714285714285,86.05714285714286,10.885714285714286,3.1142857142857143,1.5714285714285714,2.057142857142857,0.08571428571428572,0.8857142857142857,0.9428571428571428,0.3142857142857143,3.2,0.4338095238095238,0.0,0.32777777777777783,0.04701657424983425,0.0,0.06817466886160589,0.7428571428571429,10.685714285714285,1.0
Dalton Nixon,7.485714285714286,39.114285714285714,3.6,1.6,0.34285714285714286,0.9428571428571428,0.6,0.34285714285714286,0.11428571428571428,0.11428571428571428,0.9142857142857143,0.1925170068027211,0.08571428571428572,0.17142857142857143,0.02013945112833923,0.022435658273310215,0.012945929646390476,-0.22857142857142856,10.685714285714285,0.0
Frank Bartley,8.342857142857143,45.51428571428571,7.057142857142857,2.2285714285714286,0.2571428571428571,1.2857142857142858,1.1142857142857143,0.5428571428571428,0.2857142857142857,0.42857142857142855,0.5428571428571428,0.24476190476190476,0.10476190476190476,0.2576190476190476,0.028446921299937793,0.03205048540892462,0.044834952648074154,0.34285714285714286,10.685714285714285,1.0
Isaac Neilson,8.8,44.0,6.114285714285714,3.0285714285714285,0.9714285714285714,1.3714285714285714,0.14285714285714285,0.37142857142857144,0.2857142857142857,0.2857142857142857,1.6,0.35850340136054415,0.09142857142857141,0.19591836734693877,0.043032895752060644,0.029279528871439687,0.03246069495278726,0.4,10.685714285714285,0.0
Jake Toolson,5.6,27.17142857142857,3.5428571428571427,1.7142857142857142,0.08571428571428572,0.9142857142857143,0.34285714285714286,0.17142857142857143,0.0,0.2,0.5142857142857142,0.10714285714285714,0.13166666666666668,0.02857142857142857,0.007464632920453397,0.04782422831683916,0.002040816326530612,0.05714285714285714,10.685714285714285,0.0
Josh Sharp,6.314285714285714,30.885714285714286,2.1142857142857143,0.9142857142857143,0.7142857142857143,0.7142857142857143,0.4,0.17142857142857143,0.2571428571428571,0.22857142857142856,0.9714285714285714,0.17619047619047618,0.04285714285714286,0.05714285714285714,0.011996247718559205,0.00498631636562671,0.012498554077501445,0.6285714285714286,10.685714285714285,0.0
Kyle Collinsworth,28.37142857142857,101.65714285714286,25.02857142857143,12.8,2.2857142857142856,5.685714285714286,5.3428571428571425,2.6,0.3142857142857143,1.6857142857142857,1.9714285714285715,0.4588215752501467,0.11428571428571428,0.612074592074592,0.22590089349082293,0.027286899375134666,0.21196033451569934,-1.2,10.685714285714285,1.0
Luke Worthington,11.6,44.285714285714285,5.2,1.7142857142857142,0.6571428571428571,0.8857142857142857,0.17142857142857143,0.4,0.05714285714285714,0.2857142857142857,2.6285714285714286,0.22244897959183674,0.0,0.21428571428571427,0.032700602949254635,0.0,0.039310910164507384,-0.11428571428571428,10.685714285714285,0.0
Nate Austin,5.628571428571429,27.17142857142857,1.6857142857142857,0.8571428571428571,0.42857142857142855,1.1714285714285715,0.2571428571428571,0.08571428571428572,0.05714285714285714,0.2,0.6285714285714286,0.1,0.02857142857142857,0.09285714285714286,0.008849976692186746,0.00538095238095238,0.012162837162837163,0.34285714285714286,10.685714285714285,0.0
Ryan Andrus,4.285714285714286,25.885714285714286,2.3142857142857145,1.0857142857142856,0.34285714285714286,0.45714285714285713,0.08571428571428572,0.14285714285714285,0.05714285714285714,0.11428571428571428,0.6857142857142857,0.18571428571428572,0.08571428571428572,0.09523809523809525,0.00998558547020779,0.012989420329535322,0.016768482384245935,0.05714285714285714,10.685714285714285,0.0
Skyler Halford,17.257142857142856,98.8,18.142857142857142,8.228571428571428,0.2857142857142857,1.3714285714285714,2.142857142857143,1.4,0.02857142857142857,0.6857142857142857,1.8,0.3248979591836735,0.3757142857142857,0.4819047619047619,0.061733620242856384,0.14426959625921787,0.06948571066578176,-1.3714285714285714,10.685714285714285,1.0
Tyler Haws,31.057142857142857,117.85714285714286,28.228571428571428,21.228571428571428,1.2857142857142858,3.0285714285714285,2.2285714285714286,1.9142857142857144,0.2571428571428571,0.9428571428571428,1.3428571428571427,0.5265623825287691,0.3174036281179139,0.8008376544090829,0.2906753102488167,0.18376006525192878,0.26422816420226297,-1.4285714285714286,10.685714285714285,1.0
