,MP,ORtg,%Ps,Pts,OR,DR,A,TO,Blk,Stl,PF,2Pt %,3Pt %,FT %,2Pt %Att,3Pt %Att,FT %Att,Pnts-Prev,Marg
Angel Delgado,30.8125,105.9375,25.59375,13.34375,3.875,7.6875,2.65625,2.5,0.6875,0.8125,2.1875,0.501610889110889,0.0,0.5266323953823954,0.26589968790556423,0.002846790890269151,0.19732875194488483,-2.0,5.6875
Desi Rodriguez,27.34375,101.8125,22.0625,16.125,1.0,3.46875,1.9375,1.875,0.4375,0.90625,2.1875,0.5185961607836608,0.3322048611111111,0.6156824945887446,0.1880435883916429,0.2170954786371848,0.14745869798864822,-1.0625,5.6875
Eron Gordon,7.1875,44.71875,4.0,1.375,0.15625,0.59375,0.65625,0.375,0.0,0.125,0.65625,0.17708333333333331,0.140625,0.06510416666666667,0.015809811212986042,0.0241877052545156,0.02020637240103059,-0.5,5.6875
Ismael Sanogo,21.53125,101.34375,11.53125,5.15625,1.5,3.3125,0.90625,0.84375,0.875,0.96875,2.6875,0.4665178571428571,0.16666666666666666,0.30130208333333336,0.07073513941604402,0.03651784651924518,0.07058937449294286,2.0,5.6875
Jordan Walker,3.84375,15.03125,3.53125,0.96875,0.0625,0.21875,0.46875,0.375,0.03125,0.1875,0.90625,0.06510416666666666,0.0859375,0.0703125,0.009180944394297466,0.025616455841343398,0.015163339360174914,-0.3125,5.6875
Khadeen Carrington,33.03125,108.5,23.625,14.90625,0.625,2.5625,4.53125,2.28125,0.28125,1.0625,2.125,0.44435200216450216,0.32338338744588746,0.7495411706349207,0.18994686531184735,0.20248897121551102,0.221154785546914,-1.875,5.6875
Michael Nzei,16.75,93.625,10.375,3.96875,1.53125,2.53125,0.53125,0.6875,0.25,0.28125,1.40625,0.45442708333333326,0.0,0.3088541666666667,0.06617742425971916,0.0,0.06861054364392638,-0.3125,5.6875
Myles Cale,17.03125,82.34375,11.15625,4.4375,0.5,1.125,0.625,0.90625,0.15625,0.625,1.46875,0.5161458333333333,0.20416666666666666,0.20572916666666666,0.05585176143336433,0.06872077169255325,0.048425757113780984,-0.25,5.6875
Myles Powell,31.78125,117.375,21.78125,15.40625,0.5,1.96875,2.9375,2.0,0.25,1.03125,2.375,0.5248139880952382,0.38569061147186146,0.6499627976190477,0.104147681309026,0.36869511168589575,0.15653175515760254,-1.4375,5.6875
Philip Flory,1.75,0.6875,0.28125,0.375,0.0,0.1875,0.09375,0.09375,0.03125,0.0,0.15625,0.0,0.0625,0.09375,0.0030892565359477127,0.010029761904761904,0.0125,-0.125,5.6875
Sandro Mamukelashvili,9.71875,55.4375,7.34375,2.71875,0.84375,1.0625,0.46875,0.40625,0.5,0.25,1.40625,0.24218750000000003,0.21354166666666666,0.14322916666666669,0.031117839829560914,0.04380110635872001,0.04203062235009461,0.6875,5.6875
