,MP,ORtg,%Ps,Pts,OR,DR,A,TO,Blk,Stl,PF,2Pt %,3Pt %,FT %,2Pt %Att,3Pt %Att,FT %Att,Pnts-Prev,Marg,Maj Cont
Aaron Brown,24.916666666666668,93.83333333333333,18.055555555555557,9.722222222222221,0.7222222222222222,2.4444444444444446,1.25,1.1666666666666667,0.027777777777777776,0.3611111111111111,1.6388888888888888,0.41305114638447965,0.28564814814814815,0.4928240740740741,0.13744564999045494,0.12093732291115217,0.11146528054933752,-1.5555555555555556,7.25,1.0
Chris Clover,1.8055555555555556,0.0,0.0,0.2777777777777778,0.0,0.1111111111111111,0.027777777777777776,0.1111111111111111,0.0,0.027777777777777776,0.2777777777777778,0.0,0.023148148148148147,0.034722222222222224,0.005651825905293147,0.01659911470071909,0.007706464228203359,-0.16666666666666666,7.25,0.0
DeAndre' Bembry,35.02777777777778,105.80555555555556,23.11111111111111,16.333333333333332,1.3055555555555556,5.944444444444445,4.25,1.9166666666666667,0.75,1.2777777777777777,2.2777777777777777,0.5247927997927999,0.20370370370370375,0.5421296296296297,0.25000880899031797,0.1626701549402723,0.19797851729891083,0.2222222222222222,7.25,1.0
Isaiah Miles,32.80555555555556,122.08333333333333,19.47222222222222,17.38888888888889,2.25,5.444444444444445,0.8055555555555556,1.1111111111111112,0.9444444444444444,0.5555555555555556,2.6666666666666665,0.5878753191253191,0.35416666666666674,0.7177669552669552,0.17832340717641829,0.21231807271214195,0.19374891630466085,0.7777777777777778,7.25,1.0
James Demery,20.416666666666668,101.55555555555556,16.666666666666668,7.666666666666667,1.0,2.4722222222222223,0.4722222222222222,0.7222222222222222,0.1111111111111111,0.3611111111111111,1.5,0.5135582010582012,0.15046296296296297,0.45879629629629626,0.11736221898463912,0.04966328825777274,0.11708763457422844,-0.5,7.25,1.0
Javon Baumann,2.611111111111111,2.361111111111111,0.2777777777777778,0.3055555555555556,0.25,0.3611111111111111,0.05555555555555555,0.027777777777777776,0.08333333333333333,0.05555555555555555,0.3888888888888889,0.08333333333333333,0.0,0.06481481481481481,0.005572554065888218,0.0,0.015024557657407896,0.2222222222222222,7.25,0.0
Lamarr Kimble,16.88888888888889,93.02777777777777,18.444444444444443,5.583333333333333,0.25,1.1388888888888888,2.4166666666666665,1.1388888888888888,0.1111111111111111,0.4166666666666667,1.4722222222222223,0.3810185185185186,0.2787037037037037,0.45370370370370366,0.064739864121233,0.09958254391637883,0.08009004828706535,-1.2222222222222223,7.25,1.0
Markell Lodge,1.6111111111111112,5.861111111111111,0.8055555555555556,0.3333333333333333,0.16666666666666666,0.16666666666666666,0.0,0.08333333333333333,0.027777777777777776,0.0,0.25,0.10185185185185185,0.0,0.027777777777777776,0.004138284626089504,0.0,0.006025867136978248,-0.1111111111111111,7.25,0.0
Papa Ndao,15.38888888888889,74.80555555555556,9.972222222222221,4.111111111111111,0.4166666666666667,2.0833333333333335,0.7777777777777778,0.6944444444444444,0.4444444444444444,0.4166666666666667,2.0555555555555554,0.18518518518518517,0.2868716931216932,0.12037037037037036,0.018886924024596637,0.11749749831901458,0.021370101986044013,0.3333333333333333,7.25,0.0
Pierfrancesco Oliva,14.38888888888889,79.66666666666667,14.36111111111111,3.4722222222222223,0.8333333333333334,2.361111111111111,1.5555555555555556,0.6666666666666666,0.5555555555555556,0.5833333333333334,1.5,0.38148148148148153,0.1898148148148148,0.23379629629629634,0.05048906810092366,0.07244382167355883,0.04606698326431202,0.9444444444444444,7.25,1.0
Shavar Newkirk,22.27777777777778,93.44444444444444,19.5,7.666666666666667,0.3888888888888889,1.8611111111111112,2.611111111111111,1.4444444444444444,0.1388888888888889,0.7777777777777778,0.8888888888888888,0.3950176366843034,0.23703703703703705,0.5547949735449735,0.11182583845859002,0.09273262701343393,0.1478800731572958,-1.0555555555555556,7.25,1.0
