,MP,ORtg,%Ps,Pts,OR,DR,A,TO,Blk,Stl,PF,2Pt %,3Pt %,FT %,2Pt %Att,3Pt %Att,FT %Att,Pnts-Prev,Marg,Maj Cont
Ben Emelogu,14.735294117647058,63.35294117647059,12.529411764705882,2.735294117647059,0.20588235294117646,1.5588235294117647,0.9117647058823529,0.8529411764705882,0.20588235294117646,0.5882352941176471,1.2647058823529411,0.25931372549019605,0.1808823529411765,0.16176470588235295,0.03959985703910087,0.14528240936909667,0.023007594989466834,-0.11764705882352941,9.382352941176471,0.0
Ben Moore,21.970588235294116,90.73529411764706,20.176470588235293,7.088235294117647,1.911764705882353,2.764705882352941,1.8529411764705883,1.588235294117647,0.8823529411764706,0.8235294117647058,2.4411764705882355,0.38998281130634066,0.0,0.5020244461420932,0.13812769137268158,0.0,0.13558207721652457,0.23529411764705882,9.382352941176471,1.0
Cannen Cunningham,15.617647058823529,95.94117647058823,17.38235294117647,6.147058823529412,1.0,2.4705882352941178,0.5294117647058824,1.0588235294117647,0.5882352941176471,0.5588235294117647,1.8823529411764706,0.5101190476190476,0.0,0.3602941176470588,0.10903621032095773,0.018294817927170866,0.06977566074376922,0.17647058823529413,9.382352941176471,1.0
Justin Martin,3.588235294117647,24.264705882352942,4.647058823529412,1.6764705882352942,0.08823529411764706,0.5588235294117647,0.20588235294117646,0.29411764705882354,0.0,0.11764705882352941,0.2647058823529412,0.14607843137254903,0.06470588235294118,0.14705882352941177,0.019783523349114054,0.025926075558428498,0.029976851851851852,-0.35294117647058826,9.382352941176471,0.0
Keith Frazier,13.911764705882353,54.6764705882353,9.058823529411764,5.264705882352941,0.29411764705882354,1.7058823529411764,0.6764705882352942,0.6176470588235294,0.17647058823529413,0.4117647058823529,0.7647058823529411,0.2890756302521008,0.16495098039215686,0.30777310924369744,0.050326685484609474,0.17990379718320892,0.06578572235265948,-0.058823529411764705,9.382352941176471,0.0
Markus Kennedy,15.235294117647058,72.94117647058823,18.764705882352942,7.9411764705882355,1.588235294117647,2.5588235294117645,0.7941176470588235,1.0294117647058822,0.5882352941176471,0.9117647058823529,1.5294117647058822,0.3681946321652204,0.0,0.3918067226890756,0.13204762588815144,0.005749668288367978,0.1348850824830683,0.9411764705882353,9.382352941176471,1.0
Nic Moore,33.5,110.11764705882354,22.323529411764707,13.794117647058824,0.17647058823529413,2.0,5.0588235294117645,2.5,0.029411764705882353,1.2647058823529411,1.8529411764705883,0.38963585434173664,0.36616161616161624,0.6918767507002802,0.13210756498809778,0.4609066973618057,0.14621345870092028,-2.411764705882353,9.382352941176471,1.0
Ryan Manuel,28.0,94.0,12.735294117647058,6.382352941176471,0.7352941176470589,2.5,2.0588235294117645,1.1176470588235294,0.38235294117647056,0.5,2.176470588235294,0.4552521008403362,0.07352941176470588,0.4287581699346405,0.1041666979331776,0.027575651472710298,0.13863815318985298,-0.47058823529411764,9.382352941176471,0.0
Sterling Brown,23.205882352941178,110.47058823529412,11.235294117647058,5.147058823529412,1.411764705882353,3.0588235294117645,1.9705882352941178,0.9117647058823529,0.20588235294117646,0.7941176470588235,1.7647058823529411,0.4558823529411765,0.2553921568627451,0.32843137254901966,0.0566804607085229,0.10694911813332868,0.050581785830409585,0.17647058823529413,9.382352941176471,0.0
Yanick Moreira,23.58823529411765,105.79411764705883,24.41176470588235,10.911764705882353,2.323529411764706,3.8823529411764706,0.9705882352941176,1.7352941176470589,1.1176470588235294,0.6470588235294118,1.7647058823529411,0.553589466089466,0.0,0.5691059757236228,0.18871191820970423,0.0,0.17614184793559448,0.058823529411764705,9.382352941176471,1.0
