,MP,ORtg,%Ps,Pts,OR,DR,A,TO,Blk,Stl,PF,2Pt %,3Pt %,FT %,2Pt %Att,3Pt %Att,FT %Att,Pnts-Prev,Marg,Maj Cont
Alandise Harris,19.61111111111111,96.38888888888889,16.805555555555557,7.166666666666667,1.0277777777777777,1.8888888888888888,1.4444444444444444,0.9722222222222222,0.9444444444444444,0.75,1.8333333333333333,0.473831569664903,0.14814814814814817,0.46177248677248683,0.1104688473332851,0.04532764570537898,0.11527374520192171,1.4444444444444444,7.444444444444445,1.0
Anthlon Bell,17.333333333333332,88.72222222222223,16.97222222222222,7.583333333333333,0.3333333333333333,0.8333333333333334,1.3333333333333333,0.7777777777777778,0.08333333333333333,0.5555555555555556,1.6111111111111112,0.3310185185185185,0.28703403078403084,0.3074074074074074,0.0454379725296505,0.24910132337128277,0.04535516500302923,-0.2777777777777778,7.444444444444445,1.0
Anton Beard,17.22222222222222,84.27777777777777,13.63888888888889,5.5,0.8333333333333334,1.0,1.4444444444444444,0.8611111111111112,0.0,0.9166666666666666,2.25,0.4032407407407408,0.2782407407407408,0.3458333333333334,0.05315667143962239,0.12977991213450787,0.0665222304909067,0.1111111111111111,7.444444444444445,0.0
Bobby Portis,28.0,112.33333333333333,24.0,16.555555555555557,3.3333333333333335,4.833333333333333,1.0277777777777777,1.4166666666666667,1.3611111111111112,0.9166666666666666,2.0555555555555554,0.5191906473156471,0.2361111111111111,0.5513117283950618,0.2745912786664841,0.04281287302549698,0.17293609689350484,1.7222222222222223,7.444444444444445,1.0
Jabril Durham,9.333333333333334,51.72222222222222,5.194444444444445,1.6111111111111112,0.2222222222222222,0.5277777777777778,1.3055555555555556,0.6944444444444444,0.0,0.2777777777777778,1.0,0.10648148148148148,0.18148148148148147,0.0763888888888889,0.014459757035904103,0.05477155566956608,0.014948451700075888,-0.8333333333333334,7.444444444444445,0.0
JaCorey Williams,15.36111111111111,76.66666666666667,16.86111111111111,4.694444444444445,0.8333333333333334,1.8333333333333333,1.0277777777777777,0.9166666666666666,0.3611111111111111,0.6666666666666666,1.6666666666666667,0.39531525573192233,0.0,0.20105820105820105,0.11275953188675929,0.0,0.06654264310682692,0.2222222222222222,7.444444444444445,1.0
Keaton Miles,1.3333333333333333,0.0,0.0,0.16666666666666666,0.05555555555555555,0.1111111111111111,0.027777777777777776,0.05555555555555555,0.0,0.027777777777777776,0.5555555555555556,0.06944444444444445,0.0,0.0,0.004888396676450949,0.0014619883040935672,0.002415458937198067,-0.05555555555555555,7.444444444444445,0.0
Manuale Watkins,13.527777777777779,94.22222222222223,9.027777777777779,2.5833333333333335,0.4444444444444444,1.5277777777777777,1.0833333333333333,0.7777777777777778,0.0,1.0277777777777777,1.4166666666666667,0.487037037037037,0.0,0.19444444444444445,0.03735365231462992,0.0071130792628377165,0.03011011907719892,0.5,7.444444444444445,0.0
Michael Qualls,28.305555555555557,103.97222222222223,22.77777777777778,14.61111111111111,1.5,3.4722222222222223,1.5555555555555556,1.5277777777777777,0.4722222222222222,0.8611111111111112,1.6666666666666667,0.4537327641494308,0.28647486772486774,0.671362433862434,0.14908262894299187,0.23001524435274115,0.22895675983795064,-0.3888888888888889,7.444444444444445,1.0
Moses Kingsley,10.305555555555555,66.13888888888889,11.25,3.4166666666666665,1.1666666666666667,1.1388888888888888,0.3055555555555556,0.6111111111111112,1.0555555555555556,0.3888888888888889,1.4722222222222223,0.44999999999999996,0.0,0.2939814814814815,0.0607552922782398,0.0,0.06119995377217064,1.6666666666666667,7.444444444444445,0.0
Nick Babb,3.4722222222222223,11.805555555555555,0.9444444444444444,0.5277777777777778,0.16666666666666666,0.3888888888888889,0.3888888888888889,0.1388888888888889,0.08333333333333333,0.1388888888888889,0.19444444444444445,0.07407407407407407,0.06944444444444445,0.027777777777777776,0.007746939787896177,0.015210395111710899,0.003703703703703704,0.16666666666666666,7.444444444444445,0.0
Rashad Madden,25.583333333333332,106.86111111111111,19.083333333333332,9.13888888888889,0.8333333333333334,2.638888888888889,4.277777777777778,2.1666666666666665,0.1111111111111111,0.7777777777777778,2.0833333333333335,0.44259259259259254,0.33908730158730166,0.6441798941798942,0.07080390760065712,0.16885042750682852,0.130318500558341,-2.5555555555555554,7.444444444444445,1.0
Trey Thompson,0.9444444444444444,0.0,0.0,0.1388888888888889,0.08333333333333333,0.08333333333333333,0.027777777777777776,0.1111111111111111,0.027777777777777776,0.027777777777777776,0.08333333333333333,0.013888888888888888,0.0,0.05555555555555555,0.00293956795187312,0.0,0.006161616161616163,-0.1111111111111111,7.444444444444445,0.0
