,MP,ORtg,%Ps,Pts,OR,DR,A,TO,Blk,Stl,PF,2Pt %,3Pt %,FT %,2Pt %Att,3Pt %Att,FT %Att,Pnts-Prev,Marg,Maj Cont
Ben Brackney,4.764705882352941,20.352941176470587,3.264705882352941,1.088235294117647,0.08823529411764706,0.5588235294117647,0.29411764705882354,0.20588235294117646,0.0,0.029411764705882353,0.2647058823529412,0.11764705882352941,0.0784313725490196,0.07352941176470588,0.017864398043924132,0.022802012962047563,0.007949701619778345,-0.35294117647058826,9.5,0.0
Brian Fitzpatrick,8.205882352941176,45.411764705882355,7.588235294117647,2.1470588235294117,0.38235294117647056,1.088235294117647,0.17647058823529413,0.2647058823529412,0.14705882352941177,0.0,0.9117647058823529,0.3303921568627451,0.0,0.24019607843137258,0.04548045812700493,0.0,0.05122725816535703,-0.23529411764705882,9.5,0.0
Bryson Johnson,31.794117647058822,119.94117647058823,17.41176470588235,10.794117647058824,0.23529411764705882,2.3823529411764706,2.323529411764706,1.088235294117647,0.11764705882352941,0.35294117647058826,1.4411764705882353,0.4083333333333333,0.38312324929971997,0.605460062813004,0.06357593484970991,0.4108801257373922,0.14497554641686622,-1.2352941176470589,9.5,1.0
Cameron Ayers,30.794117647058822,120.44117647058823,20.235294117647058,12.088235294117647,1.0294117647058822,2.8529411764705883,1.9705882352941178,0.9117647058823529,0.058823529411764705,0.6176470588235294,1.3529411764705883,0.5030112044817927,0.35906862745098045,0.49411764705882355,0.14836973364453115,0.30560084290848266,0.11995991619750457,-0.47058823529411764,9.5,1.0
Dom Hoffman,7.176470588235294,37.85294117647059,6.147058823529412,1.7647058823529411,0.5588235294117647,0.8235294117647058,0.20588235294117646,0.2647058823529412,0.20588235294117646,0.11764705882352941,0.9411764705882353,0.357843137254902,0.0,0.12254901960784312,0.045890492525059536,0.0,0.032154977375565615,0.11764705882352941,9.5,0.0
Joe Willman,27.794117647058822,107.91176470588235,22.029411764705884,9.970588235294118,2.088235294117647,3.6470588235294117,1.4411764705882353,1.2647058823529411,0.6764705882352942,0.6176470588235294,2.235294117647059,0.47296086266674503,0.0,0.517156862745098,0.22396077559149458,0.003676470588235294,0.0848730087812925,0.058823529411764705,9.5,1.0
Mike Muscala,30.705882352941178,121.05882352941177,32.0,18.470588235294116,2.8529411764705883,7.970588235294118,2.264705882352941,1.6470588235294117,2.323529411764706,0.5,2.0588235294117645,0.5328371338034877,0.07352941176470588,0.7754644048761697,0.2993990057141356,0.03138930339576852,0.37394708532810766,2.3529411764705883,9.5,1.0
Ryan Frazier,14.911764705882353,62.61764705882353,12.176470588235293,2.5294117647058822,0.08823529411764706,1.0588235294117647,0.8235294117647058,0.7058823529411765,0.0,0.35294117647058826,1.3823529411764706,0.20833333333333331,0.15882352941176472,0.2352941176470588,0.027743571839871858,0.1415034568569899,0.04925179713053942,-0.7058823529411765,9.5,0.0
Ryan Hill,18.58823529411765,76.1470588235294,12.911764705882353,2.823529411764706,0.08823529411764706,2.0588235294117645,1.411764705882353,1.2647058823529411,0.11764705882352941,0.38235294117647056,1.7352941176470589,0.35539215686274517,0.11764705882352941,0.27941176470588236,0.050220398797172904,0.036827194992829666,0.06606039395744241,-1.5294117647058822,9.5,0.0
Steven Kaspar,15.029411764705882,78.97058823529412,12.029411764705882,2.264705882352941,0.11764705882352941,1.7647058823529411,1.9705882352941178,1.0588235294117647,0.14705882352941177,0.4411764705882353,1.3235294117647058,0.3656862745098039,0.08823529411764706,0.18627450980392157,0.04808346616121303,0.01790882785237183,0.040188550321663914,-0.9411764705882353,9.5,1.0
