,MP,ORtg,%Ps,Pts,OR,DR,A,TO,Blk,Stl,PF,2Pt %,3Pt %,FT %,2Pt %Att,3Pt %Att,FT %Att,Pnts-Prev,Marg
Aamir Simms,14.46875,74.625,10.4375,3.78125,0.71875,2.375,0.59375,0.625,0.8125,0.21875,1.3125,0.4458333333333333,0.16927083333333331,0.203125,0.058852606358746264,0.05641344077053165,0.04839701983756595,0.8125,7.46875
Anthony Oliver,3.40625,4.78125,0.96875,1.0625,0.125,0.46875,0.125,0.15625,0.0,0.125,0.4375,0.03125,0.10416666666666667,0.10416666666666666,0.007482807957352395,0.02721344853377117,0.023578509024577574,-0.0625,7.46875
Clyde Trapp,6.625,29.9375,5.1875,1.65625,0.03125,0.5625,0.53125,0.46875,0.0625,0.0625,0.6875,0.171875,0.125,0.1890625,0.01757939572746249,0.025321260983025694,0.02776192967725226,-0.6875,7.46875
David Skara,13.8125,54.5,8.03125,2.25,0.59375,1.28125,0.3125,0.71875,0.3125,0.4375,1.53125,0.23735119047619047,0.06770833333333333,0.17968750000000003,0.04005926741051687,0.02622223020646985,0.04914894781885629,0.0625,7.46875
Donte Grantham,18.90625,72.5625,11.96875,8.40625,0.9375,3.15625,1.40625,1.0,0.53125,0.46875,1.1875,0.37161458333333336,0.228125,0.3356398809523809,0.11221404229814354,0.09028724185200623,0.07597507484498146,0.0,7.46875
Elijah Thomas,24.6875,102.3125,24.8125,10.78125,2.28125,5.65625,0.96875,2.1875,2.21875,0.65625,3.1875,0.5942150731213232,0.0,0.5396385732323232,0.22658466264143157,0.0,0.19304975325671514,1.375,7.46875
Gabe DeVoe,34.375,106.875,19.96875,13.1875,0.875,3.84375,1.96875,1.9375,0.4375,1.03125,2.09375,0.46145833333333336,0.3764001623376623,0.567906746031746,0.13429671588769607,0.2743002513401707,0.15108370794846585,-0.9375,7.46875
Malik William,2.25,8.0,1.5,0.6875,0.4375,0.34375,0.09375,0.0625,0.09375,0.03125,0.34375,0.11197916666666667,0.03125,0.046875,0.020611614982399953,0.00480324074074074,0.004857038123167156,0.125,7.46875
Marcquise Reed,34.96875,111.65625,23.96875,15.84375,0.75,3.84375,3.4375,2.28125,0.0,1.6875,1.8125,0.5137141504329004,0.34972718253968255,0.6676158910533911,0.18724090312100386,0.241302407396268,0.21568588321022109,-1.1875,7.46875
Mark Donnal,12.28125,83.96875,8.46875,3.65625,0.5,1.1875,0.25,0.34375,0.3125,0.21875,1.65625,0.25416666666666665,0.3229166666666667,0.140625,0.03505070861808549,0.05477224741384967,0.03970028413369258,0.375,7.46875
Scott Spencer,4.28125,11.1875,2.40625,0.75,0.09375,0.21875,0.15625,0.09375,0.03125,0.03125,0.375,0.1328125,0.053125,0.015625,0.017635016564828094,0.03144676181876259,0.0026041666666666665,-0.0625,7.46875
Shelton Mitchell,31.21875,96.96875,19.625,11.21875,0.375,2.375,3.3125,1.96875,0.03125,0.71875,1.375,0.3737847222222222,0.2858630952380952,0.6787078373015875,0.14239225843233327,0.1679174689444036,0.16815768545783794,-2.4375,7.46875
