,MP,ORtg,%Ps,Pts,OR,DR,A,TO,Blk,Stl,PF,2Pt %,3Pt %,FT %,2Pt %Att,3Pt %Att,FT %Att,Pnts-Prev,Marg
Andrew Jones,6.848484848484849,33.27272727272727,6.848484848484849,4.090909090909091,0.12121212121212122,0.6060606060606061,0.6060606060606061,0.5151515151515151,0.06060606060606061,0.18181818181818182,0.48484848484848486,0.14989177489177488,0.13744588744588745,0.203030303030303,0.03795087275218689,0.056301732151752625,0.04336039489998434,-0.5454545454545454,3.515151515151515
Dylan Osetkowski,34.93939393939394,96.66666666666667,23.575757575757574,13.636363636363637,2.303030303030303,4.757575757575758,1.1515151515151516,2.1818181818181817,0.18181818181818182,1.0,1.878787878787879,0.4531059008331736,0.20957098457098455,0.6536534172897809,0.20614460240036417,0.1963319494205364,0.18644097991585815,-2.0,3.515151515151515
Eric Davis,20.606060606060606,72.96969696969697,12.515151515151516,6.909090909090909,0.18181818181818182,1.7272727272727273,0.48484848484848486,0.7272727272727273,0.0,0.5151515151515151,1.4242424242424243,0.296969696969697,0.2505531505531506,0.351010101010101,0.06316174448327777,0.1516078477346751,0.09770683679193132,-0.42424242424242425,3.515151515151515
Jacob Young,14.030303030303031,68.93939393939394,11.484848484848484,5.424242424242424,0.18181818181818182,1.303030303030303,0.6666666666666666,0.5454545454545454,0.030303030303030304,0.6060606060606061,0.8484848484848485,0.3333333333333333,0.24480519480519483,0.1919191919191919,0.06471627409745259,0.11861834130875024,0.03437157809893709,0.18181818181818182,3.515151515151515
James Banks,2.878787878787879,15.06060606060606,2.0606060606060606,0.696969696969697,0.30303030303030304,0.42424242424242425,0.0,0.09090909090909091,0.3333333333333333,0.030303030303030304,0.5454545454545454,0.1414141414141414,0.0,0.09343434343434343,0.011199846078878337,0.0,0.020547225647877407,0.5454545454545454,3.515151515151515
Jase Febres,14.606060606060606,67.66666666666667,9.151515151515152,3.212121212121212,0.6363636363636364,1.0,0.5151515151515151,0.3333333333333333,0.21212121212121213,0.21212121212121213,1.2424242424242424,0.1292929292929293,0.19917027417027416,0.09090909090909091,0.0196653095084566,0.12059965726056035,0.011397839548398991,0.18181818181818182,3.515151515151515
Jericho Sims,18.545454545454547,87.66666666666667,11.878787878787879,5.0606060606060606,1.1515151515151516,2.757575757575758,0.18181818181818182,0.7878787878787878,0.5454545454545454,0.3333333333333333,1.7575757575757576,0.5084415584415585,0.0,0.21295093795093792,0.09617438126618169,0.0015151515151515152,0.09454476280072019,0.18181818181818182,3.515151515151515
Kerwin Roach,31.060606060606062,95.48484848484848,21.181818181818183,11.181818181818182,0.7272727272727273,2.727272727272727,3.4242424242424243,2.3636363636363638,0.24242424242424243,1.393939393939394,2.393939393939394,0.49121627530718437,0.33535353535353535,0.4764309764309764,0.1565854522432211,0.15201682148436674,0.17722400521190126,-1.4545454545454546,3.515151515151515
Matt Coleman,33.72727272727273,98.9090909090909,19.424242424242426,9.727272727272727,0.7272727272727273,1.7878787878787878,4.090909090909091,2.1818181818181817,0.030303030303030304,1.2121212121212122,3.0303030303030303,0.4797673706764617,0.20187590187590188,0.4797258297258298,0.16404790634606933,0.12686864225489497,0.12803201764728633,-1.878787878787879,3.515151515151515
Mohamed Bamba,26.515151515151516,99.60606060606061,19.0,11.333333333333334,2.787878787878788,6.363636363636363,0.42424242424242425,1.393939393939394,3.272727272727273,0.6666666666666666,2.1515151515151514,0.5527532677265298,0.21717171717171713,0.5328060828060828,0.1746645721865145,0.07090199437338511,0.187524305396435,5.090909090909091,3.515151515151515
Royce Hamm,2.727272727272727,5.636363636363637,1.8484848484848484,0.3333333333333333,0.24242424242424243,0.45454545454545453,0.0,0.24242424242424243,0.06060606060606061,0.06060606060606061,0.2727272727272727,0.045454545454545456,0.0,0.07373737373737374,0.005689038637396993,0.005237862495927012,0.01885005404066988,-0.24242424242424243,3.515151515151515
