,MP,ORtg,%Ps,Pts,OR,DR,A,TO,Blk,Stl,PF,2Pt %,3Pt %,FT %,2Pt %Att,3Pt %Att,FT %Att,Pnts-Prev,Marg,Maj Cont
Ashton Pankey,27.03030303030303,103.12121212121212,24.151515151515152,13.090909090909092,2.242424242424242,4.212121212121212,0.9393939393939394,2.212121212121212,1.393939393939394,0.696969696969697,3.515151515151515,0.5293913157549521,0.0,0.6449309949309947,0.2390117607322797,0.0,0.24886241960413993,-0.24242424242424243,2.303030303030303,1.0
Calvin Crawford,6.666666666666667,25.939393939393938,6.363636363636363,1.9393939393939394,0.42424242424242425,0.8484848484848485,0.18181818181818182,0.45454545454545453,0.09090909090909091,0.24242424242424243,0.7575757575757576,0.24545454545454545,0.10303030303030303,0.12121212121212122,0.03693109353254951,0.048107615629207706,0.02124773218203274,-0.24242424242424243,2.303030303030303,1.0
Carlton Allen,4.0,16.424242424242426,0.7575757575757576,0.5151515151515151,0.21212121212121213,0.36363636363636365,0.030303030303030304,0.15151515151515152,0.06060606060606061,0.030303030303030304,1.0606060606060606,0.15151515151515152,0.0,0.05303030303030303,0.009713504568468308,0.0,0.00867679729849818,-0.12121212121212122,2.303030303030303,0.0
Donovan Kates,22.0,87.33333333333333,9.515151515151516,3.242424242424242,0.6666666666666666,1.4545454545454546,0.9090909090909091,0.696969696969697,0.09090909090909091,0.42424242424242425,1.7575757575757576,0.21717171717171715,0.17676767676767677,0.36363636363636365,0.037906737134370004,0.09449836051763416,0.051736286450050885,-0.36363636363636365,2.303030303030303,0.0
Emmy Andujar,30.060606060606062,94.0,29.272727272727273,15.515151515151516,2.5757575757575757,4.545454545454546,3.3333333333333335,3.787878787878788,0.21212121212121213,1.9696969696969697,2.696969696969697,0.5103639527436319,0.10606060606060606,0.6416597291597291,0.30928786734466934,0.02503300120070471,0.22938775189756738,-3.212121212121212,2.303030303030303,1.0
Jermaine Lawrence,8.363636363636363,33.18181818181818,12.333333333333334,3.0606060606060606,0.3333333333333333,0.7575757575757576,0.06060606060606061,0.9090909090909091,0.48484848484848486,0.2727272727272727,1.0303030303030303,0.2793169793169793,0.045454545454545456,0.18131313131313134,0.07587177802211588,0.025708362955514777,0.03834398904333377,-0.30303030303030304,2.303030303030303,0.0
RaShawn Stores,23.424242424242426,101.78787878787878,12.181818181818182,5.7272727272727275,0.3939393939393939,1.3333333333333333,2.757575757575758,0.9090909090909091,0.0,1.0909090909090908,2.606060606060606,0.18939393939393936,0.3191197691197692,0.48030303030303034,0.037781728917359925,0.14843953289340606,0.08061438198094444,0.36363636363636365,2.303030303030303,1.0
Rich Williams,15.787878787878787,83.0909090909091,19.12121212121212,5.484848484848484,0.5454545454545454,0.9090909090909091,0.8181818181818182,1.0303030303030303,0.030303030303030304,0.8484848484848485,2.090909090909091,0.38672438672438675,0.288961038961039,0.17424242424242425,0.07116076312235892,0.16934373396130203,0.03286077418849742,-0.30303030303030304,2.303030303030303,0.0
Shane Richards,31.454545454545453,106.75757575757575,17.272727272727273,12.666666666666666,0.30303030303030304,3.1818181818181817,1.5454545454545454,1.3636363636363635,0.12121212121212122,0.7878787878787878,2.090909090909091,0.3702020202020202,0.36573636800909526,0.5137325637325637,0.0646352636153882,0.36724327102201615,0.11397804639258209,-0.9090909090909091,2.303030303030303,1.0
Tyler Wilson,20.09090909090909,77.81818181818181,14.757575757575758,3.272727272727273,0.30303030303030304,1.1818181818181819,2.787878787878788,1.878787878787879,0.030303030303030304,1.303030303030303,2.393939393939394,0.33066378066378066,0.030303030303030304,0.29888167388167386,0.057384047702810324,0.0077096181558656204,0.10704771029891652,-1.0909090909090908,2.303030303030303,0.0
Zane Waterman,6.757575757575758,24.818181818181817,4.090909090909091,2.909090909090909,0.5151515151515151,0.6363636363636364,0.12121212121212122,0.3939393939393939,0.18181818181818182,0.18181818181818182,1.7272727272727273,0.18989898989898987,0.25757575757575757,0.2727272727272727,0.03001242500459944,0.08361347336131862,0.036941080360406345,-0.06060606060606061,2.303030303030303,0.0
