,MP,ORtg,%Ps,Pts,OR,DR,A,TO,Blk,Stl,PF,2Pt %,3Pt %,FT %,2Pt %Att,3Pt %Att,FT %Att,Pnts-Prev,Marg,Maj Cont
Anthony Cowan,28.242424242424242,105.63636363636364,21.0,10.181818181818182,0.8787878787878788,2.909090909090909,3.5757575757575757,2.212121212121212,0.15151515151515152,1.1818181818181819,2.0,0.46129148629148625,0.3585858585858587,0.7624791874791874,0.13330779031210793,0.1065766539199569,0.21397136122474036,-1.7575757575757576,6.151515151515151,1.0
Damonte Dodd,14.696969696969697,77.84848484848484,15.181818181818182,4.818181818181818,2.121212121212121,1.2424242424242424,0.3333333333333333,1.0909090909090908,1.5151515151515151,0.12121212121212122,2.606060606060606,0.4485154576063667,0.0,0.32770562770562767,0.09396800783941872,0.0,0.1039424337975068,1.0909090909090908,6.151515151515151,0.0
Dion Wiley,6.151515151515151,37.303030303030305,6.393939393939394,1.9090909090909092,0.2727272727272727,0.5757575757575758,0.3333333333333333,0.3333333333333333,0.12121212121212122,0.12121212121212122,0.6363636363636364,0.06313131313131312,0.12070707070707071,0.08838383838383838,0.017883467807940992,0.0534614625791018,0.011700446510314304,-0.18181818181818182,6.151515151515151,0.0
Ivan Bender,13.303030303030303,86.96969696969697,12.151515151515152,4.424242424242424,0.9090909090909091,2.090909090909091,0.8484848484848485,0.8787878787878788,0.36363636363636365,0.15151515151515152,2.1818181818181817,0.5514430014430014,0.0,0.30808080808080807,0.07988126484705146,0.0,0.060641251894031786,-0.7272727272727273,6.151515151515151,1.0
Jared Nickens,10.06060606060606,63.06060606060606,8.515151515151516,3.0,0.18181818181818182,0.696969696969697,0.24242424242424243,0.3939393939393939,0.06060606060606061,0.12121212121212122,0.8181818181818182,0.12121212121212122,0.30303030303030304,0.16666666666666666,0.01719426819068926,0.10377075032309895,0.017526725212989036,-0.42424242424242425,6.151515151515151,0.0
Jaylen Brantley,16.454545454545453,81.18181818181819,13.818181818181818,4.848484848484849,0.2727272727272727,1.6666666666666667,0.9696969696969697,0.6363636363636364,0.0,0.5151515151515151,1.2424242424242424,0.23354978354978356,0.2914141414141414,0.23787878787878786,0.05583085487870359,0.10164223401058815,0.044051589070795975,-0.24242424242424243,6.151515151515151,1.0
Justin Jackson,26.757575757575758,98.15151515151516,19.454545454545453,10.090909090909092,1.7575757575757576,4.181818181818182,0.9393939393939394,1.5757575757575757,0.7575757575757576,0.8181818181818182,2.121212121212121,0.3870851370851371,0.3367965367965367,0.4823232323232323,0.14453436518133553,0.13255369482644289,0.12932976906941515,0.0,6.151515151515151,1.0
Kevin Huerter,28.333333333333332,106.72727272727273,15.393939393939394,8.727272727272727,0.6060606060606061,4.212121212121212,2.515151515151515,1.3333333333333333,0.696969696969697,0.9393939393939394,1.696969696969697,0.4820707070707071,0.34506537233809953,0.1893939393939394,0.07639093588978697,0.22826617704172045,0.02792827101081256,0.6060606060606061,6.151515151515151,1.0
LG Gill,12.515151515151516,74.42424242424242,9.93939393939394,3.484848484848485,0.7878787878787878,1.2727272727272727,0.2727272727272727,0.3333333333333333,0.15151515151515152,0.15151515151515152,1.5757575757575757,0.43686868686868685,0.06060606060606061,0.33789821289821287,0.06651565324041028,0.01233418155048249,0.08242283937226695,-0.06060606060606061,6.151515151515151,0.0
Melo Trimble,30.90909090909091,106.3030303030303,27.060606060606062,16.454545454545453,0.24242424242424243,3.303030303030303,3.5757575757575757,2.9393939393939394,0.15151515151515152,1.0303030303030303,1.696969696969697,0.5335814858542133,0.33448067084430727,0.6492625516689691,0.20281516486313395,0.23109181544557805,0.22931417287142655,-3.515151515151515,6.151515151515151,1.0
Michal Cekovsky,6.787878787878788,42.121212121212125,7.909090909090909,3.909090909090909,0.6363636363636364,0.8181818181818182,0.24242424242424243,0.48484848484848486,0.6060606060606061,0.06060606060606061,1.303030303030303,0.31901919629192355,0.0,0.16666666666666666,0.08137519664639105,0.0,0.048868109662670155,0.36363636363636365,6.151515151515151,0.0
