,MP,ORtg,%Ps,Pts,OR,DR,A,TO,Blk,Stl,PF,2Pt %,3Pt %,FT %,2Pt %Att,3Pt %Att,FT %Att,Pnts-Prev,Marg
AJ Harris,26.333333333333332,96.78787878787878,20.03030303030303,9.303030303030303,0.42424242424242425,1.4848484848484849,2.8484848484848486,1.606060606060606,0.30303030303030304,0.8787878787878788,2.0303030303030303,0.5164502164502165,0.2924963924963925,0.296969696969697,0.1301171930752978,0.1735033067631474,0.09547829240458862,-0.8484848484848485,12.121212121212121
Eli Chuha,18.09090909090909,96.51515151515152,22.0,8.151515151515152,1.8484848484848484,2.9393939393939394,0.8787878787878788,1.303030303030303,0.21212121212121213,0.42424242424242425,2.0303030303030303,0.5704545454545454,0.09595959595959595,0.3929292929292929,0.1349303251501578,0.04438818908980886,0.16131095597881379,-1.3333333333333333,12.121212121212121
Gabe Hadley,4.2727272727272725,24.03030303030303,3.0,1.6666666666666667,0.030303030303030304,0.30303030303030304,0.12121212121212122,0.12121212121212122,0.030303030303030304,0.06060606060606061,0.06060606060606061,0.07575757575757576,0.1427128427128427,0.015151515151515152,0.006179196824928803,0.04633917935767011,0.00404040404040404,-0.06060606060606061,12.121212121212121
Jemerrio Jones,27.515151515151516,104.93939393939394,25.09090909090909,11.030303030303031,3.757575757575758,9.424242424242424,3.090909090909091,2.393939393939394,0.5454545454545454,1.0606060606060606,2.212121212121212,0.5680211054542607,0.06313131313131314,0.30227272727272725,0.2135384095232258,0.05710494916538953,0.11663906795045771,-1.5757575757575757,12.121212121212121
Joe Garza,4.696969696969697,27.272727272727273,2.757575757575758,0.9090909090909091,0.0,0.24242424242424243,0.12121212121212122,0.24242424242424243,0.0,0.030303030303030304,0.48484848484848486,0.0,0.09090909090909091,0.07575757575757576,0.0013621059075604532,0.035846877501050416,0.01173901173901174,-0.42424242424242425,12.121212121212121
Johnathon Wilkins,17.424242424242426,121.81818181818181,17.0,6.333333333333333,1.3333333333333333,1.4848484848484849,1.303030303030303,0.9090909090909091,0.6060606060606061,0.15151515151515152,2.303030303030303,0.6427609427609426,0.3005050505050505,0.15555555555555553,0.10080146309354708,0.04813213185923889,0.04506175379807941,-0.30303030303030304,12.121212121212121
Johnny McCants,15.0,103.33333333333333,12.696969696969697,4.121212121212121,1.6363636363636365,2.6363636363636362,0.3939393939393939,0.6666666666666666,0.7272727272727273,0.3939393939393939,1.6666666666666667,0.606854256854257,0.0,0.16414141414141414,0.07992476988753972,0.002904183938666697,0.0632557524700009,0.9090909090909091,12.121212121212121
Keyon Jones,12.151515151515152,79.48484848484848,10.454545454545455,4.454545454545454,0.2727272727272727,1.2121212121212122,0.48484848484848486,0.5757575757575758,0.030303030303030304,0.5757575757575758,1.4545454545454546,0.3055555555555556,0.30656565656565665,0.15151515151515152,0.018298723429852476,0.12168066673799101,0.02628578992215356,0.06060606060606061,12.121212121212121
Leston Gordon,1.121212121212121,0.0,0.0,0.2727272727272727,0.15151515151515152,0.18181818181818182,0.09090909090909091,0.15151515151515152,0.0,0.030303030303030304,0.30303030303030304,0.12121212121212122,0.0,0.015151515151515152,0.0068752615830537924,0.0,0.006818181818181819,-0.24242424242424243,12.121212121212121
Shunn Buchanan,14.424242424242424,66.12121212121212,10.727272727272727,2.090909090909091,0.18181818181818182,1.5757575757575757,1.6363636363636365,0.9696969696969697,0.030303030303030304,0.36363636363636365,1.1515151515151516,0.1338383838383838,0.15707070707070708,0.13257575757575757,0.040507038153198976,0.044381919929146314,0.03826136174337074,-1.1515151515151516,12.121212121212121
Sidy N'Dir,25.96969696969697,103.81818181818181,15.393939393939394,8.0,0.9393939393939394,2.090909090909091,1.4242424242424243,1.3333333333333333,0.48484848484848486,0.6363636363636364,2.0,0.49949494949494955,0.26565656565656565,0.4452020202020202,0.08259527903517044,0.12862765448766567,0.13679872285150393,-0.42424242424242425,12.121212121212121
Zach Lofton,30.242424242424242,110.81818181818181,27.03030303030303,19.21212121212121,1.121212121212121,3.8484848484848486,1.6666666666666667,2.0303030303030303,0.12121212121212122,1.0303030303030303,2.0,0.49564475928112295,0.32928872474327026,0.7098943985307623,0.18487023433646685,0.297090941170225,0.2943107052834338,-1.7575757575757576,12.121212121212121
