,MP,ORtg,%Ps,Pts,OR,DR,A,TO,Blk,Stl,PF,2Pt %,3Pt %,FT %,2Pt %Att,3Pt %Att,FT %Att,Pnts-Prev,Marg
Abdul-Malik Abu,12.3125,62.34375,12.75,4.40625,1.0625,1.71875,0.34375,0.875,0.40625,0.3125,2.15625,0.3895032918470418,0.010416666666666666,0.259375,0.08662452379872826,0.011980220985155195,0.07075067134759637,-0.3125,6.75
Allerik Freeman,34.21875,99.71875,23.1875,15.4375,0.5625,3.5,2.5625,2.4375,0.0,1.21875,1.6875,0.3776537698412699,0.34986133658008656,0.7072612283549784,0.1807846916234709,0.26037081590660177,0.2276584606636649,-2.4375,6.75
Braxton Beverly,30.40625,111.90625,13.875,9.1875,0.5625,1.78125,3.71875,1.15625,0.0,0.9375,2.4375,0.353125,0.37057291666666664,0.2964409722222222,0.06869028676249747,0.2240042363145186,0.0566861128511722,-0.4375,6.75
Darius Hicks,1.0625,10.71875,1.15625,0.53125,0.28125,0.09375,0.03125,0.0,0.0,0.03125,0.09375,0.06145833333333334,0.0,0.046875,0.005568104197714852,0.0,0.004356971153846154,0.0625,6.75
Lavar Batts,12.3125,52.03125,10.40625,3.4375,0.28125,0.875,1.40625,0.5625,0.09375,0.78125,1.34375,0.20416666666666666,0.12083333333333332,0.3362847222222223,0.04447621762573326,0.0706962037243914,0.08322650908522242,0.625,6.75
Lennard Freeman,17.0,108.25,14.4375,7.75,1.5625,2.6875,0.09375,0.71875,0.8125,0.875,1.90625,0.607920725108225,0.0,0.4732886904761905,0.10774119674971043,0.0,0.13688863333174536,1.9375,6.75
Markell Johnson,22.6875,79.6875,17.15625,6.84375,0.46875,2.15625,5.8125,2.59375,0.1875,1.34375,1.8125,0.31328124999999996,0.2984375,0.3623511904761905,0.07984428949409705,0.08607474159910546,0.09410954013246425,-2.125,6.75
Omer Yurtseven,24.125,119.4375,23.6875,13.84375,2.78125,4.09375,0.46875,1.125,1.875,0.5,2.9375,0.5993906267343767,0.23229166666666667,0.3982514880952381,0.21651183755591788,0.06463230851303699,0.131314776220664,2.5,6.75
Sam Hunt,15.96875,97.90625,8.4375,5.6875,0.09375,0.75,0.28125,0.3125,0.0,0.4375,1.15625,0.140625,0.33761160714285715,0.265625,0.00988805901215937,0.1725293226530816,0.025518189539329245,0.25,6.75
Shaun Kirk,1.71875,9.09375,1.46875,0.34375,0.125,0.3125,0.09375,0.0625,0.03125,0.0625,0.1875,0.041666666666666664,0.0,0.015625,0.008263918458590588,0.0040465747702589806,0.0036764705882352936,0.0625,6.75
Torin Dorn,28.59375,112.59375,22.0625,13.75,2.375,3.75,1.34375,2.0,0.40625,1.0,2.34375,0.5919112137862137,0.23660714285714285,0.6116443452380952,0.19160687472137988,0.10566557553385005,0.1658136650860598,-1.1875,6.75
