,MP,ORtg,%Ps,Pts,OR,DR,A,TO,Blk,Stl,PF,2Pt %,3Pt %,FT %,2Pt %Att,3Pt %Att,FT %Att,Pnts-Prev,Marg,Maj Cont
Anthony Silvestri,7.0588235294117645,37.64705882352941,5.352941176470588,2.1470588235294117,0.23529411764705882,0.5588235294117647,0.058823529411764705,0.08823529411764706,0.029411764705882353,0.14705882352941177,1.3235294117647058,0.11764705882352941,0.19845938375350142,0.024509803921568624,0.0035206182265005797,0.0958747569081804,0.006510113926993723,0.17647058823529413,-0.20588235294117646,0.0
Brian Bennett,17.794117647058822,91.05882352941177,18.176470588235293,5.764705882352941,1.0,2.0,0.5588235294117647,0.7941176470588235,0.14705882352941177,0.3235294117647059,1.9705882352941178,0.4576330532212885,0.0,0.3622549019607843,0.15114561111308117,0.0022624434389140274,0.06651587100251119,-0.6470588235294118,-0.20588235294117646,1.0
Chris Eversley,29.294117647058822,96.47058823529412,24.529411764705884,12.764705882352942,2.0,4.676470588235294,1.588235294117647,1.2647058823529411,0.38235294117647056,1.2647058823529411,2.0,0.403491851285969,0.24919467787114846,0.48459383753501395,0.21566136454724794,0.21143154998167135,0.18330428845223806,0.7647058823529411,-0.20588235294117646,1.0
David Nwaba,22.558823529411764,107.20588235294117,25.323529411764707,11.176470588235293,1.7941176470588236,2.7941176470588234,1.088235294117647,1.2352941176470589,0.5294117647058824,0.7941176470588235,1.7647058823529411,0.5156113494348787,0.0,0.6072097020626434,0.21185601765820147,0.0,0.2760726385155292,0.17647058823529413,-0.20588235294117646,1.0
Jamal Johnson,21.735294117647058,90.73529411764706,14.558823529411764,4.323529411764706,0.4117647058823529,1.6764705882352942,2.6470588235294117,1.0588235294117647,0.058823529411764705,0.7941176470588235,1.6764705882352942,0.27300420168067224,0.2303921568627451,0.39950980392156865,0.07004209685661487,0.07306091946887557,0.10407354660242785,-0.4117647058823529,-0.20588235294117646,1.0
Joel Awich,15.411764705882353,76.55882352941177,10.647058823529411,3.764705882352941,0.9705882352941176,1.4705882352941178,0.23529411764705882,0.5882352941176471,0.9117647058823529,0.29411764705882354,1.7941176470588236,0.40336134453781514,0.09313725490196079,0.33088235294117646,0.06955369455578678,0.03921269206575259,0.05817353563141136,1.2352941176470589,-0.20588235294117646,1.0
Kyle Odister,19.058823529411764,82.05882352941177,14.441176470588236,7.088235294117647,0.29411764705882354,1.411764705882353,1.1470588235294117,0.5,0.029411764705882353,0.7058823529411765,1.4411764705882353,0.2647058823529412,0.2865938799762329,0.19117647058823528,0.05788131435854051,0.2368214562256457,0.03253000341754271,0.47058823529411764,-0.20588235294117646,1.0
Maliik Love,15.264705882352942,76.23529411764706,15.705882352941176,3.1470588235294117,0.7352941176470589,1.0588235294117647,1.4705882352941178,0.9117647058823529,0.11764705882352941,0.35294117647058826,1.2058823529411764,0.25931372549019605,0.053921568627450976,0.3127450980392157,0.07466334342949815,0.017613941647340176,0.08828905757075767,-0.8823529411764706,-0.20588235294117646,1.0
Michael Bolden,9.941176470588236,50.23529411764706,6.235294117647059,1.9705882352941178,0.4411764705882353,0.6176470588235294,0.38235294117647056,0.23529411764705882,0.11764705882352941,0.14705882352941177,0.6764705882352942,0.11274509803921567,0.19999999999999996,0.024509803921568624,0.017357513775092436,0.07445174736372649,0.004481792717086835,0.058823529411764705,-0.20588235294117646,0.0
Reese Morgan,1.1764705882352942,1.7352941176470589,0.7058823529411765,0.38235294117647056,0.058823529411764705,0.029411764705882353,0.029411764705882353,0.058823529411764705,0.0,0.058823529411764705,0.23529411764705882,0.029411764705882353,0.0058823529411764705,0.058823529411764705,0.0015009879920960631,0.022209019354348075,0.01117081447963801,0.0,-0.20588235294117646,1.0
Ridge Shipley,13.941176470588236,79.26470588235294,12.676470588235293,3.823529411764706,0.17647058823529413,0.4117647058823529,1.6470588235294117,0.6470588235294118,0.0,0.23529411764705882,1.1470588235294117,0.21078431372549014,0.2563725490196079,0.2882352941176471,0.0307881034791496,0.10443118464204482,0.0582134103999429,-0.8235294117647058,-0.20588235294117646,1.0
Taylor Sutlive,5.205882352941177,28.558823529411764,4.117647058823529,1.9411764705882353,0.058823529411764705,0.47058823529411764,0.11764705882352941,0.17647058823529413,0.0,0.058823529411764705,0.4411764705882353,0.08823529411764706,0.20931372549019606,0.029411764705882353,0.005134485584312573,0.06380675949173603,0.004010695187165775,-0.23529411764705882,-0.20588235294117646,0.0
Zach Gordon,9.323529411764707,28.441176470588236,6.411764705882353,1.2058823529411764,0.6176470588235294,1.4411764705882353,0.029411764705882353,0.5882352941176471,0.2647058823529412,0.3235294117647059,1.411764705882353,0.1299019607843137,0.0,0.20882352941176469,0.032071319012113145,0.0,0.047830702684989936,0.0,-0.20588235294117646,1.0
