,MP,ORtg,%Ps,Pts,OR,DR,A,TO,Blk,Stl,PF,2Pt %,3Pt %,FT %,2Pt %Att,3Pt %Att,FT %Att,Pnts-Prev,Marg,Maj Cont
Chane Behanan,21.825,85.875,18.675,8.2,2.4,3.025,0.925,1.375,0.375,1.2,1.375,0.42673472360972353,0.0125,0.4028075396825397,0.1580651537468182,0.01736109682800859,0.14702572144163648,0.4,13.25,1.0
Gorgui Dieng,21.375,77.45,13.5,6.775,2.475,4.175,1.4,1.2,1.7,0.9,1.625,0.33052849927849925,0.0,0.42124999999999996,0.13087806536830954,0.0,0.11585986306980264,2.8,13.25,1.0
Kevin Ware,13.775,71.375,12.175,3.6,0.325,1.175,0.65,0.925,0.1,0.9,1.375,0.31875000000000003,0.2225,0.3145833333333333,0.05225034205220893,0.051835889592401777,0.053019876829272436,0.15,13.25,0.0
Luke Hancock,18.925,99.225,14.425,6.375,0.65,1.725,1.15,0.9,0.025,0.85,1.625,0.3180357142857143,0.3077716727716727,0.384375,0.03518526800347575,0.19975964939068686,0.0726953612410616,-0.05,13.25,1.0
Montrezl Harrell,14.025,87.85,13.675,4.825,1.375,1.8,0.15,0.525,0.625,0.475,1.1,0.4484119352869354,0.0,0.20625,0.09456198481332305,0.0,0.05771374826974614,1.15,13.25,1.0
Peyton Siva,26.675,90.825,18.1,8.5,0.275,1.65,5.0,2.325,0.125,1.9,2.275,0.3602373321123321,0.2282242063492063,0.4083333333333333,0.09943305676322181,0.17585683173403024,0.08062859550438958,-0.6,13.25,1.0
Russ Smith,25.45,96.125,27.7,15.35,0.95,2.1,2.575,2.25,0.025,1.7,2.1,0.37426364205969465,0.2471764346764347,0.6507709998334998,0.19508314068305743,0.21981199026420833,0.24932688091941121,-1.05,13.25,1.0
Stephan Van Treese,8.675,51.175,3.525,1.4,1.275,1.175,0.225,0.275,0.25,0.35,0.875,0.28,0.0,0.1375,0.021089153635872455,0.0,0.01444206480496803,0.65,13.25,0.0
Wayne Blackshear,16.8,89.8,16.075,6.575,0.475,2.175,0.575,0.55,0.225,0.675,2.0,0.39065476190476184,0.22125,0.30625,0.06345383493371289,0.18537454219066413,0.059287887919711936,0.7,13.25,1.0
