,MP,ORtg,%Ps,Pts,OR,DR,A,TO,Blk,Stl,PF,2Pt %,3Pt %,FT %,2Pt %Att,3Pt %Att,FT %Att,Pnts-Prev,Marg,Maj Cont
Allen Crabbe,34.03030303030303,107.72727272727273,24.96969696969697,17.575757575757574,0.9393939393939394,4.7272727272727275,2.4545454545454546,2.242424242424242,0.6666666666666666,1.0606060606060606,1.878787878787879,0.5004394595303686,0.3144387598933054,0.6962241462241462,0.18853785614323904,0.42008765397802833,0.2612003393219971,-1.0303030303030303,2.9696969696969697,1.0
Brandon Smith,13.454545454545455,64.27272727272727,10.242424242424242,2.0,0.3939393939393939,0.6363636363636364,1.4848484848484849,0.9090909090909091,0.0,0.5151515151515151,1.4242424242424243,0.20454545454545456,0.12626262626262624,0.1338383838383838,0.02962108900668274,0.061059414936420274,0.032212030393848574,-0.7878787878787878,2.9696969696969697,0.0
David Kravish,28.90909090909091,104.06060606060606,14.393939393939394,7.606060606060606,1.9393939393939394,4.545454545454546,0.8484848484848485,0.8787878787878788,1.5757575757575757,0.6666666666666666,2.272727272727273,0.47933034978489514,0.0,0.3712121212121212,0.15966514614983088,0.002331002331002331,0.06415152929858814,2.727272727272727,2.9696969696969697,1.0
Jeff Powers,4.03030303030303,26.333333333333332,1.878787878787879,0.8484848484848485,0.12121212121212122,0.09090909090909091,0.15151515151515152,0.15151515151515152,0.0,0.030303030303030304,0.2727272727272727,0.0808080808080808,0.101010101010101,0.030303030303030304,0.005552442878119662,0.03653563954366093,0.0024242424242424242,-0.24242424242424243,2.9696969696969697,0.0
Justin Cobbs,33.515151515151516,103.18181818181819,23.87878787878788,14.515151515151516,0.3333333333333333,2.9393939393939394,4.484848484848484,2.757575757575758,0.18181818181818182,1.0606060606060606,1.6666666666666667,0.4700680484102945,0.2084175084175084,0.7109945609945609,0.20464154274871657,0.15890776385428795,0.24389924345806702,-3.0303030303030303,2.9696969696969697,1.0
Richard Solomon,23.363636363636363,91.15151515151516,20.454545454545453,7.878787878787879,2.0,4.212121212121212,0.5454545454545454,1.5757575757575757,1.0909090909090908,0.6363636363636364,3.0,0.4417859917859919,0.09090909090909091,0.47211399711399715,0.14945587927330772,0.02504677932485419,0.16651261542972773,0.30303030303030304,2.9696969696969697,1.0
Ricky Kreklow,3.5757575757575757,19.333333333333332,3.0606060606060606,0.8484848484848485,0.15151515151515152,0.36363636363636365,0.42424242424242425,0.18181818181818182,0.06060606060606061,0.12121212121212122,0.45454545454545453,0.030303030303030304,0.05303030303030303,0.0393939393939394,0.006644831682089505,0.03083778966131907,0.016783216783216783,0.0,2.9696969696969697,1.0
Robert Thurman,15.757575757575758,88.72727272727273,15.090909090909092,4.242424242424242,1.5757575757575757,1.8181818181818181,0.3333333333333333,0.9393939393939394,0.3333333333333333,0.36363636363636365,1.303030303030303,0.4933097205824479,0.0,0.12121212121212122,0.08469562212829991,0.0,0.03663170163170163,-0.48484848484848486,2.9696969696969697,1.0
Tyrone Wallace,26.424242424242426,84.45454545454545,18.393939393939394,6.7272727272727275,1.1515151515151516,3.121212121212121,2.4545454545454546,1.6363636363636365,0.48484848484848486,0.7878787878787878,2.212121212121212,0.4056364510909965,0.15418470418470415,0.28154925882198606,0.11057952938365342,0.2045878957643663,0.11557902065255005,-0.7272727272727273,2.9696969696969697,1.0
